21 2 1.8626419592629413 0.388882393442197
22 38 1.8306104706098092 0.388882393442197
28 3 1.854337754620402 0.388882393442197
13 25 2.341681953932289 0.388882393442197
29 48 0.5181550542899771 0.388882393442197
18 47 1.43466256811839 0.388882393442197
12 32 0.5181550542899771 0.388882393442197
47 13 2.5748369820240136 0.388882393442197
40 13 0.4518638216531903 0.388882393442197
7 41 2.341681953932289 0.388882393442197
29 18 0.5181550542899771 0.388882393442197
0 1 1.12004327145063 0.388882393442197
17 16 2.5748369820240136 0.388882393442197
10 44 0.41428093117618064 0.388882393442197
45 44 1.12004327145063 0.388882393442197
0 19 1.43466256811839 0.388882393442197
6 33 1.854337754620402 0.388882393442197
4 42 2.0225341231546787 0.388882393442197
8 28 2.341681953932289 0.388882393442197
16 47 0.4202676150502107 0.388882393442197
47 28 1.12004327145063 0.388882393442197
30 37 1.12004327145063 0.388882393442197
2 22 1.12004327145063 0.388882393442197
44 44 0.6606851953374364 0.388882393442197
44 49 1.12004327145063 0.388882393442197
23 0 2.5748369820240136 0.388882393442197
21 31 0.4518638216531903 0.388882393442197
49 41 0.41428093117618064 0.388882393442197
29 10 1.12004327145063 0.388882393442197
24 42 1.5204824599919975 0.388882393442197
49 45 2.0225341231546787 0.388882393442197
41 16 1.43466256811839 0.388882393442197
45 34 0.5181550542899771 0.388882393442197
29 4 0.6606851953374364 0.388882393442197
20 39 2.0225341231546787 0.388882393442197
43 29 0.7535492018748607 0.388882393442197
34 46 2.0225341231546787 0.388882393442197
20 45 2.0225341231546787 0.388882393442197
18 16 1.43466256811839 0.388882393442197
17 41 1.0456301932360759 0.388882393442197
43 33 1.12004327145063 0.388882393442197
36 39 0.41428093117618064 0.388882393442197
11 29 0.6606851953374364 0.388882393442197
47 33 2.341681953932289 0.388882393442197
17 28 0.31961585322723474 0.388882393442197
6 0 1.0456301932360759 0.388882393442197
5 44 2.341681953932289 0.388882393442197
12 44 0.4202676150502107 0.388882393442197
6 27 1.5204824599919975 0.388882393442197
26 37 0.41428093117618064 0.388882393442197
7 49 1.5204824599919975 0.388882393442197
14 2 0.4518638216531903 0.388882393442197
40 18 1.0456301932360759 0.388882393442197
25 14 1.0456301932360759 0.388882393442197
5 45 0.5181550542899771 0.388882393442197
43 47 1.5204824599919975 0.388882393442197
40 14 2.5748369820240136 0.388882393442197
25 7 0.41543918407500113 0.388882393442197
7 45 0.5181550542899771 0.388882393442197
45 20 2.0225341231546787 0.388882393442197
32 2 2.5748369820240136 0.388882393442197
38 5 0.41428093117618064 0.388882393442197
40 6 0.31961585322723474 0.388882393442197
18 1 0.7535492018748607 0.388882393442197
5 37 0.6606851953374364 0.388882393442197
9 1 0.7535492018748607 0.388882393442197
1 23 1.8306104706098092 0.388882393442197
22 20 1.43466256811839 0.388882393442197
0 22 1.5204824599919975 0.388882393442197
48 8 2.341681953932289 0.388882393442197
6 15 0.31961585322723474 0.388882393442197
10 28 1.5204824599919975 0.388882393442197
39 23 2.5748369820240136 0.388882393442197
34 5 0.7535492018748607 0.388882393442197
35 13 0.5181550542899771 0.388882393442197
