3 10 1.045630193236076 1
1 9 2.574836982024013 1
18 18 1.045630193236076 1
35 23 2.341681953932289 1
23 31 0.31961585322723524 1
18 6 0.4202676150502109 1
4 39 1.8626419592629413 1
14 7 0.31961585322723524 1
25 1 0.6606851953374354 1
2 9 0.31961585322723524 1
29 33 0.4142809311761813 1
6 22 1.1200432714506303 1
11 3 1.8306104706098087 1
26 20 1.1200432714506303 1
7 20 0.4518638216531902 1
20 21 1.8543377546204012 1
20 8 0.4518638216531902 1
32 1 2.02253412315468 1
24 33 0.6606851953374354 1
17 17 1.8543377546204012 1
19 36 1.8626419592629413 1
7 25 0.5181550542899774 1
32 38 0.4518638216531902 1
19 7 1.1200432714506303 1
15 12 1.045630193236076 1
7 9 2.02253412315468 1
2 7 1.5204824599919968 1
22 30 2.02253412315468 1
3 15 0.31961585322723524 1
26 17 0.7535492018748609 1
38 13 2.02253412315468 1
34 27 0.6606851953374354 1
35 39 1.8626419592629413 1
15 37 0.6606851953374354 1
37 33 1.045630193236076 1
23 3 1.8306104706098087 1
6 4 1.4346625681183898 1
13 33 0.5181550542899774 1
23 23 0.6606851953374354 1
38 10 1.8543377546204012 1
9 30 0.4142809311761813 1
29 6 1.8543377546204012 1
29 10 2.02253412315468 1
33 25 1.8306104706098087 1
25 29 1.8543377546204012 1
0 9 0.5181550542899774 1
38 34 0.4202676150502109 1
16 14 0.6606851953374354 1
21 2 0.6606851953374354 1
26 29 1.8543377546204012 1
32 33 0.6606851953374354 1
16 0 0.4142809311761813 1
16 36 1.8306104706098087 1
39 15 0.4518638216531902 1
21 31 0.7535492018748609 1
38 18 0.4154391840750011 1
22 29 1.1200432714506303 1
15 30 1.4346625681183898 1
9 12 2.341681953932289 1
26 8 1.045630193236076 1
0 31 1.8626419592629413 1
18 27 0.7535492018748609 1
6 34 2.02253412315468 1
7 34 1.8626419592629413 1
32 35 1.4346625681183898 1
4 15 0.5181550542899774 1
39 16 0.4142809311761813 1
7 10 0.31961585322723524 1
11 7 0.4202676150502109 1
35 20 1.8626419592629413 1
21 29 1.5204824599919968 1
19 31 0.4142809311761813 1
21 22 0.5181550542899774 1
30 6 2.574836982024013 1
32 18 2.574836982024013 1
0 26 0.4518638216531902 1
13 11 1.8306104706098087 1
22 37 2.02253412315468 1
12 0 0.4142809311761813 1
25 13 1.5204824599919968 1
21 36 2.02253412315468 1
19 17 0.7535492018748609 1
13 6 1.8543377546204012 1
22 25 1.045630193236076 1
31 1 0.31961585322723524 1
8 23 0.7535492018748609 1
23 2 0.6606851953374354 1
4 26 1.5204824599919968 1
39 28 2.574836982024013 1
6 18 1.1200432714506303 1
6 24 2.574836982024013 1
14 35 1.8626419592629413 1
7 21 1.1200432714506303 1
16 37 0.31961585322723524 1
1 8 1.1200432714506303 1
0 3 2.02253412315468 1
12 39 0.31961585322723524 1
28 20 1.045630193236076 1
32 26 2.341681953932289 1
25 4 0.31961585322723524 1
