34 9 0.9153052353049044 1
4 6 1.4346625681183898 1
13 4 0.4154391840750011 1
26 4 0.9313209796314706 1
16 18 1.045630193236076 1
38 11 0.5181550542899774 1
25 19 0.6606851953374354 1
38 12 1.01126706157734 1
27 5 0.6606851953374354 1
27 1 1.045630193236076 1
10 29 1.4346625681183898 1
23 20 0.4518638216531902 1
25 21 1.01126706157734 1
38 13 1.2874184910120066 1
5 11 0.4154391840750011 1
30 39 0.31961585322723524 1
6 31 0.9313209796314706 1
35 30 0.9271688773102006 1
20 20 1.1200432714506303 1
31 1 1.2874184910120066 1
13 22 0.7602412299959984 1
24 38 0.6606851953374354 1
17 8 0.7535492018748609 1
0 22 1.01126706157734 1
27 16 1.045630193236076 1
23 17 1.1708409769661445 1
33 38 0.4202676150502109 1
30 22 0.6606851953374354 1
25 17 1.1200432714506303 1
19 24 0.4518638216531902 1
12 10 1.01126706157734 1
35 31 1.4346625681183898 1
37 16 0.31961585322723524 1
20 27 0.4518638216531902 1
4 31 0.5181550542899774 1
12 22 0.5181550542899774 1
15 21 1.045630193236076 1
35 5 0.31961585322723524 1
26 0 0.7602412299959984 1
23 12 0.9153052353049044 1
32 25 1.01126706157734 1
2 29 1.01126706157734 1
36 16 0.4142809311761813 1
32 19 0.9153052353049044 1
10 33 1.1200432714506303 1
18 0 0.7602412299959984 1
20 38 1.01126706157734 1
25 1 1.1200432714506303 1
39 34 1.01126706157734 1
18 27 1.2874184910120066 1
39 19 1.01126706157734 1
35 38 0.4154391840750011 1
38 35 0.4142809311761813 1
31 13 0.9271688773102006 1
33 15 0.7535492018748609 1
18 38 0.7602412299959984 1
20 34 0.4518638216531902 1
14 0 0.9271688773102006 1
35 3 0.4154391840750011 1
17 5 0.9271688773102006 1
37 12 1.1708409769661445 1
4 38 0.4202676150502109 1
3 1 0.4202676150502109 1
29 30 0.4154391840750011 1
7 18 1.045630193236076 1
28 4 0.5181550542899774 1
30 4 0.7535492018748609 1
10 39 0.9271688773102006 1
0 3 0.9271688773102006 1
37 4 0.4142809311761813 1
22 6 0.7602412299959984 1
11 34 0.9313209796314706 1
30 18 0.9313209796314706 1
2 18 0.4518638216531902 1
37 15 1.01126706157734 1
31 12 0.4202676150502109 1
15 31 1.045630193236076 1
1 5 0.4202676150502109 1
14 2 0.9313209796314706 1
33 11 0.9313209796314706 1
14 10 1.01126706157734 1
26 34 1.1200432714506303 1
19 39 0.5181550542899774 1
18 17 0.4202676150502109 1
23 37 1.1708409769661445 1
10 1 0.7535492018748609 1
38 24 0.4518638216531902 1
20 30 0.4202676150502109 1
1 13 1.01126706157734 1
19 9 1.045630193236076 1
32 30 0.6606851953374354 1
24 20 0.7602412299959984 1
17 21 0.4142809311761813 1
35 28 0.31961585322723524 1
15 11 0.4518638216531902 1
20 25 0.31961585322723524 1
17 32 0.31961585322723524 1
14 36 0.5181550542899774 1
12 29 0.6606851953374354 1
3 8 0.9313209796314706 1
5 35 1.2874184910120066 1
34 23 0.4202676150502109 1
32 23 0.6606851953374354 1
9 6 0.4142809311761813 1
36 31 1.2874184910120066 1
21 22 1.4346625681183898 1
34 6 0.9271688773102006 1
6 7 0.4518638216531902 1
24 35 1.2874184910120066 1
6 34 1.4346625681183898 1
20 29 0.9271688773102006 1
31 28 0.9153052353049044 1
24 26 0.4202676150502109 1
20 39 1.1708409769661445 1
11 31 0.6606851953374354 1
6 18 0.9153052353049044 1
28 3 0.9153052353049044 1
23 14 0.9271688773102006 1
31 35 1.4346625681183898 1
15 16 0.9271688773102006 1
10 3 0.9271688773102006 1
37 17 0.6606851953374354 1
32 39 0.7535492018748609 1
24 2 0.4142809311761813 1
2 19 0.9271688773102006 1
10 18 0.5181550542899774 1
30 1 0.9153052353049044 1
14 18 0.4142809311761813 1
39 22 1.4346625681183898 1
31 5 0.7602412299959984 1
35 2 0.4518638216531902 1
39 23 0.9313209796314706 1
18 12 0.4154391840750011 1
23 36 0.9313209796314706 1
5 22 0.9271688773102006 1
19 7 0.4142809311761813 1
21 28 0.9271688773102006 1
20 28 0.4154391840750011 1
5 3 1.2874184910120066 1
8 21 1.045630193236076 1
27 19 0.4202676150502109 1
37 34 0.4518638216531902 1
9 23 0.7535492018748609 1
31 33 1.2874184910120066 1
5 36 0.5181550542899774 1
39 1 0.4142809311761813 1
2 31 0.7535492018748609 1
14 30 0.31961585322723524 1
21 25 0.4518638216531902 1
29 11 1.1200432714506303 1
35 13 0.9313209796314706 1
3 34 0.9271688773102006 1
38 34 1.4346625681183898 1
4 15 1.1708409769661445 1
24 22 0.6606851953374354 1
20 5 0.7535492018748609 1
23 8 0.4142809311761813 1
22 26 1.2874184910120066 1
39 35 1.4346625681183898 1
3 36 1.4346625681183898 1
4 5 1.4346625681183898 1
27 3 0.9153052353049044 1
11 0 0.5181550542899774 1
17 12 1.01126706157734 1
23 39 0.31961585322723524 1
36 12 0.9271688773102006 1
15 24 1.1708409769661445 1
0 35 0.9271688773102006 1
36 17 1.1708409769661445 1
3 33 1.1200432714506303 1
6 28 0.5181550542899774 1
16 4 0.9271688773102006 1
36 7 0.31961585322723524 1
24 32 0.9271688773102006 1
16 12 0.7602412299959984 1
29 33 0.4142809311761813 1
38 6 1.1708409769661445 1
8 13 0.9271688773102006 1
39 37 0.7535492018748609 1
36 19 0.7602412299959984 1
33 21 0.9153052353049044 1
13 38 1.01126706157734 1
12 1 0.4142809311761813 1
27 22 0.4142809311761813 1
5 29 0.4154391840750011 1
18 19 1.1708409769661445 1
20 1 0.9153052353049044 1
31 21 0.4154391840750011 1
16 38 0.9153052353049044 1
18 4 0.4518638216531902 1
3 12 0.4142809311761813 1
26 31 0.6606851953374354 1
5 15 0.7602412299959984 1
9 26 0.7602412299959984 1
12 37 1.045630193236076 1
12 26 0.7535492018748609 1
19 27 0.9271688773102006 1
30 27 0.9271688773102006 1
23 32 0.9313209796314706 1
11 21 0.7535492018748609 1
24 10 1.1200432714506303 1
33 19 0.9271688773102006 1
2 22 0.7602412299959984 1
19 6 0.6606851953374354 1
17 29 0.9271688773102006 1
22 5 0.6606851953374354 1
23 6 0.9153052353049044 1
1 2 0.31961585322723524 1
16 8 1.2874184910120066 1
15 30 1.2874184910120066 1
37 5 1.045630193236076 1
22 22 0.9153052353049044 1
3 9 0.4154391840750011 1
19 5 1.2874184910120066 1
30 24 1.1708409769661445 1
34 38 0.4518638216531902 1
4 3 1.045630193236076 1
15 7 0.5181550542899774 1
23 1 0.7602412299959984 1
36 11 0.4142809311761813 1
22 3 0.9313209796314706 1
3 38 0.6606851953374354 1
20 31 0.9313209796314706 1
37 8 0.7602412299959984 1
26 17 0.9271688773102006 1
28 35 0.6606851953374354 1
11 7 0.4518638216531902 1
37 2 0.4518638216531902 1
31 19 0.4518638216531902 1
34 36 1.2874184910120066 1
37 19 0.31961585322723524 1
7 36 0.4142809311761813 1
34 22 0.9271688773102006 1
1 36 0.7602412299959984 1
3 7 0.4202676150502109 1
12 28 1.1708409769661445 1
30 5 1.1200432714506303 1
37 7 1.4346625681183898 1
17 34 0.6606851953374354 1
3 3 0.7602412299959984 1
17 13 1.045630193236076 1
17 1 1.2874184910120066 1
1 23 0.4154391840750011 1
16 21 0.9153052353049044 1
19 31 0.31961585322723524 1
32 6 1.01126706157734 1
26 24 1.2874184910120066 1
16 37 0.7535492018748609 1
3 39 0.4142809311761813 1
38 19 0.9153052353049044 1
8 17 1.1708409769661445 1
25 4 0.4142809311761813 1
5 33 0.9271688773102006 1
12 9 0.5181550542899774 1
35 16 0.4154391840750011 1
6 1 1.4346625681183898 1
11 20 0.4154391840750011 1
27 37 0.6606851953374354 1
34 32 1.1708409769661445 1
35 7 1.2874184910120066 1
2 17 1.1200432714506303 1
14 23 1.2874184910120066 1
3 21 0.9153052353049044 1
6 10 0.4202676150502109 1
15 13 0.4142809311761813 1
21 21 0.9271688773102006 1
6 30 0.4202676150502109 1
19 2 0.4518638216531902 1
28 12 0.9313209796314706 1
26 13 0.6606851953374354 1
6 0 1.1200432714506303 1
1 9 1.2874184910120066 1
22 12 0.4518638216531902 1
38 29 0.4154391840750011 1
8 23 1.1200432714506303 1
39 29 0.31961585322723524 1
35 29 0.7535492018748609 1
18 3 0.5181550542899774 1
15 3 0.4142809311761813 1
28 14 0.4142809311761813 1
3 16 0.4202676150502109 1
17 25 0.7602412299959984 1
5 30 0.31961585322723524 1
26 27 1.1708409769661445 1
0 38 0.4154391840750011 1
29 36 1.2874184910120066 1
10 20 0.9271688773102006 1
9 2 0.7602412299959984 1
8 22 1.045630193236076 1
36 3 0.9271688773102006 1
32 27 0.6606851953374354 1
37 25 1.4346625681183898 1
1 31 0.7602412299959984 1
7 21 0.7535492018748609 1
11 10 1.1708409769661445 1
7 17 0.4142809311761813 1
29 39 1.4346625681183898 1
14 16 0.7602412299959984 1
14 38 0.4154391840750011 1
25 25 0.5181550542899774 1
