-4.015349961917991095e-03
2.216054003989631482e-01
-2.505994373429010214e-01
-4.130035255346817813e-01
2.250078037801228614e-01
7.246314372737161502e-02
3.431460438797506729e-01
-6.286916322449525030e-01
-3.774516055620118493e-01
-5.535884748010653222e-01
3.346101297752493986e-01
-4.713951824206830121e-02
-5.286352180786058064e-01
-4.720041518924344981e-01
-2.358694616748504558e-01
-1.124175432881175940e-01
5.590312340831125049e-01
1.808450988938291593e-01
2.004207550684922179e-01
2.248942992719838996e-01
1.392609332202310313e-02
1.467072451142386047e-01
-7.925507480727311815e-02
-9.236110690400534118e-02
-4.132347012168391398e-02
-4.926096925333754983e-01
-4.184165555946361970e-02
4.886338777319787496e-01
-3.266106884566724045e-01
-4.779631248080296047e-01
-3.971223668638289572e-01
-2.595639278221795188e-02
1.234055783819723029e-01
1.635146895540101064e-01
-2.344346477931964490e-01
1.938060360582163355e-01
8.949010215623842690e-02
-3.363047887672265812e-02
5.155278545322230510e-01
-5.780180259842815360e-02
4.155383815474786857e-01
2.519459800043523101e-01
1.037868542228764790e-01
-1.542073573495201799e-01
-3.743503447576179699e-03
-9.426722898806838558e-02
-1.051519016203192880e-01
-4.943900465643114028e-02
-1.970865090467266434e-01
-1.439560932351078293e-01
