1.000000000000000000e+00
1.414213562373095145e+00
1.414213562373095145e+00
2.000000000000000000e+00
2.000000000000000000e+00
2.236067977499789805e+00
2.236067977499789805e+00
3.162277660168379523e+00
5.830951894845300743e+00
0.000000000000000000e+00
1.000000000000000000e+00
1.000000000000000000e+00
2.000000000000000000e+00
2.000000000000000000e+00
2.236067977499789805e+00
2.828427124746190291e+00
0.000000000000000000e+00
0.000000000000000000e+00
1.414213562373095145e+00
2.000000000000000000e+00
2.000000000000000000e+00
3.000000000000000000e+00
3.000000000000000000e+00
3.162277660168379523e+00
3.162277660168379523e+00
1.000000000000000000e+00
1.414213562373095145e+00
1.414213562373095145e+00
2.000000000000000000e+00
2.000000000000000000e+00
2.236067977499789805e+00
2.236067977499789805e+00
2.236067977499789805e+00
3.000000000000000000e+00
3.000000000000000000e+00
0.000000000000000000e+00
1.000000000000000000e+00
1.414213562373095145e+00
2.000000000000000000e+00
2.236067977499789805e+00
2.236067977499789805e+00
3.000000000000000000e+00
3.162277660168379523e+00
3.605551275463989125e+00
6.082762530298219339e+00
0.000000000000000000e+00
1.000000000000000000e+00
1.000000000000000000e+00
1.000000000000000000e+00
1.414213562373095145e+00
2.236067977499789805e+00
3.000000000000000000e+00
3.162277660168379523e+00
0.000000000000000000e+00
0.000000000000000000e+00
1.000000000000000000e+00
1.000000000000000000e+00
1.000000000000000000e+00
1.414213562373095145e+00
1.414213562373095145e+00
1.414213562373095145e+00
2.828427124746190291e+00
0.000000000000000000e+00
1.414213562373095145e+00
2.000000000000000000e+00
2.000000000000000000e+00
2.236067977499789805e+00
2.236067977499789805e+00
3.000000000000000000e+00
3.605551275463989125e+00
0.000000000000000000e+00
1.414213562373095145e+00
1.414213562373095145e+00
1.414213562373095145e+00
1.414213562373095145e+00
2.000000000000000000e+00
2.236067977499789805e+00
2.236067977499789805e+00
2.828427124746190291e+00
3.000000000000000000e+00
0.000000000000000000e+00
0.000000000000000000e+00
0.000000000000000000e+00
1.000000000000000000e+00
1.000000000000000000e+00
1.000000000000000000e+00
1.414213562373095145e+00
2.000000000000000000e+00
2.000000000000000000e+00
3.000000000000000000e+00
0.000000000000000000e+00
1.000000000000000000e+00
1.000000000000000000e+00
1.000000000000000000e+00
1.000000000000000000e+00
1.414213562373095145e+00
1.414213562373095145e+00
2.000000000000000000e+00
2.000000000000000000e+00
1.000000000000000000e+00
1.000000000000000000e+00
1.000000000000000000e+00
1.000000000000000000e+00
1.414213562373095145e+00
1.414213562373095145e+00
2.236067977499789805e+00
2.236067977499789805e+00
2.236067977499789805e+00
1.000000000000000000e+00
1.000000000000000000e+00
2.000000000000000000e+00
2.236067977499789805e+00
3.000000000000000000e+00
3.162277660168379523e+00
3.605551275463989125e+00
4.123105625617660586e+00
5.000000000000000000e+00
5.099019513592784492e+00
1.000000000000000000e+00
1.414213562373095145e+00
2.000000000000000000e+00
2.000000000000000000e+00
2.236067977499789805e+00
2.236067977499789805e+00
2.828427124746190291e+00
1.000000000000000000e+00
1.000000000000000000e+00
1.000000000000000000e+00
1.414213562373095145e+00
2.000000000000000000e+00
2.236067977499789805e+00
2.828427124746190291e+00
0.000000000000000000e+00
1.000000000000000000e+00
1.000000000000000000e+00
1.000000000000000000e+00
1.414213562373095145e+00
2.000000000000000000e+00
2.000000000000000000e+00
2.236067977499789805e+00
3.162277660168379523e+00
0.000000000000000000e+00
1.414213562373095145e+00
1.414213562373095145e+00
2.000000000000000000e+00
2.000000000000000000e+00
2.236067977499789805e+00
3.000000000000000000e+00
3.162277660168379523e+00
4.242640687119284770e+00
6.324555320336759046e+00
1.000000000000000000e+00
1.000000000000000000e+00
1.414213562373095145e+00
1.414213562373095145e+00
2.000000000000000000e+00
2.236067977499789805e+00
2.828427124746190291e+00
3.605551275463989125e+00
9.486832980505138124e+00
1.414213562373095145e+00
1.414213562373095145e+00
1.414213562373095145e+00
1.414213562373095145e+00
2.236067977499789805e+00
2.236067977499789805e+00
2.236067977499789805e+00
4.123105625617660586e+00
4.472135954999579610e+00
1.000000000000000000e+00
1.000000000000000000e+00
1.000000000000000000e+00
1.000000000000000000e+00
1.414213562373095145e+00
1.414213562373095145e+00
2.000000000000000000e+00
2.000000000000000000e+00
2.236067977499789805e+00
1.000000000000000000e+00
1.414213562373095145e+00
1.414213562373095145e+00
1.414213562373095145e+00
1.414213562373095145e+00
1.414213562373095145e+00
2.000000000000000000e+00
2.236067977499789805e+00
4.123105625617660586e+00
0.000000000000000000e+00
1.000000000000000000e+00
1.000000000000000000e+00
1.414213562373095145e+00
1.414213562373095145e+00
1.414213562373095145e+00
2.000000000000000000e+00
2.236067977499789805e+00
3.000000000000000000e+00
5.000000000000000000e+00
0.000000000000000000e+00
0.000000000000000000e+00
1.000000000000000000e+00
1.000000000000000000e+00
1.414213562373095145e+00
2.236067977499789805e+00
2.236067977499789805e+00
2.236067977499789805e+00
3.162277660168379523e+00
0.000000000000000000e+00
1.000000000000000000e+00
1.000000000000000000e+00
1.414213562373095145e+00
2.000000000000000000e+00
2.236067977499789805e+00
2.236067977499789805e+00
2.236067977499789805e+00
3.000000000000000000e+00
0.000000000000000000e+00
1.000000000000000000e+00
1.414213562373095145e+00
2.000000000000000000e+00
2.236067977499789805e+00
3.605551275463989125e+00
5.000000000000000000e+00
0.000000000000000000e+00
0.000000000000000000e+00
1.000000000000000000e+00
1.414213562373095145e+00
2.000000000000000000e+00
2.000000000000000000e+00
2.236067977499789805e+00
3.000000000000000000e+00
4.472135954999579610e+00
0.000000000000000000e+00
1.000000000000000000e+00
1.000000000000000000e+00
1.414213562373095145e+00
1.414213562373095145e+00
2.000000000000000000e+00
2.236067977499789805e+00
2.236067977499789805e+00
1.000000000000000000e+00
1.414213562373095145e+00
1.414213562373095145e+00
1.414213562373095145e+00
2.000000000000000000e+00
2.236067977499789805e+00
3.000000000000000000e+00
3.605551275463989125e+00
5.385164807134503739e+00
1.000000000000000000e+00
1.414213562373095145e+00
2.000000000000000000e+00
2.236067977499789805e+00
2.236067977499789805e+00
3.000000000000000000e+00
3.605551275463989125e+00
4.123105625617660586e+00
5.000000000000000000e+00
0.000000000000000000e+00
1.000000000000000000e+00
1.000000000000000000e+00
1.000000000000000000e+00
1.000000000000000000e+00
1.000000000000000000e+00
1.000000000000000000e+00
1.000000000000000000e+00
3.000000000000000000e+00
0.000000000000000000e+00
0.000000000000000000e+00
1.000000000000000000e+00
1.414213562373095145e+00
2.000000000000000000e+00
2.000000000000000000e+00
3.000000000000000000e+00
3.162277660168379523e+00
0.000000000000000000e+00
0.000000000000000000e+00
1.000000000000000000e+00
1.000000000000000000e+00
1.000000000000000000e+00
1.414213562373095145e+00
1.414213562373095145e+00
2.000000000000000000e+00
2.236067977499789805e+00
2.236067977499789805e+00
2.236067977499789805e+00
3.000000000000000000e+00
3.162277660168379523e+00
4.123105625617660586e+00
4.242640687119284770e+00
4.472135954999579610e+00
5.000000000000000000e+00
5.099019513592784492e+00
1.414213562373095145e+00
2.000000000000000000e+00
2.000000000000000000e+00
2.236067977499789805e+00
2.236067977499789805e+00
3.162277660168379523e+00
4.123105625617660586e+00
4.123105625617660586e+00
6.324555320336759046e+00
8.602325267042626677e+00
1.000000000000000000e+00
1.000000000000000000e+00
1.000000000000000000e+00
1.414213562373095145e+00
1.414213562373095145e+00
2.000000000000000000e+00
2.236067977499789805e+00
2.236067977499789805e+00
0.000000000000000000e+00
1.000000000000000000e+00
1.000000000000000000e+00
1.414213562373095145e+00
2.236067977499789805e+00
2.236067977499789805e+00
2.828427124746190291e+00
2.828427124746190291e+00
3.000000000000000000e+00
0.000000000000000000e+00
0.000000000000000000e+00
1.000000000000000000e+00
1.414213562373095145e+00
1.414213562373095145e+00
2.000000000000000000e+00
2.828427124746190291e+00
3.162277660168379523e+00
7.071067811865475505e+00
0.000000000000000000e+00
1.000000000000000000e+00
1.000000000000000000e+00
1.000000000000000000e+00
1.414213562373095145e+00
1.414213562373095145e+00
1.414213562373095145e+00
2.236067977499789805e+00
0.000000000000000000e+00
1.000000000000000000e+00
1.000000000000000000e+00
1.414213562373095145e+00
1.414213562373095145e+00
2.000000000000000000e+00
3.162277660168379523e+00
3.162277660168379523e+00
3.605551275463989125e+00
3.605551275463989125e+00
0.000000000000000000e+00
0.000000000000000000e+00
1.000000000000000000e+00
1.000000000000000000e+00
1.414213562373095145e+00
2.000000000000000000e+00
2.828427124746190291e+00
3.000000000000000000e+00
3.000000000000000000e+00
3.162277660168379523e+00
0.000000000000000000e+00
1.000000000000000000e+00
1.000000000000000000e+00
1.000000000000000000e+00
2.000000000000000000e+00
2.000000000000000000e+00
2.000000000000000000e+00
2.236067977499789805e+00
2.236067977499789805e+00
2.000000000000000000e+00
2.236067977499789805e+00
2.828427124746190291e+00
2.828427124746190291e+00
3.000000000000000000e+00
3.605551275463989125e+00
3.605551275463989125e+00
4.000000000000000000e+00
5.000000000000000000e+00
5.099019513592784492e+00
1.000000000000000000e+00
1.000000000000000000e+00
1.000000000000000000e+00
2.000000000000000000e+00
2.236067977499789805e+00
2.236067977499789805e+00
2.828427124746190291e+00
3.605551275463989125e+00
4.123105625617660586e+00
4.472135954999579610e+00
0.000000000000000000e+00
1.414213562373095145e+00
1.414213562373095145e+00
1.414213562373095145e+00
2.000000000000000000e+00
2.000000000000000000e+00
2.236067977499789805e+00
3.000000000000000000e+00
0.000000000000000000e+00
0.000000000000000000e+00
1.000000000000000000e+00
1.000000000000000000e+00
1.000000000000000000e+00
2.000000000000000000e+00
2.000000000000000000e+00
2.236067977499789805e+00
0.000000000000000000e+00
1.414213562373095145e+00
2.000000000000000000e+00
2.828427124746190291e+00
2.828427124746190291e+00
3.162277660168379523e+00
3.162277660168379523e+00
3.162277660168379523e+00
9.055385138137417300e+00
1.000000000000000000e+00
1.414213562373095145e+00
2.000000000000000000e+00
2.000000000000000000e+00
2.000000000000000000e+00
2.236067977499789805e+00
2.828427124746190291e+00
3.605551275463989125e+00
0.000000000000000000e+00
0.000000000000000000e+00
2.000000000000000000e+00
2.236067977499789805e+00
2.236067977499789805e+00
2.236067977499789805e+00
2.828427124746190291e+00
3.162277660168379523e+00
5.385164807134503739e+00
1.000000000000000000e+00
1.000000000000000000e+00
1.414213562373095145e+00
2.236067977499789805e+00
2.236067977499789805e+00
2.828427124746190291e+00
3.000000000000000000e+00
3.000000000000000000e+00
4.123105625617660586e+00
4.472135954999579610e+00
0.000000000000000000e+00
0.000000000000000000e+00
1.000000000000000000e+00
1.000000000000000000e+00
1.414213562373095145e+00
1.414213562373095145e+00
2.236067977499789805e+00
2.828427124746190291e+00
