0 12 0 12 -100 0.6792885696099442
0 12 2 11 -50.74361330771079 0.9637128217287508
0 12 0 11 -45.25387037777475 0.7905562204391792
0 12 3 8 -64.45805306945053 0.8894214327336806
0 12 2 9 -55.315669937208575 0.7816583107581245
0 12 0 7 -55.05516831483374 0.7626403975035602
0 12 0 8 -50.68353236048754 0.7243000590265961
0 12 1 4 -55.7956903452284 0.661667724845052
0 12 3 1 -71.57242125284047 0.8900523400217698
0 12 1 1 -60.51075213561024 0.8390788812261221
0 12 0 0 -61.69384153336963 0.7814868542887662
0 12 4 0 -69.31987356206905 0.8062241996537942
0 12 7 0 -73.57034127381175 0.7273326950912883
0 12 7 2 -64.42774373116097 0.7444952499199328
0 12 7 5 -66.0251146646272 0.8230319066161335
0 12 7 9 -62.27608836036092 0.9333624877715319
0 12 7 12 -71.33115986320622 1.06834389239148
0 12 6 10 -61.75758999338349 0.7542129292089167
0 12 5 10 -59.246074498844656 0.863525791494646
0 12 6 12 -61.189729592509515 0.9170618249143317
0 12 9 9 -63.65163777488268 0.8698893214003515
0 12 5 8 -62.89158109513827 0.9102002944003309
0 12 9 7 -67.17473948381301 0.858179833559295
0 12 9 4 -64.91643420810776 0.9456715990211344
0 12 8 4 -72.01848737666006 0.7928855720235517
0 12 5 3 -68.2112175581667 0.8681855871075824
0 12 5 4 -62.60603175568475 0.8385715179779698
0 12 5 2 -73.56475318984498 0.7669280293608222
0 12 9 1 -68.9045272326281 0.8780916420105406
0 12 8 0 -72.32039317764989 0.816839633255374
0 12 11 0 -72.96419379450266 0.7423145291697587
0 12 13 3 -74.87418101030516 0.9023900590421079
0 12 13 6 -64.32026833195957 0.764913968729275
0 12 13 8 -65.84534081138548 0.8963757895825853
0 12 13 10 -73.90991437962147 0.9117092000976679
0 12 13 12 -67.62609314724553 0.9684596600500236
0 12 11 11 -68.16862853582168 1.0124326567893052
0 12 11 7 -70.60402354353207 0.9709919854778217
0 12 12 9 -69.1626124012724 0.7896934555088532
0 12 11 6 -76.36585958698942 0.9801786433118916
0 12 12 4 -67.56379102851338 0.8834955962456014
0 12 12 2 -72.19506131680609 0.6905769770063332
0 12 11 2 -74.46013451989505 0.8086474300130753
0 12 13 0 -79.35186637200871 0.7723391900100555
2 11 0 12 -50.18567556439859 0.6792885696099442
2 11 2 11 -100 0.9637128217287508
2 11 0 11 -53.61601520098461 0.7905562204391792
2 11 3 8 -60.641186620088895 0.8894214327336806
2 11 2 9 -62.558680568031846 0.7816583107581245
2 11 0 7 -55.94409875258734 0.7626403975035602
2 11 0 8 -56.90398100816851 0.7243000590265961
2 11 1 4 -69.16870492079936 0.661667724845052
2 11 3 1 -73.02300815929812 0.8900523400217698
2 11 1 1 -67.072393496434 0.8390788812261221
2 11 0 0 -72.49595655349391 0.7814868542887662
2 11 4 0 -73.27529402050475 0.8062241996537942
2 11 7 0 -71.5338394936739 0.7273326950912883
2 11 7 2 -69.60915753606906 0.7444952499199328
2 11 7 5 -68.94380141060775 0.8230319066161335
2 11 7 9 -66.01229435495546 0.9333624877715319
2 11 7 12 -59.91709554514002 1.06834389239148
2 11 6 10 -58.28501558153766 0.7542129292089167
2 11 5 10 -56.89967251647967 0.863525791494646
2 11 6 12 -59.13763973138711 0.9170618249143317
2 11 9 9 -68.7999111074075 0.8698893214003515
2 11 5 8 -66.48826149555413 0.9102002944003309
2 11 9 7 -66.82957773881252 0.858179833559295
2 11 9 4 -67.87681342083535 0.9456715990211344
2 11 8 4 -71.75655531177762 0.7928855720235517
2 11 5 3 -62.68589117384106 0.8681855871075824
2 11 5 4 -64.47625445015284 0.8385715179779698
2 11 5 2 -69.58877540054246 0.7669280293608222
2 11 9 1 -69.62294298261577 0.8780916420105406
2 11 8 0 -74.79327526052415 0.816839633255374
2 11 11 0 -74.53959222169698 0.7423145291697587
2 11 13 3 -75.32836645669131 0.9023900590421079
2 11 13 6 -67.24459513190328 0.764913968729275
2 11 13 8 -68.77315104004153 0.8963757895825853
2 11 13 10 -74.25053758301998 0.9117092000976679
2 11 13 12 -66.61096457210388 0.9684596600500236
2 11 11 11 -73.74155509856467 1.0124326567893052
2 11 11 7 -65.11223301398233 0.9709919854778217
2 11 12 9 -67.02173739968175 0.7896934555088532
2 11 11 6 -73.4745307084548 0.9801786433118916
2 11 12 4 -71.60259010358249 0.8834955962456014
2 11 12 2 -75.7913151148682 0.6905769770063332
2 11 11 2 -80.70147623227643 0.8086474300130753
2 11 13 0 -77.02380676989017 0.7723391900100555
0 11 0 12 -39.32758958850663 0.6792885696099442
0 11 2 11 -42.37558520439844 0.9637128217287508
0 11 0 11 -100 0.7905562204391792
0 11 3 8 -57.158928169003765 0.8894214327336806
0 11 2 9 -59.73814165913224 0.7816583107581245
0 11 0 7 -61.57286612619524 0.7626403975035602
0 11 0 8 -54.464621041752885 0.7243000590265961
0 11 1 4 -62.617917727977776 0.661667724845052
0 11 3 1 -66.19392663651773 0.8900523400217698
0 11 1 1 -60.65993355658141 0.8390788812261221
0 11 0 0 -74.62485028537952 0.7814868542887662
0 11 4 0 -74.28882457100036 0.8062241996537942
0 11 7 0 -75.06123217920627 0.7273326950912883
0 11 7 2 -67.53838922320297 0.7444952499199328
0 11 7 5 -72.35768678785121 0.8230319066161335
0 11 7 9 -62.97767225706072 0.9333624877715319
0 11 7 12 -68.04492504852374 1.06834389239148
0 11 6 10 -59.3798360188066 0.7542129292089167
0 11 5 10 -61.23701230332022 0.863525791494646
0 11 6 12 -60.37129630897701 0.9170618249143317
0 11 9 9 -70.9231457496296 0.8698893214003515
0 11 5 8 -65.52527390455298 0.9102002944003309
0 11 9 7 -74.32043475612396 0.858179833559295
0 11 9 4 -73.98669147496292 0.9456715990211344
0 11 8 4 -69.21377259601711 0.7928855720235517
0 11 5 3 -67.70677031743334 0.8681855871075824
0 11 5 4 -67.9156455574486 0.8385715179779698
0 11 5 2 -72.42167540756981 0.7669280293608222
0 11 9 1 -76.71562102258501 0.8780916420105406
0 11 8 0 -71.89744841400345 0.816839633255374
0 11 11 0 -77.23776669258255 0.7423145291697587
0 11 13 3 -75.33659614421605 0.9023900590421079
0 11 13 6 -75.85449574805703 0.764913968729275
0 11 13 8 -77.94967503994876 0.8963757895825853
0 11 13 10 -71.8521407334217 0.9117092000976679
0 11 13 12 -66.16486032922427 0.9684596600500236
0 11 11 11 -74.56178208153952 1.0124326567893052
0 11 11 7 -71.77504037330922 0.9709919854778217
0 11 12 9 -72.693374575617 0.7896934555088532
0 11 11 6 -78.97199050486782 0.9801786433118916
0 11 12 4 -69.79154784279882 0.8834955962456014
0 11 12 2 -76.27032656972433 0.6905769770063332
0 11 11 2 -77.80887092606396 0.8086474300130753
0 11 13 0 -79.93831196892671 0.7723391900100555
3 8 0 12 -56.11467990828317 0.6792885696099442
3 8 2 11 -62.86541959601967 0.9637128217287508
3 8 0 11 -53.96567300980606 0.7905562204391792
3 8 3 8 -100 0.8894214327336806
3 8 2 9 -60.26562586434468 0.7816583107581245
3 8 0 7 -57.198227250725914 0.7626403975035602
3 8 0 8 -59.02116995688949 0.7243000590265961
3 8 1 4 -62.98183017595199 0.661667724845052
3 8 3 1 -64.82827238473288 0.8900523400217698
3 8 1 1 -80.4067577965041 0.8390788812261221
3 8 0 0 -74.55097241391029 0.7814868542887662
3 8 4 0 -70.35656332694793 0.8062241996537942
3 8 7 0 -68.90076892724045 0.7273326950912883
3 8 7 2 -62.62672366910676 0.7444952499199328
3 8 7 5 -65.92282657559096 0.8230319066161335
3 8 7 9 -63.72384644872475 0.9333624877715319
3 8 7 12 -70.50164281141319 1.06834389239148
3 8 6 10 -54.80790628871146 0.7542129292089167
3 8 5 10 -59.70167705419788 0.863525791494646
3 8 6 12 -61.82886754785556 0.9170618249143317
3 8 9 9 -61.975501570263056 0.8698893214003515
3 8 5 8 -58.16059287326027 0.9102002944003309
3 8 9 7 -66.48370747388478 0.858179833559295
3 8 9 4 -72.17853031122245 0.9456715990211344
3 8 8 4 -69.47864856056192 0.7928855720235517
3 8 5 3 -63.656288080918806 0.8681855871075824
3 8 5 4 -63.29352779890124 0.8385715179779698
3 8 5 2 -68.60319540834222 0.7669280293608222
3 8 9 1 -70.76112979624412 0.8780916420105406
3 8 8 0 -79.27142505127853 0.816839633255374
3 8 11 0 -76.48719504951985 0.7423145291697587
3 8 13 3 -71.83939471986204 0.9023900590421079
3 8 13 6 -68.0175637840398 0.764913968729275
3 8 13 8 -71.70810017709529 0.8963757895825853
3 8 13 10 -71.09117525937272 0.9117092000976679
3 8 13 12 -64.51075109271643 0.9684596600500236
3 8 11 11 -67.45220212197826 1.0124326567893052
3 8 11 7 -70.97703178504143 0.9709919854778217
3 8 12 9 -68.64133571887236 0.7896934555088532
3 8 11 6 -70.97256814103739 0.9801786433118916
3 8 12 4 -71.78459556744419 0.8834955962456014
3 8 12 2 -78.27172401877004 0.6905769770063332
3 8 11 2 -78.60562113019311 0.8086474300130753
3 8 13 0 -74.68303220110127 0.7723391900100555
2 9 0 12 -61.99137545103096 0.6792885696099442
2 9 2 11 -59.66514811568926 0.9637128217287508
2 9 0 11 -57.111858684274935 0.7905562204391792
2 9 3 8 -44.33060032106086 0.8894214327336806
2 9 2 9 -100 0.7816583107581245
2 9 0 7 -52.55666787207636 0.7626403975035602
2 9 0 8 -42.40490204044674 0.7243000590265961
2 9 1 4 -59.56302187067915 0.661667724845052
2 9 3 1 -60.15166281348537 0.8900523400217698
2 9 1 1 -61.997841048065034 0.8390788812261221
2 9 0 0 -69.96458950113164 0.7814868542887662
2 9 4 0 -75.17650125928418 0.8062241996537942
2 9 7 0 -67.00110766333667 0.7273326950912883
2 9 7 2 -63.545486606124555 0.7444952499199328
2 9 7 5 -62.43160329192519 0.8230319066161335
2 9 7 9 -58.5348462007963 0.9333624877715319
2 9 7 12 -58.915960355313196 1.06834389239148
2 9 6 10 -62.37149526043202 0.7542129292089167
2 9 5 10 -59.458498320564395 0.863525791494646
2 9 6 12 -59.103505966545555 0.9170618249143317
2 9 9 9 -63.80097646175219 0.8698893214003515
2 9 5 8 -65.72797904341273 0.9102002944003309
2 9 9 7 -61.588580302007465 0.858179833559295
2 9 9 4 -66.64311499850633 0.9456715990211344
2 9 8 4 -61.181122827925144 0.7928855720235517
2 9 5 3 -61.28206615559861 0.8681855871075824
2 9 5 4 -62.65473971213934 0.8385715179779698
2 9 5 2 -67.91312066820053 0.7669280293608222
2 9 9 1 -73.98072510539068 0.8780916420105406
2 9 8 0 -73.94815290549262 0.816839633255374
2 9 11 0 -77.79318227053558 0.7423145291697587
2 9 13 3 -74.04477120366401 0.9023900590421079
2 9 13 6 -70.09739335708603 0.764913968729275
2 9 13 8 -73.05608064301094 0.8963757895825853
2 9 13 10 -69.38135929704889 0.9117092000976679
2 9 13 12 -68.81881384675158 0.9684596600500236
2 9 11 11 -72.90308449581539 1.0124326567893052
2 9 11 7 -66.18363403161553 0.9709919854778217
2 9 12 9 -59.811812076448135 0.7896934555088532
2 9 11 6 -78.9276715446971 0.9801786433118916
2 9 12 4 -65.90657985679483 0.8834955962456014
2 9 12 2 -72.34141236496924 0.6905769770063332
2 9 11 2 -74.20811396308737 0.8086474300130753
2 9 13 0 -76.36390183566348 0.7723391900100555
0 7 0 12 -51.26522611014476 0.6792885696099442
0 7 2 11 -63.72018209905414 0.9637128217287508
0 7 0 11 -58.34136472220642 0.7905562204391792
0 7 3 8 -49.04725137249805 0.8894214327336806
0 7 2 9 -54.3559388636409 0.7816583107581245
0 7 0 7 -100 0.7626403975035602
0 7 0 8 -43.560501093611734 0.7243000590265961
0 7 1 4 -58.762130925026874 0.661667724845052
0 7 3 1 -58.39186441376185 0.8900523400217698
0 7 1 1 -59.266015630268654 0.8390788812261221
0 7 0 0 -71.01717799327974 0.7814868542887662
0 7 4 0 -70.93427428235982 0.8062241996537942
0 7 7 0 -58.86692545307274 0.7273326950912883
0 7 7 2 -65.25220369719675 0.7444952499199328
0 7 7 5 -59.89258187348725 0.8230319066161335
0 7 7 9 -62.46179160151795 0.9333624877715319
0 7 7 12 -70.4740790505646 1.06834389239148
0 7 6 10 -62.33911864365999 0.7542129292089167
0 7 5 10 -62.731176713089575 0.863525791494646
0 7 6 12 -62.144626486695344 0.9170618249143317
0 7 9 9 -63.43912690286018 0.8698893214003515
0 7 5 8 -62.091037256525716 0.9102002944003309
0 7 9 7 -60.49866040742768 0.858179833559295
0 7 9 4 -61.0225688208707 0.9456715990211344
0 7 8 4 -66.6154332141646 0.7928855720235517
0 7 5 3 -61.01762455926782 0.8681855871075824
0 7 5 4 -60.49551412135723 0.8385715179779698
0 7 5 2 -66.68460481515908 0.7669280293608222
0 7 9 1 -65.29450842606005 0.8780916420105406
0 7 8 0 -60.61152961795664 0.816839633255374
0 7 11 0 -74.85980870378619 0.7423145291697587
0 7 13 3 -68.28661498854231 0.9023900590421079
0 7 13 6 -62.815117407466815 0.764913968729275
0 7 13 8 -67.02657971247396 0.8963757895825853
0 7 13 10 -72.47064228643855 0.9117092000976679
0 7 13 12 -68.01721755250995 0.9684596600500236
0 7 11 11 -75.51986875530248 1.0124326567893052
0 7 11 7 -72.94817707232703 0.9709919854778217
0 7 12 9 -67.9435870340685 0.7896934555088532
0 7 11 6 -71.34366517519996 0.9801786433118916
0 7 12 4 -72.44317667099216 0.8834955962456014
0 7 12 2 -67.17254374720412 0.6905769770063332
0 7 11 2 -71.89156607178997 0.8086474300130753
0 7 13 0 -68.61994289857704 0.7723391900100555
0 8 0 12 -46.537033171231045 0.6792885696099442
0 8 2 11 -62.70207876709284 0.9637128217287508
0 8 0 11 -56.59519759084642 0.7905562204391792
0 8 3 8 -49.99258769443557 0.8894214327336806
0 8 2 9 -48.334566930030284 0.7816583107581245
0 8 0 7 -47.12149815715947 0.7626403975035602
0 8 0 8 -100 0.7243000590265961
0 8 1 4 -56.21690717952039 0.661667724845052
0 8 3 1 -61.37327596262608 0.8900523400217698
0 8 1 1 -66.14087091459093 0.8390788812261221
0 8 0 0 -63.236515947740344 0.7814868542887662
0 8 4 0 -71.56048829097026 0.8062241996537942
0 8 7 0 -68.28828243938963 0.7273326950912883
0 8 7 2 -69.09245705637679 0.7444952499199328
0 8 7 5 -67.66543156200426 0.8230319066161335
0 8 7 9 -61.26385309099325 0.9333624877715319
0 8 7 12 -63.772591838420034 1.06834389239148
0 8 6 10 -63.054498948294516 0.7542129292089167
0 8 5 10 -67.87879333543667 0.863525791494646
0 8 6 12 -58.839169700827135 0.9170618249143317
0 8 9 9 -66.04446158997509 0.8698893214003515
0 8 5 8 -63.27600373848251 0.9102002944003309
0 8 9 7 -67.51214049067993 0.858179833559295
0 8 9 4 -68.81961165328777 0.9456715990211344
0 8 8 4 -70.56091852307114 0.7928855720235517
0 8 5 3 -63.76091803218081 0.8681855871075824
0 8 5 4 -67.83216776424898 0.8385715179779698
0 8 5 2 -65.91767704157112 0.7669280293608222
0 8 9 1 -63.567575377613146 0.8780916420105406
0 8 8 0 -71.31809554694195 0.816839633255374
0 8 11 0 -68.91651024532806 0.7423145291697587
0 8 13 3 -72.44977381008967 0.9023900590421079
0 8 13 6 -67.6657162676963 0.764913968729275
0 8 13 8 -69.0780946138223 0.8963757895825853
0 8 13 10 -72.9775540512758 0.9117092000976679
0 8 13 12 -67.76591631284684 0.9684596600500236
0 8 11 11 -71.15605439272404 1.0124326567893052
0 8 11 7 -74.05484721127732 0.9709919854778217
0 8 12 9 -69.37068989774089 0.7896934555088532
0 8 11 6 -71.78045451412486 0.9801786433118916
0 8 12 4 -72.51298466950321 0.8834955962456014
0 8 12 2 -74.9092518130858 0.6905769770063332
0 8 11 2 -72.05968361324462 0.8086474300130753
0 8 13 0 -71.53154281690591 0.7723391900100555
1 4 0 12 -61.25402335561153 0.6792885696099442
1 4 2 11 -71.84056487605616 0.9637128217287508
1 4 0 11 -68.61819212905279 0.7905562204391792
1 4 3 8 -63.15966844577294 0.8894214327336806
1 4 2 9 -59.46572816663659 0.7816583107581245
1 4 0 7 -61.20321261504156 0.7626403975035602
1 4 0 8 -61.723717974243705 0.7243000590265961
1 4 1 4 -100 0.661667724845052
1 4 3 1 -53.7519911416684 0.8900523400217698
1 4 1 1 -59.28694945386915 0.8390788812261221
1 4 0 0 -66.71062335904281 0.7814868542887662
1 4 4 0 -67.2930675509604 0.8062241996537942
1 4 7 0 -58.38818342382981 0.7273326950912883
1 4 7 2 -61.739245086505406 0.7444952499199328
1 4 7 5 -64.84852462895364 0.8230319066161335
1 4 7 9 -62.899491806195776 0.9333624877715319
1 4 7 12 -64.34320638376516 1.06834389239148
1 4 6 10 -65.65327345542983 0.7542129292089167
1 4 5 10 -65.74381995559064 0.863525791494646
1 4 6 12 -61.27756173617552 0.9170618249143317
1 4 9 9 -68.6097554528706 0.8698893214003515
1 4 5 8 -58.13407171635538 0.9102002944003309
1 4 9 7 -61.443494413659856 0.858179833559295
1 4 9 4 -58.691206068653756 0.9456715990211344
1 4 8 4 -59.73705388761632 0.7928855720235517
1 4 5 3 -67.60687654364781 0.8681855871075824
1 4 5 4 -64.94538483304092 0.8385715179779698
1 4 5 2 -68.05759261661963 0.7669280293608222
1 4 9 1 -70.13396247505035 0.8780916420105406
1 4 8 0 -65.68632674747838 0.816839633255374
1 4 11 0 -66.10229480504772 0.7423145291697587
1 4 13 3 -67.4322472901468 0.9023900590421079
1 4 13 6 -64.2190994177801 0.764913968729275
1 4 13 8 -73.43536873994579 0.8963757895825853
1 4 13 10 -73.11394039216547 0.9117092000976679
1 4 13 12 -69.23637378296078 0.9684596600500236
1 4 11 11 -72.3127685873971 1.0124326567893052
1 4 11 7 -66.45212023995425 0.9709919854778217
1 4 12 9 -64.29385698352216 0.7896934555088532
1 4 11 6 -73.83403057797109 0.9801786433118916
1 4 12 4 -63.910654676494836 0.8834955962456014
1 4 12 2 -68.30872511418445 0.6905769770063332
1 4 11 2 -72.43500595271273 0.8086474300130753
1 4 13 0 -69.04055481122343 0.7723391900100555
3 1 0 12 -61.92989242867155 0.6792885696099442
3 1 2 11 -70.66902524708993 0.9637128217287508
3 1 0 11 -61.894223539562624 0.7905562204391792
3 1 3 8 -68.4998389291399 0.8894214327336806
3 1 2 9 -59.66258561530698 0.7816583107581245
3 1 0 7 -57.439033070702415 0.7626403975035602
3 1 0 8 -60.30359222166847 0.7243000590265961
3 1 1 4 -58.085461282743054 0.661667724845052
3 1 3 1 -100 0.8900523400217698
3 1 1 1 -46.74388753970228 0.8390788812261221
3 1 0 0 -62.323924658550105 0.7814868542887662
3 1 4 0 -60.23664490018379 0.8062241996537942
3 1 7 0 -65.27984426977507 0.7273326950912883
3 1 7 2 -61.63253900602638 0.7444952499199328
3 1 7 5 -67.38622894965108 0.8230319066161335
3 1 7 9 -61.122207973612355 0.9333624877715319
3 1 7 12 -64.63776448743934 1.06834389239148
3 1 6 10 -71.13954950062426 0.7542129292089167
3 1 5 10 -64.4567686177575 0.863525791494646
3 1 6 12 -70.8074569170047 0.9170618249143317
3 1 9 9 -69.67064726475452 0.8698893214003515
3 1 5 8 -64.15738279998112 0.9102002944003309
3 1 9 7 -70.3712917760603 0.858179833559295
3 1 9 4 -63.50610212983751 0.9456715990211344
3 1 8 4 -61.773931629546695 0.7928855720235517
3 1 5 3 -59.183807975789826 0.8681855871075824
3 1 5 4 -60.90166940920289 0.8385715179779698
3 1 5 2 -63.14234186874993 0.7669280293608222
3 1 9 1 -65.48850825078715 0.8780916420105406
3 1 8 0 -60.249249972560925 0.816839633255374
3 1 11 0 -69.29481254639447 0.7423145291697587
3 1 13 3 -68.44824559873501 0.9023900590421079
3 1 13 6 -73.41464550040173 0.764913968729275
3 1 13 8 -70.86950804249173 0.8963757895825853
3 1 13 10 -74.80840170968106 0.9117092000976679
3 1 13 12 -69.26943010878234 0.9684596600500236
3 1 11 11 -77.27758809517604 1.0124326567893052
3 1 11 7 -65.97981576198872 0.9709919854778217
3 1 12 9 -70.59726691947066 0.7896934555088532
3 1 11 6 -70.72432392251125 0.9801786433118916
3 1 12 4 -68.25260614942923 0.8834955962456014
3 1 12 2 -63.6983218312138 0.6905769770063332
3 1 11 2 -69.36919632986867 0.8086474300130753
3 1 13 0 -71.31037857134746 0.7723391900100555
1 1 0 12 -56.49390346111195 0.6792885696099442
1 1 2 11 -64.74079322010869 0.9637128217287508
1 1 0 11 -67.35675304960355 0.7905562204391792
1 1 3 8 -67.89610920740088 0.8894214327336806
1 1 2 9 -60.810704377552334 0.7816583107581245
1 1 0 7 -65.33031858536727 0.7626403975035602
1 1 0 8 -66.61581792070194 0.7243000590265961
1 1 1 4 -60.79379889110458 0.661667724845052
1 1 3 1 -34.40894900656731 0.8900523400217698
1 1 1 1 -100 0.8390788812261221
1 1 0 0 -57.99851551669285 0.7814868542887662
1 1 4 0 -60.324162238807546 0.8062241996537942
1 1 7 0 -59.52442126280479 0.7273326950912883
1 1 7 2 -53.81520483113436 0.7444952499199328
1 1 7 5 -62.12364099552896 0.8230319066161335
1 1 7 9 -65.10355051230675 0.9333624877715319
1 1 7 12 -72.79373086797884 1.06834389239148
1 1 6 10 -62.476230450137066 0.7542129292089167
1 1 5 10 -70.9413201258701 0.863525791494646
1 1 6 12 -64.07867972366147 0.9170618249143317
1 1 9 9 -66.1864674283254 0.8698893214003515
1 1 5 8 -57.64410750674874 0.9102002944003309
1 1 9 7 -64.07481930357184 0.858179833559295
1 1 9 4 -69.69497060134283 0.9456715990211344
1 1 8 4 -62.13894516849355 0.7928855720235517
1 1 5 3 -65.5707395286747 0.8681855871075824
1 1 5 4 -62.26892569354273 0.8385715179779698
1 1 5 2 -58.2506486921798 0.7669280293608222
1 1 9 1 -58.88375728790943 0.8780916420105406
1 1 8 0 -65.73483035825572 0.816839633255374
1 1 11 0 -63.214229366823055 0.7423145291697587
1 1 13 3 -69.15810364277777 0.9023900590421079
1 1 13 6 -72.51609355294762 0.764913968729275
1 1 13 8 -75.25940441850835 0.8963757895825853
1 1 13 10 -72.19784025852876 0.9117092000976679
1 1 13 12 -71.90325834000168 0.9684596600500236
1 1 11 11 -77.00280159520756 1.0124326567893052
1 1 11 7 -68.70806949655721 0.9709919854778217
1 1 12 9 -69.02512629623475 0.7896934555088532
1 1 11 6 -71.25121413978607 0.9801786433118916
1 1 12 4 -71.12964470726337 0.8834955962456014
1 1 12 2 -65.083472559112 0.6905769770063332
1 1 11 2 -70.65864035662175 0.8086474300130753
1 1 13 0 -67.05019044370849 0.7723391900100555
0 0 0 12 -66.30351935350328 0.6792885696099442
0 0 2 11 -73.33340972933954 0.9637128217287508
0 0 0 11 -75.98810584546509 0.7905562204391792
0 0 3 8 -73.47171882282221 0.8894214327336806
0 0 2 9 -72.67996174385203 0.7816583107581245
0 0 0 7 -70.34613352348748 0.7626403975035602
0 0 0 8 -64.27278168973221 0.7243000590265961
0 0 1 4 -64.60288174648618 0.661667724845052
0 0 3 1 -54.72948654738399 0.8900523400217698
0 0 1 1 -58.98784796384948 0.8390788812261221
0 0 0 0 -100 0.7814868542887662
0 0 4 0 -50.67445436714707 0.8062241996537942
0 0 7 0 -61.080025320225666 0.7273326950912883
0 0 7 2 -62.78214761702943 0.7444952499199328
0 0 7 5 -63.42435185277284 0.8230319066161335
0 0 7 9 -67.00510610186764 0.9333624877715319
0 0 7 12 -72.34202569155221 1.06834389239148
0 0 6 10 -76.9525231257833 0.7542129292089167
0 0 5 10 -74.78236482038707 0.863525791494646
0 0 6 12 -76.35378377073093 0.9170618249143317
0 0 9 9 -75.35093452978643 0.8698893214003515
0 0 5 8 -61.92772010570835 0.9102002944003309
0 0 9 7 -75.75876185910212 0.858179833559295
0 0 9 4 -70.58975466944263 0.9456715990211344
0 0 8 4 -73.26715964883361 0.7928855720235517
0 0 5 3 -69.2578312076942 0.8681855871075824
0 0 5 4 -66.69984379764553 0.8385715179779698
0 0 5 2 -61.34161778249979 0.7669280293608222
0 0 9 1 -65.6439621641204 0.8780916420105406
0 0 8 0 -55.70315837208611 0.816839633255374
0 0 11 0 -53.05496987894527 0.7423145291697587
0 0 13 3 -70.07614909351103 0.9023900590421079
0 0 13 6 -70.6830516617686 0.764913968729275
0 0 13 8 -73.79531980524645 0.8963757895825853
0 0 13 10 -74.07339047401287 0.9117092000976679
0 0 13 12 -75.75687424110951 0.9684596600500236
0 0 11 11 -78.47938617080908 1.0124326567893052
0 0 11 7 -75.05816919890101 0.9709919854778217
0 0 12 9 -77.29226343347311 0.7896934555088532
0 0 11 6 -74.87627441722834 0.9801786433118916
0 0 12 4 -72.0871080078418 0.8834955962456014
0 0 12 2 -70.46996702142081 0.6905769770063332
0 0 11 2 -74.17008604513636 0.8086474300130753
0 0 13 0 -66.57912091627122 0.7723391900100555
4 0 0 12 -75.98516191116532 0.6792885696099442
4 0 2 11 -76.05170499441265 0.9637128217287508
4 0 0 11 -77.02213276693678 0.7905562204391792
4 0 3 8 -76.02377759325363 0.8894214327336806
4 0 2 9 -68.17261695989659 0.7816583107581245
4 0 0 7 -70.53421745003192 0.7626403975035602
4 0 0 8 -68.97473543856442 0.7243000590265961
4 0 1 4 -70.35029176397688 0.661667724845052
4 0 3 1 -59.0394244221146 0.8900523400217698
4 0 1 1 -62.74602482973407 0.8390788812261221
4 0 0 0 -43.73121476895013 0.7814868542887662
4 0 4 0 -100 0.8062241996537942
4 0 7 0 -47.56572862516323 0.7273326950912883
4 0 7 2 -65.84522471627436 0.7444952499199328
4 0 7 5 -67.09657208387166 0.8230319066161335
4 0 7 9 -67.33731789632748 0.9333624877715319
4 0 7 12 -65.38623621170736 1.06834389239148
4 0 6 10 -72.7566322132195 0.7542129292089167
4 0 5 10 -77.13976707092918 0.863525791494646
4 0 6 12 -75.2213895393115 0.9170618249143317
4 0 9 9 -73.47839317415985 0.8698893214003515
4 0 5 8 -64.71875775553823 0.9102002944003309
4 0 9 7 -74.33752800742748 0.858179833559295
4 0 9 4 -66.29656758459734 0.9456715990211344
4 0 8 4 -73.72075709616128 0.7928855720235517
4 0 5 3 -71.47824984840689 0.8681855871075824
4 0 5 4 -69.1175657644936 0.8385715179779698
4 0 5 2 -57.46900330498672 0.7669280293608222
4 0 9 1 -58.82355482565279 0.8780916420105406
4 0 8 0 -56.86049483974689 0.816839633255374
4 0 11 0 -51.36605450507035 0.7423145291697587
4 0 13 3 -60.506324380564564 0.9023900590421079
4 0 13 6 -70.22369338904394 0.764913968729275
4 0 13 8 -72.70240706518969 0.8963757895825853
4 0 13 10 -74.49949722624575 0.9117092000976679
4 0 13 12 -73.83907451338273 0.9684596600500236
4 0 11 11 -79.51052142667477 1.0124326567893052
4 0 11 7 -70.40757698962905 0.9709919854778217
4 0 12 9 -67.68316563873428 0.7896934555088532
4 0 11 6 -69.74647161839336 0.9801786433118916
4 0 12 4 -67.97001368790673 0.8834955962456014
4 0 12 2 -69.11401190332884 0.6905769770063332
4 0 11 2 -69.67664718437749 0.8086474300130753
4 0 13 0 -55.78744377086352 0.7723391900100555
7 0 0 12 -65.34991263904999 0.6792885696099442
7 0 2 11 -72.5583388163218 0.9637128217287508
7 0 0 11 -70.51243220102968 0.7905562204391792
7 0 3 8 -76.2949748310907 0.8894214327336806
7 0 2 9 -62.513518679864916 0.7816583107581245
7 0 0 7 -60.34369026895374 0.7626403975035602
7 0 0 8 -68.84897960707693 0.7243000590265961
7 0 1 4 -60.29283722578547 0.661667724845052
7 0 3 1 -58.06391440212339 0.8900523400217698
7 0 1 1 -62.25636838910746 0.8390788812261221
7 0 0 0 -54.51262328948861 0.7814868542887662
7 0 4 0 -45.01334252628284 0.8062241996537942
7 0 7 0 -100 0.7273326950912883
7 0 7 2 -44.82650657137548 0.7444952499199328
7 0 7 5 -53.248895561813924 0.8230319066161335
7 0 7 9 -51.441435484186925 0.9333624877715319
7 0 7 12 -53.030820264291314 1.06834389239148
7 0 6 10 -57.95785680043865 0.7542129292089167
7 0 5 10 -62.840600452392806 0.863525791494646
7 0 6 12 -58.096265198767455 0.9170618249143317
7 0 9 9 -62.12785166875988 0.8698893214003515
7 0 5 8 -54.92140755544906 0.9102002944003309
7 0 9 7 -57.21629447363817 0.858179833559295
7 0 9 4 -58.494880782092096 0.9456715990211344
7 0 8 4 -60.31952382168593 0.7928855720235517
7 0 5 3 -59.917360192662464 0.8681855871075824
7 0 5 4 -53.73706184092882 0.8385715179779698
7 0 5 2 -50.40368809050447 0.7669280293608222
7 0 9 1 -51.97540056654343 0.8780916420105406
7 0 8 0 -39.856267277995705 0.816839633255374
7 0 11 0 -56.1313923885773 0.7423145291697587
7 0 13 3 -63.58235553246218 0.9023900590421079
7 0 13 6 -63.450255814109894 0.764913968729275
7 0 13 8 -58.786862396284 0.8963757895825853
7 0 13 10 -66.65563526066083 0.9117092000976679
7 0 13 12 -68.28671193526795 0.9684596600500236
7 0 11 11 -72.54492823249532 1.0124326567893052
7 0 11 7 -69.41774693688289 0.9709919854778217
7 0 12 9 -68.57787231084477 0.7896934555088532
7 0 11 6 -65.58841568886142 0.9801786433118916
7 0 12 4 -57.686112376548444 0.8834955962456014
7 0 12 2 -65.55739352835239 0.6905769770063332
7 0 11 2 -56.27448888777191 0.8086474300130753
7 0 13 0 -61.59447188120752 0.7723391900100555
7 2 0 12 -75.54623082638884 0.6792885696099442
7 2 2 11 -75.26276895012711 0.9637128217287508
7 2 0 11 -70.65701369573138 0.7905562204391792
7 2 3 8 -70.03799750284288 0.8894214327336806
7 2 2 9 -59.866726930048394 0.7816583107581245
7 2 0 7 -67.17422877052256 0.7626403975035602
7 2 0 8 -69.24872941221062 0.7243000590265961
7 2 1 4 -60.670818060346384 0.661667724845052
7 2 3 1 -55.01808951146588 0.8900523400217698
7 2 1 1 -61.15339115070279 0.8390788812261221
7 2 0 0 -67.68826430210028 0.7814868542887662
7 2 4 0 -64.87436085083068 0.8062241996537942
7 2 7 0 -51.008659630175366 0.7273326950912883
7 2 7 2 -100 0.7444952499199328
7 2 7 5 -46.09815915530276 0.8230319066161335
7 2 7 9 -52.48378911253601 0.9333624877715319
7 2 7 12 -60.80599808260778 1.06834389239148
7 2 6 10 -61.70873750527793 0.7542129292089167
7 2 5 10 -60.726916062737274 0.863525791494646
7 2 6 12 -63.35345142959075 0.9170618249143317
7 2 9 9 -56.27418366194953 0.8698893214003515
7 2 5 8 -52.15033822074134 0.9102002944003309
7 2 9 7 -57.57095629191686 0.858179833559295
7 2 9 4 -50.94042344274464 0.9456715990211344
7 2 8 4 -47.80476044299788 0.7928855720235517
7 2 5 3 -50.40770904206919 0.8681855871075824
7 2 5 4 -47.81327735399472 0.8385715179779698
7 2 5 2 -53.40436056613377 0.7669280293608222
7 2 9 1 -60.085885099654824 0.8780916420105406
7 2 8 0 -52.94514882900911 0.816839633255374
7 2 11 0 -63.65497386099933 0.7423145291697587
7 2 13 3 -62.10698434037226 0.9023900590421079
7 2 13 6 -60.650988741446696 0.764913968729275
7 2 13 8 -66.11835967075963 0.8963757895825853
7 2 13 10 -71.58519417076778 0.9117092000976679
7 2 13 12 -65.3675653584378 0.9684596600500236
7 2 11 11 -71.3435589006754 1.0124326567893052
7 2 11 7 -62.68892196951598 0.9709919854778217
7 2 12 9 -60.17878513060345 0.7896934555088532
7 2 11 6 -65.46747822020603 0.9801786433118916
7 2 12 4 -64.93315731547779 0.8834955962456014
7 2 12 2 -66.4389233929602 0.6905769770063332
7 2 11 2 -61.60126067471061 0.8086474300130753
7 2 13 0 -58.93546386802106 0.7723391900100555
7 5 0 12 -64.7657894497841 0.6792885696099442
7 5 2 11 -66.59623686191972 0.9637128217287508
7 5 0 11 -68.04379704853112 0.7905562204391792
7 5 3 8 -67.55927342835376 0.8894214327336806
7 5 2 9 -67.88790665157987 0.7816583107581245
7 5 0 7 -62.62311522518298 0.7626403975035602
7 5 0 8 -65.91965889800277 0.7243000590265961
7 5 1 4 -65.2411220544917 0.661667724845052
7 5 3 1 -65.75222819942279 0.8900523400217698
7 5 1 1 -58.83772121139408 0.8390788812261221
7 5 0 0 -70.75638776380673 0.7814868542887662
7 5 4 0 -57.58830329176183 0.8062241996537942
7 5 7 0 -51.900582317189304 0.7273326950912883
7 5 7 2 -39.02840332849683 0.7444952499199328
7 5 7 5 -100 0.8230319066161335
7 5 7 9 -53.639350970347785 0.9333624877715319
7 5 7 12 -52.2053705202381 1.06834389239148
7 5 6 10 -50.901862718729376 0.7542129292089167
7 5 5 10 -62.74057150570061 0.863525791494646
7 5 6 12 -55.9969019690189 0.9170618249143317
7 5 9 9 -58.20345410360989 0.8698893214003515
7 5 5 8 -47.46604622425853 0.9102002944003309
7 5 9 7 -45.901785545993 0.858179833559295
7 5 9 4 -46.07035277825506 0.9456715990211344
7 5 8 4 -42.50146672563179 0.7928855720235517
7 5 5 3 -51.35857487667293 0.8681855871075824
7 5 5 4 -53.21096463719416 0.8385715179779698
7 5 5 2 -53.79797365436766 0.7669280293608222
7 5 9 1 -61.348270956536275 0.8780916420105406
7 5 8 0 -62.62626988371453 0.816839633255374
7 5 11 0 -66.19880251291005 0.7423145291697587
7 5 13 3 -63.61559411402868 0.9023900590421079
7 5 13 6 -59.88313206760348 0.764913968729275
7 5 13 8 -62.57085693477561 0.8963757895825853
7 5 13 10 -66.23805783400117 0.9117092000976679
7 5 13 12 -65.8500173664933 0.9684596600500236
7 5 11 11 -66.09999694626434 1.0124326567893052
7 5 11 7 -64.29828871252238 0.9709919854778217
7 5 12 9 -61.00809524988115 0.7896934555088532
7 5 11 6 -59.713050629848084 0.9801786433118916
7 5 12 4 -63.303496087579106 0.8834955962456014
7 5 12 2 -63.140456128431566 0.6905769770063332
7 5 11 2 -63.158641397595225 0.8086474300130753
7 5 13 0 -65.38918822244705 0.7723391900100555
7 9 0 12 -59.657714737241385 0.6792885696099442
7 9 2 11 -64.0950934207157 0.9637128217287508
7 9 0 11 -64.5993280666053 0.7905562204391792
7 9 3 8 -60.345327418356945 0.8894214327336806
7 9 2 9 -61.65008322775111 0.7816583107581245
7 9 0 7 -67.75461547425988 0.7626403975035602
7 9 0 8 -61.63159147339375 0.7243000590265961
7 9 1 4 -61.15475633796659 0.661667724845052
7 9 3 1 -65.47752797037217 0.8900523400217698
7 9 1 1 -66.11556159815206 0.8390788812261221
7 9 0 0 -64.30921825216372 0.7814868542887662
7 9 4 0 -65.95679740548525 0.8062241996537942
7 9 7 0 -58.11892409519806 0.7273326950912883
7 9 7 2 -48.38017802624164 0.7444952499199328
7 9 7 5 -44.8262237558997 0.8230319066161335
7 9 7 9 -100 0.9333624877715319
7 9 7 12 -44.16435851939695 1.06834389239148
7 9 6 10 -46.38758995904467 0.7542129292089167
7 9 5 10 -43.19919822117422 0.863525791494646
7 9 6 12 -53.175730066222876 0.9170618249143317
7 9 9 9 -47.02308720064217 0.8698893214003515
7 9 5 8 -45.215977709153634 0.9102002944003309
7 9 9 7 -56.37096620595433 0.858179833559295
7 9 9 4 -63.21646713923458 0.9456715990211344
7 9 8 4 -55.172557419473534 0.7928855720235517
7 9 5 3 -57.3356134178285 0.8681855871075824
7 9 5 4 -56.024681954039465 0.8385715179779698
7 9 5 2 -60.494285214121625 0.7669280293608222
7 9 9 1 -62.48680371091253 0.8780916420105406
7 9 8 0 -53.98747780318394 0.816839633255374
7 9 11 0 -68.62913260388896 0.7423145291697587
7 9 13 3 -62.81865179702934 0.9023900590421079
7 9 13 6 -57.22597083731041 0.764913968729275
7 9 13 8 -60.25304807134946 0.8963757895825853
7 9 13 10 -62.99536745061898 0.9117092000976679
7 9 13 12 -62.91455268651218 0.9684596600500236
7 9 11 11 -67.02026713699085 1.0124326567893052
7 9 11 7 -66.5998166778703 0.9709919854778217
7 9 12 9 -65.38116742485025 0.7896934555088532
7 9 11 6 -62.2419469297333 0.9801786433118916
7 9 12 4 -58.82329291954473 0.8834955962456014
7 9 12 2 -73.08240110340323 0.6905769770063332
7 9 11 2 -72.39723432078027 0.8086474300130753
7 9 13 0 -68.60198663201116 0.7723391900100555
7 12 0 12 -64.42338663852853 0.6792885696099442
7 12 2 11 -63.58989318970363 0.9637128217287508
7 12 0 11 -68.75353246533858 0.7905562204391792
7 12 3 8 -69.45137786392367 0.8894214327336806
7 12 2 9 -63.493175142892454 0.7816583107581245
7 12 0 7 -65.22094806580992 0.7626403975035602
7 12 0 8 -68.42897795022249 0.7243000590265961
7 12 1 4 -70.50864559997135 0.661667724845052
7 12 3 1 -71.37258279024577 0.8900523400217698
7 12 1 1 -69.8838685087521 0.8390788812261221
7 12 0 0 -68.83838927162076 0.7814868542887662
7 12 4 0 -68.84676903638297 0.8062241996537942
7 12 7 0 -45.233774276582274 0.7273326950912883
7 12 7 2 -58.11645852216036 0.7444952499199328
7 12 7 5 -60.360428165001615 0.8230319066161335
7 12 7 9 -54.61535690327567 0.9333624877715319
7 12 7 12 -100 1.06834389239148
7 12 6 10 -58.876045400550666 0.7542129292089167
7 12 5 10 -54.669117734312415 0.863525791494646
7 12 6 12 -61.18951124244624 0.9170618249143317
7 12 9 9 -51.629302817252224 0.8698893214003515
7 12 5 8 -59.316274347697025 0.9102002944003309
7 12 9 7 -54.606446063125944 0.858179833559295
7 12 9 4 -69.39551344196275 0.9456715990211344
7 12 8 4 -57.12871869899842 0.7928855720235517
7 12 5 3 -58.04343210018018 0.8681855871075824
7 12 5 4 -64.4125313062611 0.8385715179779698
7 12 5 2 -65.94947187650372 0.7669280293608222
7 12 9 1 -60.65259397494987 0.8780916420105406
7 12 8 0 -56.20146454857045 0.816839633255374
7 12 11 0 -70.28458986541995 0.7423145291697587
7 12 13 3 -71.43125471799583 0.9023900590421079
7 12 13 6 -61.037907769929234 0.764913968729275
7 12 13 8 -59.22469935508472 0.8963757895825853
7 12 13 10 -63.0033188295483 0.9117092000976679
7 12 13 12 -61.438057336052466 0.9684596600500236
7 12 11 11 -60.247418255899255 1.0124326567893052
7 12 11 7 -62.68551220786655 0.9709919854778217
7 12 12 9 -53.91307834725107 0.7896934555088532
7 12 11 6 -64.62194673765 0.9801786433118916
7 12 12 4 -59.94365212774713 0.8834955962456014
7 12 12 2 -63.6419364509144 0.6905769770063332
7 12 11 2 -66.24161743776746 0.8086474300130753
7 12 13 0 -68.57403245406648 0.7723391900100555
6 10 0 12 -56.00664004543542 0.6792885696099442
6 10 2 11 -52.548094669226266 0.9637128217287508
6 10 0 11 -60.648579098080994 0.7905562204391792
6 10 3 8 -55.90183152283798 0.8894214327336806
6 10 2 9 -61.38139615167109 0.7816583107581245
6 10 0 7 -59.35773668472836 0.7626403975035602
6 10 0 8 -56.57899083656949 0.7243000590265961
6 10 1 4 -60.00060337416833 0.661667724845052
6 10 3 1 -68.64324139376609 0.8900523400217698
6 10 1 1 -66.50435724924793 0.8390788812261221
6 10 0 0 -65.70669847517192 0.7814868542887662
6 10 4 0 -64.88490651188508 0.8062241996537942
6 10 7 0 -55.836693166777295 0.7273326950912883
6 10 7 2 -54.67036701966019 0.7444952499199328
6 10 7 5 -49.86572930130411 0.8230319066161335
6 10 7 9 -40.74135471905758 0.9333624877715319
6 10 7 12 -53.258831753510485 1.06834389239148
6 10 6 10 -100 0.7542129292089167
6 10 5 10 -34.60975159393204 0.863525791494646
6 10 6 12 -35.13687044927802 0.9170618249143317
6 10 9 9 -35.29597618297032 0.8698893214003515
6 10 5 8 -55.73628075470933 0.9102002944003309
6 10 9 7 -60.765318845540975 0.858179833559295
6 10 9 4 -68.56553687250064 0.9456715990211344
6 10 8 4 -59.43156629529624 0.7928855720235517
6 10 5 3 -60.83761826109504 0.8681855871075824
6 10 5 4 -64.50374765183719 0.8385715179779698
6 10 5 2 -66.54196604181878 0.7669280293608222
6 10 9 1 -60.83773614337174 0.8780916420105406
6 10 8 0 -70.3915574462209 0.816839633255374
6 10 11 0 -73.28185657954018 0.7423145291697587
6 10 13 3 -63.504840753873886 0.9023900590421079
6 10 13 6 -59.85060488583484 0.764913968729275
6 10 13 8 -61.50905416991254 0.8963757895825853
6 10 13 10 -66.87879225585431 0.9117092000976679
6 10 13 12 -59.98380056823103 0.9684596600500236
6 10 11 11 -68.87918666656081 1.0124326567893052
6 10 11 7 -67.57014286299665 0.9709919854778217
6 10 12 9 -64.06038306965807 0.7896934555088532
6 10 11 6 -65.30281384557377 0.9801786433118916
6 10 12 4 -57.89183049597693 0.8834955962456014
6 10 12 2 -69.4853893854225 0.6905769770063332
6 10 11 2 -66.69883248510219 0.8086474300130753
6 10 13 0 -67.4700275021305 0.7723391900100555
5 10 0 12 -63.97388474980505 0.6792885696099442
5 10 2 11 -65.01587257414295 0.9637128217287508
5 10 0 11 -63.03862349592407 0.7905562204391792
5 10 3 8 -64.6580427869006 0.8894214327336806
5 10 2 9 -58.135357758643366 0.7816583107581245
5 10 0 7 -63.13807434674799 0.7626403975035602
5 10 0 8 -66.96305485634977 0.7243000590265961
5 10 1 4 -63.609350739963546 0.661667724845052
5 10 3 1 -66.85790711784297 0.8900523400217698
5 10 1 1 -69.2906223640218 0.8390788812261221
5 10 0 0 -77.14669961064644 0.7814868542887662
5 10 4 0 -71.63592759427189 0.8062241996537942
5 10 7 0 -65.99481740814879 0.7273326950912883
5 10 7 2 -57.189268639737264 0.7444952499199328
5 10 7 5 -60.241918619576204 0.8230319066161335
5 10 7 9 -41.97108600896662 0.9333624877715319
5 10 7 12 -56.62426635497174 1.06834389239148
5 10 6 10 -43.66791441649797 0.7542129292089167
5 10 5 10 -100 0.863525791494646
5 10 6 12 -53.91087637185538 0.9170618249143317
5 10 9 9 -52.47039968351334 0.8698893214003515
5 10 5 8 -65.24112291904977 0.9102002944003309
5 10 9 7 -61.91173929886248 0.858179833559295
5 10 9 4 -66.1507390168131 0.9456715990211344
5 10 8 4 -61.1100929270376 0.7928855720235517
5 10 5 3 -61.94626511804505 0.8681855871075824
5 10 5 4 -67.56925833311037 0.8385715179779698
5 10 5 2 -69.67639703047037 0.7669280293608222
5 10 9 1 -65.25509400939632 0.8780916420105406
5 10 8 0 -72.4644691735695 0.816839633255374
5 10 11 0 -71.04775710779101 0.7423145291697587
5 10 13 3 -68.62269634092782 0.9023900590421079
5 10 13 6 -63.674819475269594 0.764913968729275
5 10 13 8 -66.86944245826159 0.8963757895825853
5 10 13 10 -65.73737183639385 0.9117092000976679
5 10 13 12 -62.65329533688233 0.9684596600500236
5 10 11 11 -60.99383693717814 1.0124326567893052
5 10 11 7 -62.48612233057745 0.9709919854778217
5 10 12 9 -58.77727500104962 0.7896934555088532
5 10 11 6 -72.85324599161551 0.9801786433118916
5 10 12 4 -66.94530663838432 0.8834955962456014
5 10 12 2 -69.55001279092309 0.6905769770063332
5 10 11 2 -77.64033949788177 0.8086474300130753
5 10 13 0 -68.68821546929419 0.7723391900100555
6 12 0 12 -67.81942590301833 0.6792885696099442
6 12 2 11 -59.2860566073588 0.9637128217287508
6 12 0 11 -59.91386947428281 0.7905562204391792
6 12 3 8 -65.31763862119266 0.8894214327336806
6 12 2 9 -58.14529065797844 0.7816583107581245
6 12 0 7 -62.671870547179424 0.7626403975035602
6 12 0 8 -60.421413938111435 0.7243000590265961
6 12 1 4 -64.98094901734981 0.661667724845052
6 12 3 1 -67.28691024126451 0.8900523400217698
6 12 1 1 -65.45482220301736 0.8390788812261221
6 12 0 0 -68.21844033415537 0.7814868542887662
6 12 4 0 -72.13762661531585 0.8062241996537942
6 12 7 0 -63.89799031859443 0.7273326950912883
6 12 7 2 -63.13256587500383 0.7444952499199328
6 12 7 5 -64.11168008016125 0.8230319066161335
6 12 7 9 -56.57191431375502 0.9333624877715319
6 12 7 12 -58.19183766540048 1.06834389239148
6 12 6 10 -38.12472632600721 0.7542129292089167
6 12 5 10 -41.28070199778877 0.863525791494646
6 12 6 12 -100 0.9170618249143317
6 12 9 9 -56.81551851732807 0.8698893214003515
6 12 5 8 -61.298427258760256 0.9102002944003309
6 12 9 7 -64.3428192661514 0.858179833559295
6 12 9 4 -65.46845905350966 0.9456715990211344
6 12 8 4 -67.30011728782023 0.7928855720235517
6 12 5 3 -59.89301690914977 0.8681855871075824
6 12 5 4 -65.95364644309225 0.8385715179779698
6 12 5 2 -69.97127790389133 0.7669280293608222
6 12 9 1 -66.20209580099637 0.8780916420105406
6 12 8 0 -69.86773867486927 0.816839633255374
6 12 11 0 -76.8626345043157 0.7423145291697587
6 12 13 3 -65.89095596482915 0.9023900590421079
6 12 13 6 -66.15190781023901 0.764913968729275
6 12 13 8 -68.08675135146771 0.8963757895825853
6 12 13 10 -68.97885636171229 0.9117092000976679
6 12 13 12 -64.94352763789912 0.9684596600500236
6 12 11 11 -74.47370282626574 1.0124326567893052
6 12 11 7 -68.42527055262464 0.9709919854778217
6 12 12 9 -63.74658102913384 0.7896934555088532
6 12 11 6 -72.52795252025206 0.9801786433118916
6 12 12 4 -65.15932168335534 0.8834955962456014
6 12 12 2 -65.536451281701 0.6905769770063332
6 12 11 2 -78.62228469799697 0.8086474300130753
6 12 13 0 -74.70844569790675 0.7723391900100555
9 9 0 12 -66.50726176597945 0.6792885696099442
9 9 2 11 -60.22027070003492 0.9637128217287508
9 9 0 11 -70.03141564787956 0.7905562204391792
9 9 3 8 -68.50862064768219 0.8894214327336806
9 9 2 9 -66.7977915019277 0.7816583107581245
9 9 0 7 -65.55446786035442 0.7626403975035602
9 9 0 8 -65.01871721604415 0.7243000590265961
9 9 1 4 -62.52121129072513 0.661667724845052
9 9 3 1 -70.77245613052452 0.8900523400217698
9 9 1 1 -69.65628363038805 0.8390788812261221
9 9 0 0 -68.09082859166077 0.7814868542887662
9 9 4 0 -70.5084616196404 0.8062241996537942
9 9 7 0 -59.70888862171545 0.7273326950912883
9 9 7 2 -55.67337302343835 0.7444952499199328
9 9 7 5 -59.944807997768685 0.8230319066161335
9 9 7 9 -43.5115261881072 0.9333624877715319
9 9 7 12 -60.62782780927267 1.06834389239148
9 9 6 10 -46.943999023066176 0.7542129292089167
9 9 5 10 -55.2112488244766 0.863525791494646
9 9 6 12 -45.30292535003288 0.9170618249143317
9 9 9 9 -100 0.8698893214003515
9 9 5 8 -47.61551960514584 0.9102002944003309
9 9 9 7 -61.246171032796 0.858179833559295
9 9 9 4 -61.420294403985835 0.9456715990211344
9 9 8 4 -68.49971787018966 0.7928855720235517
9 9 5 3 -65.2932452898135 0.8681855871075824
9 9 5 4 -66.45786580311334 0.8385715179779698
9 9 5 2 -65.11781732062312 0.7669280293608222
9 9 9 1 -62.31904190560135 0.8780916420105406
9 9 8 0 -66.05628300710221 0.816839633255374
9 9 11 0 -71.66576783771555 0.7423145291697587
9 9 13 3 -64.60869752521053 0.9023900590421079
9 9 13 6 -66.48980436964544 0.764913968729275
9 9 13 8 -62.452522101850285 0.8963757895825853
9 9 13 10 -66.82001624584308 0.9117092000976679
9 9 13 12 -58.29455316543311 0.9684596600500236
9 9 11 11 -73.09934011080414 1.0124326567893052
9 9 11 7 -65.58171483281141 0.9709919854778217
9 9 12 9 -60.894507928676354 0.7896934555088532
9 9 11 6 -67.19559814891528 0.9801786433118916
9 9 12 4 -62.86085221937915 0.8834955962456014
9 9 12 2 -66.32969458177405 0.6905769770063332
9 9 11 2 -70.53183117731784 0.8086474300130753
9 9 13 0 -65.87461491229023 0.7723391900100555
5 8 0 12 -64.29675215535379 0.6792885696099442
5 8 2 11 -66.18465796487035 0.9637128217287508
5 8 0 11 -67.43586287815546 0.7905562204391792
5 8 3 8 -61.18217324935907 0.8894214327336806
5 8 2 9 -62.65918902446337 0.7816583107581245
5 8 0 7 -63.20232596279996 0.7626403975035602
5 8 0 8 -65.0160260622739 0.7243000590265961
5 8 1 4 -64.61909054461682 0.661667724845052
5 8 3 1 -64.62268008934653 0.8900523400217698
5 8 1 1 -66.49949489747992 0.8390788812261221
5 8 0 0 -69.08715768151013 0.7814868542887662
5 8 4 0 -69.88614333954716 0.8062241996537942
5 8 7 0 -57.06540762696394 0.7273326950912883
5 8 7 2 -58.23956202646246 0.7444952499199328
5 8 7 5 -46.768547247159276 0.8230319066161335
5 8 7 9 -37.76403001569775 0.9333624877715319
5 8 7 12 -64.5577586795669 1.06834389239148
5 8 6 10 -57.72652311979987 0.7542129292089167
5 8 5 10 -57.09575773259201 0.863525791494646
5 8 6 12 -68.78595551360279 0.9170618249143317
5 8 9 9 -55.974931138065145 0.8698893214003515
5 8 5 8 -100 0.9102002944003309
5 8 9 7 -48.169171178202454 0.858179833559295
5 8 9 4 -56.01819939086786 0.9456715990211344
5 8 8 4 -53.60482327320945 0.7928855720235517
5 8 5 3 -61.85156423352118 0.8681855871075824
5 8 5 4 -60.64559978973129 0.8385715179779698
5 8 5 2 -62.1950173018678 0.7669280293608222
5 8 9 1 -66.35802887797921 0.8780916420105406
5 8 8 0 -58.99653598255509 0.816839633255374
5 8 11 0 -65.4181067494684 0.7423145291697587
5 8 13 3 -61.96089601354199 0.9023900590421079
5 8 13 6 -63.49584259969264 0.764913968729275
5 8 13 8 -61.7491072938407 0.8963757895825853
5 8 13 10 -64.81964437347084 0.9117092000976679
5 8 13 12 -65.92904181789875 0.9684596600500236
5 8 11 11 -67.41372428459508 1.0124326567893052
5 8 11 7 -62.02111022437262 0.9709919854778217
5 8 12 9 -59.11509044564987 0.7896934555088532
5 8 11 6 -64.66110426784454 0.9801786433118916
5 8 12 4 -69.16225425854904 0.8834955962456014
5 8 12 2 -62.74876251837495 0.6905769770063332
5 8 11 2 -70.88758509421244 0.8086474300130753
5 8 13 0 -69.13545618493846 0.7723391900100555
9 7 0 12 -68.66559556525307 0.6792885696099442
9 7 2 11 -70.22433165557821 0.9637128217287508
9 7 0 11 -69.0607391842219 0.7905562204391792
9 7 3 8 -67.40889959756427 0.8894214327336806
9 7 2 9 -66.01375400601066 0.7816583107581245
9 7 0 7 -59.44657917670988 0.7626403975035602
9 7 0 8 -69.34036020619651 0.7243000590265961
9 7 1 4 -66.75708397890884 0.661667724845052
9 7 3 1 -69.51001692535698 0.8900523400217698
9 7 1 1 -63.4646255913744 0.8390788812261221
9 7 0 0 -67.67802401786622 0.7814868542887662
9 7 4 0 -72.48114531365249 0.8062241996537942
9 7 7 0 -71.16307591444753 0.7273326950912883
9 7 7 2 -60.98565496618288 0.7444952499199328
9 7 7 5 -40.78869667271513 0.8230319066161335
9 7 7 9 -62.17237183967806 0.9333624877715319
9 7 7 12 -61.45152893329448 1.06834389239148
9 7 6 10 -57.96494576364345 0.7542129292089167
9 7 5 10 -60.63500313131284 0.863525791494646
9 7 6 12 -63.32883522992966 0.9170618249143317
9 7 9 9 -58.746334794220914 0.8698893214003515
9 7 5 8 -54.68373726810857 0.9102002944003309
9 7 9 7 -100 0.858179833559295
9 7 9 4 -57.09513876401364 0.9456715990211344
9 7 8 4 -57.64464898437597 0.7928855720235517
9 7 5 3 -53.39666295667033 0.8681855871075824
9 7 5 4 -62.30926815621738 0.8385715179779698
9 7 5 2 -67.08113566233746 0.7669280293608222
9 7 9 1 -63.11070320656193 0.8780916420105406
9 7 8 0 -61.67063973604442 0.816839633255374
9 7 11 0 -69.90223547675535 0.7423145291697587
9 7 13 3 -57.462049561180486 0.9023900590421079
9 7 13 6 -59.49297163036623 0.764913968729275
9 7 13 8 -61.70788049683044 0.8963757895825853
9 7 13 10 -63.95616984515939 0.9117092000976679
9 7 13 12 -64.7638174595507 0.9684596600500236
9 7 11 11 -71.77598026943993 1.0124326567893052
9 7 11 7 -63.81180747968137 0.9709919854778217
9 7 12 9 -59.06738870512344 0.7896934555088532
9 7 11 6 -62.54970037756105 0.9801786433118916
9 7 12 4 -62.73803072363569 0.8834955962456014
9 7 12 2 -67.42134706676498 0.6905769770063332
9 7 11 2 -67.223964775142 0.8086474300130753
9 7 13 0 -68.0439285047908 0.7723391900100555
9 4 0 12 -66.84275149930258 0.6792885696099442
9 4 2 11 -72.17587017933752 0.9637128217287508
9 4 0 11 -69.10191287796184 0.7905562204391792
9 4 3 8 -70.70887511371394 0.8894214327336806
9 4 2 9 -66.67316408815205 0.7816583107581245
9 4 0 7 -64.51662302317685 0.7626403975035602
9 4 0 8 -69.46780946689856 0.7243000590265961
9 4 1 4 -66.74337913784213 0.661667724845052
9 4 3 1 -66.23112942230935 0.8900523400217698
9 4 1 1 -66.9655228640915 0.8390788812261221
9 4 0 0 -62.734181794041355 0.7814868542887662
9 4 4 0 -63.410598874080435 0.8062241996537942
9 4 7 0 -56.81069771139278 0.7273326950912883
9 4 7 2 -50.80553555917936 0.7444952499199328
9 4 7 5 -42.04324860832664 0.8230319066161335
9 4 7 9 -61.2634634646186 0.9333624877715319
9 4 7 12 -63.47940984202756 1.06834389239148
9 4 6 10 -60.659565623565825 0.7542129292089167
9 4 5 10 -64.51395335929827 0.863525791494646
9 4 6 12 -65.6971565584345 0.9170618249143317
9 4 9 9 -63.655483394956235 0.8698893214003515
9 4 5 8 -60.02444279788513 0.9102002944003309
9 4 9 7 -56.95501204376007 0.858179833559295
9 4 9 4 -100 0.9456715990211344
9 4 8 4 -37.65187778294121 0.7928855720235517
9 4 5 3 -55.747994254514516 0.8681855871075824
9 4 5 4 -53.931538596889666 0.8385715179779698
9 4 5 2 -64.20732864440139 0.7669280293608222
9 4 9 1 -54.309794502882006 0.8780916420105406
9 4 8 0 -69.93462912059226 0.816839633255374
9 4 11 0 -69.18067955484176 0.7423145291697587
9 4 13 3 -59.128519118822744 0.9023900590421079
9 4 13 6 -61.68891163829879 0.764913968729275
9 4 13 8 -61.81714388057912 0.8963757895825853
9 4 13 10 -64.70701192690521 0.9117092000976679
9 4 13 12 -66.29579063122897 0.9684596600500236
9 4 11 11 -67.83780589486574 1.0124326567893052
9 4 11 7 -62.68815879167399 0.9709919854778217
9 4 12 9 -63.54255301984457 0.7896934555088532
9 4 11 6 -61.043613137002396 0.9801786433118916
9 4 12 4 -60.11717982041461 0.8834955962456014
9 4 12 2 -59.4503256179094 0.6905769770063332
9 4 11 2 -63.401709225392516 0.8086474300130753
9 4 13 0 -58.280552634185256 0.7723391900100555
8 4 0 12 -70.01770446496425 0.6792885696099442
8 4 2 11 -64.52955625260934 0.9637128217287508
8 4 0 11 -69.56295896322544 0.7905562204391792
8 4 3 8 -73.92414945819003 0.8894214327336806
8 4 2 9 -67.52619073200034 0.7816583107581245
8 4 0 7 -72.07044246324052 0.7626403975035602
8 4 0 8 -66.41804860130884 0.7243000590265961
8 4 1 4 -64.38902107984221 0.661667724845052
8 4 3 1 -65.21012738710802 0.8900523400217698
8 4 1 1 -62.95285440638673 0.8390788812261221
8 4 0 0 -66.65942984915573 0.7814868542887662
8 4 4 0 -64.54393994325436 0.8062241996537942
8 4 7 0 -57.14611664865503 0.7273326950912883
8 4 7 2 -41.47892248924577 0.7444952499199328
8 4 7 5 -40.81135716771478 0.8230319066161335
8 4 7 9 -56.430992281187656 0.9333624877715319
8 4 7 12 -63.58281958913925 1.06834389239148
8 4 6 10 -59.59822936540827 0.7542129292089167
8 4 5 10 -60.672255661436765 0.863525791494646
8 4 6 12 -63.362558123049226 0.9170618249143317
8 4 9 9 -61.71304681875848 0.8698893214003515
8 4 5 8 -54.261094559357296 0.9102002944003309
8 4 9 7 -58.574235214476026 0.858179833559295
8 4 9 4 -34.4983401834011 0.9456715990211344
8 4 8 4 -100 0.7928855720235517
8 4 5 3 -56.62635271895623 0.8681855871075824
8 4 5 4 -49.3694246703806 0.8385715179779698
8 4 5 2 -59.53735411535853 0.7669280293608222
8 4 9 1 -47.487316345309196 0.8780916420105406
8 4 8 0 -60.56602523925157 0.816839633255374
8 4 11 0 -68.95569921385555 0.7423145291697587
8 4 13 3 -65.11911209855019 0.9023900590421079
8 4 13 6 -57.17026539506921 0.764913968729275
8 4 13 8 -65.62383769242841 0.8963757895825853
8 4 13 10 -66.29394624926839 0.9117092000976679
8 4 13 12 -64.51509082070895 0.9684596600500236
8 4 11 11 -69.99221015312716 1.0124326567893052
8 4 11 7 -64.73421949037689 0.9709919854778217
8 4 12 9 -61.897430123171404 0.7896934555088532
8 4 11 6 -59.98898500317554 0.9801786433118916
8 4 12 4 -62.56462857544849 0.8834955962456014
8 4 12 2 -68.89953781086307 0.6905769770063332
8 4 11 2 -63.10256539179893 0.8086474300130753
8 4 13 0 -62.05838639176814 0.7723391900100555
5 3 0 12 -65.84102292611095 0.6792885696099442
5 3 2 11 -71.63362494698741 0.9637128217287508
5 3 0 11 -68.8659770402725 0.7905562204391792
5 3 3 8 -66.88883251546626 0.8894214327336806
5 3 2 9 -61.72007156022775 0.7816583107581245
5 3 0 7 -62.1004124947312 0.7626403975035602
5 3 0 8 -62.916590305587285 0.7243000590265961
5 3 1 4 -62.147667599300696 0.661667724845052
5 3 3 1 -59.46573312453799 0.8900523400217698
5 3 1 1 -65.31149321372571 0.8390788812261221
5 3 0 0 -70.38430097906524 0.7814868542887662
5 3 4 0 -69.19211024803775 0.8062241996537942
5 3 7 0 -65.15323046876061 0.7273326950912883
5 3 7 2 -48.64713229173796 0.7444952499199328
5 3 7 5 -52.073003408155714 0.8230319066161335
5 3 7 9 -59.75659479801914 0.9333624877715319
5 3 7 12 -67.9389864763572 1.06834389239148
5 3 6 10 -60.098240493578515 0.7542129292089167
5 3 5 10 -58.29547106884729 0.863525791494646
5 3 6 12 -62.41177249195915 0.9170618249143317
5 3 9 9 -65.6466035834482 0.8698893214003515
5 3 5 8 -58.72607122275589 0.9102002944003309
5 3 9 7 -57.115507013884674 0.858179833559295
5 3 9 4 -59.40271786249314 0.9456715990211344
5 3 8 4 -57.021725554351335 0.7928855720235517
5 3 5 3 -100 0.8681855871075824
5 3 5 4 -41.79791204603271 0.8385715179779698
5 3 5 2 -56.359290593311385 0.7669280293608222
5 3 9 1 -60.451474976905274 0.8780916420105406
5 3 8 0 -64.91036305828776 0.816839633255374
5 3 11 0 -69.89830752872678 0.7423145291697587
5 3 13 3 -67.85013954474535 0.9023900590421079
5 3 13 6 -63.2189980539908 0.764913968729275
5 3 13 8 -70.30149978370977 0.8963757895825853
5 3 13 10 -70.6868182683542 0.9117092000976679
5 3 13 12 -63.180378308709564 0.9684596600500236
5 3 11 11 -73.45933324541889 1.0124326567893052
5 3 11 7 -63.21159284641937 0.9709919854778217
5 3 12 9 -64.79679122826252 0.7896934555088532
5 3 11 6 -66.2220150483625 0.9801786433118916
5 3 12 4 -61.38461611415194 0.8834955962456014
5 3 12 2 -60.9548263354658 0.6905769770063332
5 3 11 2 -71.4246704303062 0.8086474300130753
5 3 13 0 -68.24805159634144 0.7723391900100555
5 4 0 12 -66.79039104366183 0.6792885696099442
5 4 2 11 -67.09928908189252 0.9637128217287508
5 4 0 11 -69.49555029044429 0.7905562204391792
5 4 3 8 -66.97112835018005 0.8894214327336806
5 4 2 9 -64.9488198481849 0.7816583107581245
5 4 0 7 -61.985444695492745 0.7626403975035602
5 4 0 8 -64.95253834410103 0.7243000590265961
5 4 1 4 -66.00628095984491 0.661667724845052
5 4 3 1 -61.32101262208333 0.8900523400217698
5 4 1 1 -68.40286465412935 0.8390788812261221
5 4 0 0 -66.59120428866893 0.7814868542887662
5 4 4 0 -67.8037724948454 0.8062241996537942
5 4 7 0 -61.4180123647369 0.7273326950912883
5 4 7 2 -51.96543535600462 0.7444952499199328
5 4 7 5 -54.79709242193762 0.8230319066161335
5 4 7 9 -58.48010349183421 0.9333624877715319
5 4 7 12 -63.54170765261069 1.06834389239148
5 4 6 10 -61.49469681269351 0.7542129292089167
5 4 5 10 -58.10896831146206 0.863525791494646
5 4 6 12 -64.30813157687743 0.9170618249143317
5 4 9 9 -61.58595504181838 0.8698893214003515
5 4 5 8 -55.25766257793831 0.9102002944003309
5 4 9 7 -58.17211550581919 0.858179833559295
5 4 9 4 -51.593343415171745 0.9456715990211344
5 4 8 4 -43.17197303198103 0.7928855720235517
5 4 5 3 -34.797746756783674 0.8681855871075824
5 4 5 4 -100 0.8385715179779698
5 4 5 2 -60.85369093206029 0.7669280293608222
5 4 9 1 -54.679138635845725 0.8780916420105406
5 4 8 0 -68.15687064228028 0.816839633255374
5 4 11 0 -69.04199357718113 0.7423145291697587
5 4 13 3 -66.57025628205646 0.9023900590421079
5 4 13 6 -70.00606903941214 0.764913968729275
5 4 13 8 -67.81526670312088 0.8963757895825853
5 4 13 10 -73.2112679703715 0.9117092000976679
5 4 13 12 -67.66293228923611 0.9684596600500236
5 4 11 11 -74.97506172475632 1.0124326567893052
5 4 11 7 -63.62401645438744 0.9709919854778217
5 4 12 9 -68.7023303237381 0.7896934555088532
5 4 11 6 -60.942002367783616 0.9801786433118916
5 4 12 4 -61.1090352615141 0.8834955962456014
5 4 12 2 -62.85074884050246 0.6905769770063332
5 4 11 2 -65.82380386377484 0.8086474300130753
5 4 13 0 -70.00593585381877 0.7723391900100555
5 2 0 12 -70.8177625965356 0.6792885696099442
5 2 2 11 -75.49630612532131 0.9637128217287508
5 2 0 11 -74.29989094869191 0.7905562204391792
5 2 3 8 -72.44000211580146 0.8894214327336806
5 2 2 9 -71.69301860607942 0.7816583107581245
5 2 0 7 -66.03385342377692 0.7626403975035602
5 2 0 8 -70.30714738890343 0.7243000590265961
5 2 1 4 -62.44936838570948 0.661667724845052
5 2 3 1 -65.03348137272297 0.8900523400217698
5 2 1 1 -60.6492520141564 0.8390788812261221
5 2 0 0 -65.75605452870937 0.7814868542887662
5 2 4 0 -63.636630856255564 0.8062241996537942
5 2 7 0 -49.94338127893139 0.7273326950912883
5 2 7 2 -49.6395737837316 0.7444952499199328
5 2 7 5 -59.79098463037075 0.8230319066161335
5 2 7 9 -68.1854556730616 0.9333624877715319
5 2 7 12 -66.11527600779947 1.06834389239148
5 2 6 10 -70.57897640458533 0.7542129292089167
5 2 5 10 -66.07048580327088 0.863525791494646
5 2 6 12 -67.85268136671174 0.9170618249143317
5 2 9 9 -71.53011470563426 0.8698893214003515
5 2 5 8 -62.19679310158048 0.9102002944003309
5 2 9 7 -59.48834165861367 0.858179833559295
5 2 9 4 -61.30268254341252 0.9456715990211344
5 2 8 4 -55.06354830173511 0.7928855720235517
5 2 5 3 -65.5617818306889 0.8681855871075824
5 2 5 4 -59.99742548091638 0.8385715179779698
5 2 5 2 -100 0.7669280293608222
5 2 9 1 -57.474707964051376 0.8780916420105406
5 2 8 0 -56.973711572045026 0.816839633255374
5 2 11 0 -64.2902015983733 0.7423145291697587
5 2 13 3 -62.09527288795364 0.9023900590421079
5 2 13 6 -60.67381527266775 0.764913968729275
5 2 13 8 -72.817744074333 0.8963757895825853
5 2 13 10 -74.477551059769 0.9117092000976679
5 2 13 12 -69.41695929399728 0.9684596600500236
5 2 11 11 -73.85620793856285 1.0124326567893052
5 2 11 7 -71.55354426282834 0.9709919854778217
5 2 12 9 -71.93085567403632 0.7896934555088532
5 2 11 6 -62.03434671230128 0.9801786433118916
5 2 12 4 -61.05680280332063 0.8834955962456014
5 2 12 2 -60.55458307590461 0.6905769770063332
5 2 11 2 -66.8286155676275 0.8086474300130753
5 2 13 0 -69.9526403824927 0.7723391900100555
9 1 0 12 -69.6867804540425 0.6792885696099442
9 1 2 11 -71.62642340288461 0.9637128217287508
9 1 0 11 -75.22980573000503 0.7905562204391792
9 1 3 8 -73.48124254110665 0.8894214327336806
9 1 2 9 -73.2678201762001 0.7816583107581245
9 1 0 7 -61.11440965358187 0.7626403975035602
9 1 0 8 -62.33365444258969 0.7243000590265961
9 1 1 4 -58.549201935343326 0.661667724845052
9 1 3 1 -64.60044422561464 0.8900523400217698
9 1 1 1 -62.33722364445811 0.8390788812261221
9 1 0 0 -62.827096943354114 0.7814868542887662
9 1 4 0 -55.11236685959482 0.8062241996537942
9 1 7 0 -49.32675319747291 0.7273326950912883
9 1 7 2 -45.50983899112873 0.7444952499199328
9 1 7 5 -55.673232736717324 0.8230319066161335
9 1 7 9 -59.52476875825201 0.9333624877715319
9 1 7 12 -63.55791994809929 1.06834389239148
9 1 6 10 -60.98300108392038 0.7542129292089167
9 1 5 10 -65.2744859178986 0.863525791494646
9 1 6 12 -69.13106585421559 0.9170618249143317
9 1 9 9 -61.48264932560716 0.8698893214003515
9 1 5 8 -59.34720825386562 0.9102002944003309
9 1 9 7 -53.04039837090561 0.858179833559295
9 1 9 4 -52.787138092015425 0.9456715990211344
9 1 8 4 -51.88765458380913 0.7928855720235517
9 1 5 3 -55.93649326530449 0.8681855871075824
9 1 5 4 -53.08058558517939 0.8385715179779698
9 1 5 2 -45.770150963496036 0.7669280293608222
9 1 9 1 -100 0.8780916420105406
9 1 8 0 -54.88930365541241 0.816839633255374
9 1 11 0 -61.864439541508816 0.7423145291697587
9 1 13 3 -58.536529280177454 0.9023900590421079
9 1 13 6 -63.85513695884465 0.764913968729275
9 1 13 8 -63.35303149006245 0.8963757895825853
9 1 13 10 -68.19996417203126 0.9117092000976679
9 1 13 12 -66.74497541036258 0.9684596600500236
9 1 11 11 -72.05264534614443 1.0124326567893052
9 1 11 7 -62.033600733027484 0.9709919854778217
9 1 12 9 -63.93777613724137 0.7896934555088532
9 1 11 6 -54.722877653789034 0.9801786433118916
9 1 12 4 -56.56330926991623 0.8834955962456014
9 1 12 2 -55.59615215257289 0.6905769770063332
9 1 11 2 -56.34468601258776 0.8086474300130753
9 1 13 0 -61.57033981309076 0.7723391900100555
8 0 0 12 -70.68806439429017 0.6792885696099442
8 0 2 11 -73.19959718095542 0.9637128217287508
8 0 0 11 -70.69878015288528 0.7905562204391792
8 0 3 8 -72.77654768794972 0.8894214327336806
8 0 2 9 -72.48548891570455 0.7816583107581245
8 0 0 7 -68.02169011818111 0.7626403975035602
8 0 0 8 -66.89816590407438 0.7243000590265961
8 0 1 4 -67.20241047854792 0.661667724845052
8 0 3 1 -63.16969118872562 0.8900523400217698
8 0 1 1 -60.147976076937546 0.8390788812261221
8 0 0 0 -52.40597461613695 0.7814868542887662
8 0 4 0 -42.008940697527954 0.8062241996537942
8 0 7 0 -41.0545652458029 0.7273326950912883
8 0 7 2 -55.50553642746258 0.7444952499199328
8 0 7 5 -59.007130432732374 0.8230319066161335
8 0 7 9 -67.12599055439183 0.9333624877715319
8 0 7 12 -69.24518421262157 1.06834389239148
8 0 6 10 -62.17094376707987 0.7542129292089167
8 0 5 10 -72.6372124591368 0.863525791494646
8 0 6 12 -71.17359985688694 0.9170618249143317
8 0 9 9 -72.12147134218519 0.8698893214003515
8 0 5 8 -62.688550718210415 0.9102002944003309
8 0 9 7 -63.706537496880195 0.858179833559295
8 0 9 4 -62.47079288997225 0.9456715990211344
8 0 8 4 -65.12486384414173 0.7928855720235517
8 0 5 3 -63.36862789237998 0.8681855871075824
8 0 5 4 -62.70126065462943 0.8385715179779698
8 0 5 2 -51.81860149597994 0.7669280293608222
8 0 9 1 -54.18433296347713 0.8780916420105406
8 0 8 0 -100 0.816839633255374
8 0 11 0 -43.94238111166022 0.7423145291697587
8 0 13 3 -63.21447893634501 0.9023900590421079
8 0 13 6 -59.64360413488865 0.764913968729275
8 0 13 8 -68.51925935711193 0.8963757895825853
8 0 13 10 -65.33866180037388 0.9117092000976679
8 0 13 12 -64.53025719650763 0.9684596600500236
8 0 11 11 -73.34488843836458 1.0124326567893052
8 0 11 7 -66.01027457270548 0.9709919854778217
8 0 12 9 -66.8112852100557 0.7896934555088532
8 0 11 6 -57.767957045538566 0.9801786433118916
8 0 12 4 -65.28957859710319 0.8834955962456014
8 0 12 2 -60.220635795884824 0.6905769770063332
8 0 11 2 -64.79576207428512 0.8086474300130753
8 0 13 0 -45.19893734193893 0.7723391900100555
11 0 0 12 -80.12037448704496 0.6792885696099442
11 0 2 11 -77.38327745115085 0.9637128217287508
11 0 0 11 -76.90431412447376 0.7905562204391792
11 0 3 8 -80.79245492529569 0.8894214327336806
11 0 2 9 -75.04893030229186 0.7816583107581245
11 0 0 7 -70.08260433235355 0.7626403975035602
11 0 0 8 -73.94109747937374 0.7243000590265961
11 0 1 4 -71.54951961144049 0.661667724845052
11 0 3 1 -66.98581228309847 0.8900523400217698
11 0 1 1 -62.945658403841335 0.8390788812261221
11 0 0 0 -59.37102714433112 0.7814868542887662
11 0 4 0 -50.893405443815205 0.8062241996537942
11 0 7 0 -51.917580435024504 0.7273326950912883
11 0 7 2 -58.03152381236031 0.7444952499199328
11 0 7 5 -60.172597114388665 0.8230319066161335
11 0 7 9 -65.85696592069264 0.9333624877715319
11 0 7 12 -66.63661412847175 1.06834389239148
11 0 6 10 -66.34822203171078 0.7542129292089167
11 0 5 10 -66.92464045731313 0.863525791494646
11 0 6 12 -72.69571506994751 0.9170618249143317
11 0 9 9 -60.35876355962328 0.8698893214003515
11 0 5 8 -69.36028920175903 0.9102002944003309
11 0 9 7 -64.70298995289666 0.858179833559295
11 0 9 4 -68.66337010278927 0.9456715990211344
11 0 8 4 -64.2422823144743 0.7928855720235517
11 0 5 3 -67.9175694170667 0.8681855871075824
11 0 5 4 -67.30127824667528 0.8385715179779698
11 0 5 2 -62.697651848259284 0.7669280293608222
11 0 9 1 -70.62013155561482 0.8780916420105406
11 0 8 0 -46.86857826630897 0.816839633255374
11 0 11 0 -100 0.7423145291697587
11 0 13 3 -57.377021161265965 0.9023900590421079
11 0 13 6 -59.68827130556506 0.764913968729275
11 0 13 8 -61.553016559752976 0.8963757895825853
11 0 13 10 -58.098832382128975 0.9117092000976679
11 0 13 12 -60.62428983104057 0.9684596600500236
11 0 11 11 -67.37522804080034 1.0124326567893052
11 0 11 7 -66.21662575909785 0.9709919854778217
11 0 12 9 -60.19921503042386 0.7896934555088532
11 0 11 6 -57.85800537274213 0.9801786433118916
11 0 12 4 -62.007738097904365 0.8834955962456014
11 0 12 2 -56.690997577728254 0.6905769770063332
11 0 11 2 -60.18065402981328 0.8086474300130753
11 0 13 0 -39.58522063306886 0.7723391900100555
13 3 0 12 -74.39618588679203 0.6792885696099442
13 3 2 11 -70.50491554382243 0.9637128217287508
13 3 0 11 -73.85103018632933 0.7905562204391792
13 3 3 8 -77.07812040538523 0.8894214327336806
13 3 2 9 -68.52010230947037 0.7816583107581245
13 3 0 7 -73.96192096193953 0.7626403975035602
13 3 0 8 -69.2568490964418 0.7243000590265961
13 3 1 4 -71.65792200672546 0.661667724845052
13 3 3 1 -74.96465410872132 0.8900523400217698
13 3 1 1 -66.27821686062347 0.8390788812261221
13 3 0 0 -64.68422207161058 0.7814868542887662
13 3 4 0 -70.56182293643641 0.8062241996537942
13 3 7 0 -65.71740930414093 0.7273326950912883
13 3 7 2 -58.905357710126054 0.7444952499199328
13 3 7 5 -64.75619211860062 0.8230319066161335
13 3 7 9 -66.50038073814686 0.9333624877715319
13 3 7 12 -66.3186091205388 1.06834389239148
13 3 6 10 -66.63555412589572 0.7542129292089167
13 3 5 10 -64.59779575721669 0.863525791494646
13 3 6 12 -68.51109240944152 0.9170618249143317
13 3 9 9 -66.11034439463221 0.8698893214003515
13 3 5 8 -64.51315960420892 0.9102002944003309
13 3 9 7 -59.79897046614038 0.858179833559295
13 3 9 4 -61.59968208999986 0.9456715990211344
13 3 8 4 -58.912857726962436 0.7928855720235517
13 3 5 3 -57.04176224569837 0.8681855871075824
13 3 5 4 -64.13804680844446 0.8385715179779698
13 3 5 2 -63.27818874725616 0.7669280293608222
13 3 9 1 -63.65852357550531 0.8780916420105406
13 3 8 0 -58.59001133076338 0.816839633255374
13 3 11 0 -49.351219624278386 0.7423145291697587
13 3 13 3 -100 0.9023900590421079
13 3 13 6 -41.567518054859164 0.764913968729275
13 3 13 8 -47.23179289295866 0.8963757895825853
13 3 13 10 -50.949560922116106 0.9117092000976679
13 3 13 12 -56.58248398032716 0.9684596600500236
13 3 11 11 -59.87350817094478 1.0124326567893052
13 3 11 7 -57.21519038360328 0.9709919854778217
13 3 12 9 -59.08040527681385 0.7896934555088532
13 3 11 6 -50.94271805985783 0.9801786433118916
13 3 12 4 -51.32525496288396 0.8834955962456014
13 3 12 2 -54.16998691838746 0.6905769770063332
13 3 11 2 -55.87770032911803 0.8086474300130753
13 3 13 0 -46.17310905380573 0.7723391900100555
13 6 0 12 -64.96572242872487 0.6792885696099442
13 6 2 11 -66.28906308562294 0.9637128217287508
13 6 0 11 -69.72463130193907 0.7905562204391792
13 6 3 8 -68.34870068355046 0.8894214327336806
13 6 2 9 -72.02873783970826 0.7816583107581245
13 6 0 7 -64.46764727935683 0.7626403975035602
13 6 0 8 -65.80816484528353 0.7243000590265961
13 6 1 4 -62.0184825835096 0.661667724845052
13 6 3 1 -67.68485701037237 0.8900523400217698
13 6 1 1 -63.83225551247719 0.8390788812261221
13 6 0 0 -71.77749006715523 0.7814868542887662
13 6 4 0 -64.26190352542268 0.8062241996537942
13 6 7 0 -60.80207748918254 0.7273326950912883
13 6 7 2 -61.14196216732877 0.7444952499199328
13 6 7 5 -53.53584597826745 0.8230319066161335
13 6 7 9 -60.66856123591986 0.9333624877715319
13 6 7 12 -63.937294281457255 1.06834389239148
13 6 6 10 -56.708230048566065 0.7542129292089167
13 6 5 10 -56.65614069628528 0.863525791494646
13 6 6 12 -66.3928168109465 0.9170618249143317
13 6 9 9 -59.717939376840405 0.8698893214003515
13 6 5 8 -62.31768300223448 0.9102002944003309
13 6 9 7 -64.51272754590846 0.858179833559295
13 6 9 4 -60.075896792504004 0.9456715990211344
13 6 8 4 -60.15156450281094 0.7928855720235517
13 6 5 3 -59.96443979706169 0.8681855871075824
13 6 5 4 -66.803657971165 0.8385715179779698
13 6 5 2 -59.78999942402893 0.7669280293608222
13 6 9 1 -62.38655371000698 0.8780916420105406
13 6 8 0 -66.46679313276667 0.816839633255374
13 6 11 0 -50.49336368000377 0.7423145291697587
13 6 13 3 -35.724876447712326 0.9023900590421079
13 6 13 6 -100 0.764913968729275
13 6 13 8 -42.78910757369162 0.8963757895825853
13 6 13 10 -48.37925150158129 0.9117092000976679
13 6 13 12 -52.71740787225501 0.9684596600500236
13 6 11 11 -64.47938515720972 1.0124326567893052
13 6 11 7 -52.258865870372425 0.9709919854778217
13 6 12 9 -45.349306931141555 0.7896934555088532
13 6 11 6 -40.81347261885064 0.9801786433118916
13 6 12 4 -51.14443336167308 0.8834955962456014
13 6 12 2 -59.099056191050096 0.6905769770063332
13 6 11 2 -56.544705678305334 0.8086474300130753
13 6 13 0 -47.17201391588829 0.7723391900100555
13 8 0 12 -75.48044067204863 0.6792885696099442
13 8 2 11 -74.66556038988311 0.9637128217287508
13 8 0 11 -73.35636620333129 0.7905562204391792
13 8 3 8 -67.24139725955078 0.8894214327336806
13 8 2 9 -64.6708588317045 0.7816583107581245
13 8 0 7 -67.91972019829565 0.7626403975035602
13 8 0 8 -81.19773779540637 0.7243000590265961
13 8 1 4 -69.8614237915263 0.661667724845052
13 8 3 1 -74.66565281285753 0.8900523400217698
13 8 1 1 -68.33323005702363 0.8390788812261221
13 8 0 0 -70.18605913587824 0.7814868542887662
13 8 4 0 -71.53881067867843 0.8062241996537942
13 8 7 0 -73.990467102597 0.7273326950912883
13 8 7 2 -64.29580401190934 0.7444952499199328
13 8 7 5 -60.80663683320717 0.8230319066161335
13 8 7 9 -63.867659352800715 0.9333624877715319
13 8 7 12 -56.363735681557564 1.06834389239148
13 8 6 10 -65.75435913236952 0.7542129292089167
13 8 5 10 -67.5602468247633 0.863525791494646
13 8 6 12 -66.86106364876537 0.9170618249143317
13 8 9 9 -67.87968592183175 0.8698893214003515
13 8 5 8 -66.33006546284986 0.9102002944003309
13 8 9 7 -65.73393755364674 0.858179833559295
13 8 9 4 -65.074589102287 0.9456715990211344
13 8 8 4 -62.913963825992965 0.7928855720235517
13 8 5 3 -63.98095796845143 0.8681855871075824
13 8 5 4 -68.07251407106335 0.8385715179779698
13 8 5 2 -70.28118429017763 0.7669280293608222
13 8 9 1 -62.11795937467525 0.8780916420105406
13 8 8 0 -63.490879052963855 0.816839633255374
13 8 11 0 -57.530576993460066 0.7423145291697587
13 8 13 3 -45.777104725754874 0.9023900590421079
13 8 13 6 -39.17679490929329 0.764913968729275
13 8 13 8 -100 0.8963757895825853
13 8 13 10 -42.97791379033161 0.9117092000976679
13 8 13 12 -44.37217904196725 0.9684596600500236
13 8 11 11 -54.10590047590732 1.0124326567893052
13 8 11 7 -46.37377832490147 0.9709919854778217
13 8 12 9 -59.022000362801485 0.7896934555088532
13 8 11 6 -58.982728505253355 0.9801786433118916
13 8 12 4 -54.52749002425169 0.8834955962456014
13 8 12 2 -62.27897760392213 0.6905769770063332
13 8 11 2 -63.81347309764952 0.8086474300130753
13 8 13 0 -52.96679137178432 0.7723391900100555
13 10 0 12 -72.48880315647466 0.6792885696099442
13 10 2 11 -72.89442266506884 0.9637128217287508
13 10 0 11 -71.9276051435986 0.7905562204391792
13 10 3 8 -73.49734984859238 0.8894214327336806
13 10 2 9 -72.40891223456906 0.7816583107581245
13 10 0 7 -73.49302219530475 0.7626403975035602
13 10 0 8 -75.2213253865086 0.7243000590265961
13 10 1 4 -72.58532555923244 0.661667724845052
13 10 3 1 -72.36046861772105 0.8900523400217698
13 10 1 1 -74.87613337344156 0.8390788812261221
13 10 0 0 -71.2292103261787 0.7814868542887662
13 10 4 0 -72.42514534700878 0.8062241996537942
13 10 7 0 -69.50091765192683 0.7273326950912883
13 10 7 2 -66.62485371091907 0.7444952499199328
13 10 7 5 -69.41421568119404 0.8230319066161335
13 10 7 9 -68.14410828908211 0.9333624877715319
13 10 7 12 -59.437761607334565 1.06834389239148
13 10 6 10 -65.17523782332663 0.7542129292089167
13 10 5 10 -67.2329867035422 0.863525791494646
13 10 6 12 -66.83709356584633 0.9170618249143317
13 10 9 9 -61.90985130025443 0.8698893214003515
13 10 5 8 -69.64164037217712 0.9102002944003309
13 10 9 7 -64.61779452599377 0.858179833559295
13 10 9 4 -67.24864148390242 0.9456715990211344
13 10 8 4 -61.109414162596394 0.7928855720235517
13 10 5 3 -69.23683517407292 0.8681855871075824
13 10 5 4 -71.23700313724405 0.8385715179779698
13 10 5 2 -70.11021347020915 0.7669280293608222
13 10 9 1 -67.89462671027003 0.8780916420105406
13 10 8 0 -64.83333014073332 0.816839633255374
13 10 11 0 -61.049643953449305 0.7423145291697587
13 10 13 3 -49.72376585170351 0.9023900590421079
13 10 13 6 -42.60887115950424 0.764913968729275
13 10 13 8 -39.59941058111654 0.8963757895825853
13 10 13 10 -100 0.9117092000976679
13 10 13 12 -36.16818644337891 0.9684596600500236
13 10 11 11 -45.86483707423806 1.0124326567893052
13 10 11 7 -58.61112006387528 0.9709919854778217
13 10 12 9 -58.01122140993422 0.7896934555088532
13 10 11 6 -60.66633135750976 0.9801786433118916
13 10 12 4 -58.70799937858821 0.8834955962456014
13 10 12 2 -59.103964122643724 0.6905769770063332
13 10 11 2 -57.166338648329344 0.8086474300130753
13 10 13 0 -62.42194208335204 0.7723391900100555
13 12 0 12 -69.27471096080271 0.6792885696099442
13 12 2 11 -66.00982933109208 0.9637128217287508
13 12 0 11 -63.905218458856474 0.7905562204391792
13 12 3 8 -65.9747747788801 0.8894214327336806
13 12 2 9 -66.82149185485608 0.7816583107581245
13 12 0 7 -62.37146917953034 0.7626403975035602
13 12 0 8 -67.76984626974514 0.7243000590265961
13 12 1 4 -72.67819186458284 0.661667724845052
13 12 3 1 -77.00221253610354 0.8900523400217698
13 12 1 1 -71.4470630391618 0.8390788812261221
13 12 0 0 -69.65410788544109 0.7814868542887662
13 12 4 0 -73.91535605173026 0.8062241996537942
13 12 7 0 -73.22832827050624 0.7273326950912883
13 12 7 2 -65.43414535496335 0.7444952499199328
13 12 7 5 -62.327678459292606 0.8230319066161335
13 12 7 9 -57.38040408704899 0.9333624877715319
13 12 7 12 -58.75346242605203 1.06834389239148
13 12 6 10 -58.135499351366526 0.7542129292089167
13 12 5 10 -59.73997461793299 0.863525791494646
13 12 6 12 -66.1458674081577 0.9170618249143317
13 12 9 9 -57.88017128863656 0.8698893214003515
13 12 5 8 -65.1094761857206 0.9102002944003309
13 12 9 7 -63.24121227551334 0.858179833559295
13 12 9 4 -60.79810155180272 0.9456715990211344
13 12 8 4 -62.1058775739922 0.7928855720235517
13 12 5 3 -61.60079970006764 0.8681855871075824
13 12 5 4 -67.10799099461723 0.8385715179779698
13 12 5 2 -70.1320350625907 0.7669280293608222
13 12 9 1 -68.24996079741224 0.8780916420105406
13 12 8 0 -66.30483584131184 0.816839633255374
13 12 11 0 -53.53674394065725 0.7423145291697587
13 12 13 3 -60.33594709539648 0.9023900590421079
13 12 13 6 -41.94752484610572 0.764913968729275
13 12 13 8 -45.94027908787 0.8963757895825853
13 12 13 10 -35.76268607734088 0.9117092000976679
13 12 13 12 -100 0.9684596600500236
13 12 11 11 -36.97509423694997 1.0124326567893052
13 12 11 7 -53.546173592166994 0.9709919854778217
13 12 12 9 -53.8161092862605 0.7896934555088532
13 12 11 6 -61.12690941665453 0.9801786433118916
13 12 12 4 -61.55167204048075 0.8834955962456014
13 12 12 2 -61.55262203964286 0.6905769770063332
13 12 11 2 -63.94432560669039 0.8086474300130753
13 12 13 0 -61.10553315363036 0.7723391900100555
11 11 0 12 -70.29661330671732 0.6792885696099442
11 11 2 11 -69.11238265638329 0.9637128217287508
11 11 0 11 -71.42960824032858 0.7905562204391792
11 11 3 8 -65.8101469569616 0.8894214327336806
11 11 2 9 -74.14668175389528 0.7816583107581245
11 11 0 7 -76.68282880902797 0.7626403975035602
11 11 0 8 -69.92424184815943 0.7243000590265961
11 11 1 4 -76.9592467609583 0.661667724845052
11 11 3 1 -74.6328789850471 0.8900523400217698
11 11 1 1 -78.40221364835246 0.8390788812261221
11 11 0 0 -82.74965367642147 0.7814868542887662
11 11 4 0 -80.8012625244316 0.8062241996537942
11 11 7 0 -66.53276248669046 0.7273326950912883
11 11 7 2 -69.06223910225182 0.7444952499199328
11 11 7 5 -66.1376352780711 0.8230319066161335
11 11 7 9 -66.53593163009924 0.9333624877715319
11 11 7 12 -66.98149451798992 1.06834389239148
11 11 6 10 -68.48072016968503 0.7542129292089167
11 11 5 10 -67.78344726368796 0.863525791494646
11 11 6 12 -71.26022736342625 0.9170618249143317
11 11 9 9 -66.07420837551243 0.8698893214003515
11 11 5 8 -66.63635591246153 0.9102002944003309
11 11 9 7 -65.38199251914006 0.858179833559295
11 11 9 4 -71.46870635998094 0.9456715990211344
11 11 8 4 -70.34266504020606 0.7928855720235517
11 11 5 3 -73.92476282496904 0.8681855871075824
11 11 5 4 -74.30865371544846 0.8385715179779698
11 11 5 2 -80.01202274908412 0.7669280293608222
11 11 9 1 -69.8715003656563 0.8780916420105406
11 11 8 0 -72.43331524077503 0.816839633255374
11 11 11 0 -69.91979995331845 0.7423145291697587
11 11 13 3 -61.35129125416465 0.9023900590421079
11 11 13 6 -56.63575284461649 0.764913968729275
11 11 13 8 -50.48783578504338 0.8963757895825853
11 11 13 10 -47.892774214735894 0.9117092000976679
11 11 13 12 -47.439557928680514 0.9684596600500236
11 11 11 11 -100 1.0124326567893052
11 11 11 7 -62.25344496521434 0.9709919854778217
11 11 12 9 -64.37098633002326 0.7896934555088532
11 11 11 6 -64.41865029630263 0.9801786433118916
11 11 12 4 -64.40689083174472 0.8834955962456014
11 11 12 2 -70.06016628957046 0.6905769770063332
11 11 11 2 -71.15519288974868 0.8086474300130753
11 11 13 0 -59.593479152537455 0.7723391900100555
11 7 0 12 -68.37078540560492 0.6792885696099442
11 7 2 11 -70.24069067015539 0.9637128217287508
11 7 0 11 -65.87179052538959 0.7905562204391792
11 7 3 8 -68.99063297164126 0.8894214327336806
11 7 2 9 -64.42315171895113 0.7816583107581245
11 7 0 7 -69.50624892579407 0.7626403975035602
11 7 0 8 -73.75414759657967 0.7243000590265961
11 7 1 4 -64.89030464246667 0.661667724845052
11 7 3 1 -70.25929777647542 0.8900523400217698
11 7 1 1 -71.63492241094576 0.8390788812261221
11 7 0 0 -73.6551524725552 0.7814868542887662
11 7 4 0 -74.5320854582182 0.8062241996537942
11 7 7 0 -65.74086241728806 0.7273326950912883
11 7 7 2 -65.44760470929414 0.7444952499199328
11 7 7 5 -64.54438228785378 0.8230319066161335
11 7 7 9 -67.85044680150544 0.9333624877715319
11 7 7 12 -59.56451895902845 1.06834389239148
11 7 6 10 -62.02702908522883 0.7542129292089167
11 7 5 10 -64.0313586258207 0.863525791494646
11 7 6 12 -68.54559097514287 0.9170618249143317
11 7 9 9 -58.29548627702759 0.8698893214003515
11 7 5 8 -66.29832225952995 0.9102002944003309
11 7 9 7 -65.69228604298829 0.858179833559295
11 7 9 4 -64.16794213431923 0.9456715990211344
11 7 8 4 -65.0351493331259 0.7928855720235517
11 7 5 3 -70.41833372815277 0.8681855871075824
11 7 5 4 -68.8214839686477 0.8385715179779698
11 7 5 2 -68.5069342262928 0.7669280293608222
11 7 9 1 -69.53798917905114 0.8780916420105406
11 7 8 0 -69.46218751929055 0.816839633255374
11 7 11 0 -65.30320621102103 0.7423145291697587
11 7 13 3 -57.217913874586756 0.9023900590421079
11 7 13 6 -42.915421111787396 0.764913968729275
11 7 13 8 -47.04232295495346 0.8963757895825853
11 7 13 10 -56.182854841709435 0.9117092000976679
11 7 13 12 -48.373088214933894 0.9684596600500236
11 7 11 11 -54.94129281186527 1.0124326567893052
11 7 11 7 -100 0.9709919854778217
11 7 12 9 -44.133859518939836 0.7896934555088532
11 7 11 6 -53.191360108584234 0.9801786433118916
11 7 12 4 -61.217010763334876 0.8834955962456014
11 7 12 2 -67.95187857472658 0.6905769770063332
11 7 11 2 -62.49400488639461 0.8086474300130753
11 7 13 0 -65.33655473960941 0.7723391900100555
12 9 0 12 -69.72265253063827 0.6792885696099442
12 9 2 11 -71.73416019442159 0.9637128217287508
12 9 0 11 -68.88235097932896 0.7905562204391792
12 9 3 8 -75.54223508352817 0.8894214327336806
12 9 2 9 -64.41266366145393 0.7816583107581245
12 9 0 7 -69.28251928662176 0.7626403975035602
12 9 0 8 -70.17762981248651 0.7243000590265961
12 9 1 4 -68.21550233250574 0.661667724845052
12 9 3 1 -69.55786230761605 0.8900523400217698
12 9 1 1 -65.22055860006537 0.8390788812261221
12 9 0 0 -76.33790014211364 0.7814868542887662
12 9 4 0 -70.65085668752845 0.8062241996537942
12 9 7 0 -64.83771213829861 0.7273326950912883
12 9 7 2 -65.00948943972024 0.7444952499199328
12 9 7 5 -67.50529061498652 0.8230319066161335
12 9 7 9 -57.1078904535077 0.9333624877715319
12 9 7 12 -62.85030083064796 1.06834389239148
12 9 6 10 -62.96864032511776 0.7542129292089167
12 9 5 10 -63.55929364698271 0.863525791494646
12 9 6 12 -67.12832263121649 0.9170618249143317
12 9 9 9 -62.79955903304954 0.8698893214003515
12 9 5 8 -63.2255439081109 0.9102002944003309
12 9 9 7 -59.911827618883294 0.858179833559295
12 9 9 4 -65.76639084573468 0.9456715990211344
12 9 8 4 -59.49370295102418 0.7928855720235517
12 9 5 3 -67.68484162215813 0.8681855871075824
12 9 5 4 -69.61028255990074 0.8385715179779698
12 9 5 2 -71.17232990693921 0.7669280293608222
12 9 9 1 -57.71679873977048 0.8780916420105406
12 9 8 0 -65.2491063125156 0.816839633255374
12 9 11 0 -62.18772913836902 0.7423145291697587
12 9 13 3 -56.3460266127501 0.9023900590421079
12 9 13 6 -46.84805769964742 0.764913968729275
12 9 13 8 -55.06891120555312 0.8963757895825853
12 9 13 10 -61.768718186841156 0.9117092000976679
12 9 13 12 -61.520086217047876 0.9684596600500236
12 9 11 11 -59.829910272437886 1.0124326567893052
12 9 11 7 -49.53172865728943 0.9709919854778217
12 9 12 9 -100 0.7896934555088532
12 9 11 6 -56.882741543069706 0.9801786433118916
12 9 12 4 -54.91238374282891 0.8834955962456014
12 9 12 2 -67.44234332947289 0.6905769770063332
12 9 11 2 -60.1393537469917 0.8086474300130753
12 9 13 0 -61.73763887606018 0.7723391900100555
11 6 0 12 -71.56599682340357 0.6792885696099442
11 6 2 11 -75.68269628873222 0.9637128217287508
11 6 0 11 -75.04245979741663 0.7905562204391792
11 6 3 8 -74.65332209815888 0.8894214327336806
11 6 2 9 -72.36822265254082 0.7816583107581245
11 6 0 7 -68.23627959689084 0.7626403975035602
11 6 0 8 -73.22669751538632 0.7243000590265961
11 6 1 4 -68.27952912359342 0.661667724845052
11 6 3 1 -73.10812215562298 0.8900523400217698
11 6 1 1 -72.36825400036538 0.8390788812261221
11 6 0 0 -75.38769985355479 0.7814868542887662
11 6 4 0 -69.89713392344389 0.8062241996537942
11 6 7 0 -61.413736439687604 0.7273326950912883
11 6 7 2 -60.42336429188692 0.7444952499199328
11 6 7 5 -65.72542282317035 0.8230319066161335
11 6 7 9 -65.7481579212579 0.9333624877715319
11 6 7 12 -64.95556163437678 1.06834389239148
11 6 6 10 -62.6747020925734 0.7542129292089167
11 6 5 10 -68.99368516596836 0.863525791494646
11 6 6 12 -72.70049960484725 0.9170618249143317
11 6 9 9 -63.9555787155751 0.8698893214003515
11 6 5 8 -64.40888731152069 0.9102002944003309
11 6 9 7 -58.98492329046529 0.858179833559295
11 6 9 4 -59.022988875398774 0.9456715990211344
11 6 8 4 -61.6536517338511 0.7928855720235517
11 6 5 3 -67.64025658586115 0.8681855871075824
11 6 5 4 -69.49873100853142 0.8385715179779698
11 6 5 2 -62.67571469312985 0.7669280293608222
11 6 9 1 -60.10077939292979 0.8780916420105406
11 6 8 0 -70.0902961556164 0.816839633255374
11 6 11 0 -68.38752968165605 0.7423145291697587
11 6 13 3 -53.91294750104763 0.9023900590421079
11 6 13 6 -37.52407172564954 0.764913968729275
11 6 13 8 -57.26872863227085 0.8963757895825853
11 6 13 10 -61.691009863728205 0.9117092000976679
11 6 13 12 -66.9811673435921 0.9684596600500236
11 6 11 11 -68.03629482911725 1.0124326567893052
11 6 11 7 -53.15803914281216 0.9709919854778217
11 6 12 9 -64.70462475410456 0.7896934555088532
11 6 11 6 -100 0.9801786433118916
11 6 12 4 -47.35396825201879 0.8834955962456014
11 6 12 2 -57.18633853647641 0.6905769770063332
11 6 11 2 -59.97372281124493 0.8086474300130753
11 6 13 0 -55.46467812946202 0.7723391900100555
12 4 0 12 -71.15299082230595 0.6792885696099442
12 4 2 11 -72.64436792177158 0.9637128217287508
12 4 0 11 -78.02228269804417 0.7905562204391792
12 4 3 8 -74.41563196377392 0.8894214327336806
12 4 2 9 -66.29781580355815 0.7816583107581245
12 4 0 7 -67.08333692159701 0.7626403975035602
12 4 0 8 -67.73645004293127 0.7243000590265961
12 4 1 4 -75.53633903438607 0.661667724845052
12 4 3 1 -71.60656663295804 0.8900523400217698
12 4 1 1 -62.89703060212749 0.8390788812261221
12 4 0 0 -73.42099637239167 0.7814868542887662
12 4 4 0 -69.00777931495348 0.8062241996537942
12 4 7 0 -63.24145908826223 0.7273326950912883
12 4 7 2 -62.805476042043196 0.7444952499199328
12 4 7 5 -60.72460829862448 0.8230319066161335
12 4 7 9 -63.5870439176779 0.9333624877715319
12 4 7 12 -63.6654850334722 1.06834389239148
12 4 6 10 -65.57089868451939 0.7542129292089167
12 4 5 10 -63.58034274314462 0.863525791494646
12 4 6 12 -71.81449226533358 0.9170618249143317
12 4 9 9 -63.17179425664415 0.8698893214003515
12 4 5 8 -62.666285391295624 0.9102002944003309
12 4 9 7 -58.96028127152058 0.858179833559295
12 4 9 4 -63.57246345694696 0.9456715990211344
12 4 8 4 -57.507828009813885 0.7928855720235517
12 4 5 3 -69.26790783487789 0.8681855871075824
12 4 5 4 -58.79401760278888 0.8385715179779698
12 4 5 2 -60.097474429581474 0.7669280293608222
12 4 9 1 -59.31479768002483 0.8780916420105406
12 4 8 0 -64.69157488750697 0.816839633255374
12 4 11 0 -57.93038498025056 0.7423145291697587
12 4 13 3 -60.99551738673326 0.9023900590421079
12 4 13 6 -57.077157135657075 0.764913968729275
12 4 13 8 -51.614193829085 0.8963757895825853
12 4 13 10 -61.23269708020795 0.9117092000976679
12 4 13 12 -52.39155962503363 0.9684596600500236
12 4 11 11 -65.48934078657516 1.0124326567893052
12 4 11 7 -58.49824870588221 0.9709919854778217
12 4 12 9 -58.775724103843906 0.7896934555088532
12 4 11 6 -44.58274819600385 0.9801786433118916
12 4 12 4 -100 0.8834955962456014
12 4 12 2 -58.320577756871174 0.6905769770063332
12 4 11 2 -55.83684775307629 0.8086474300130753
12 4 13 0 -59.52487309023787 0.7723391900100555
12 2 0 12 -69.297777504067 0.6792885696099442
12 2 2 11 -79.09154680023353 0.9637128217287508
12 2 0 11 -79.27900178482281 0.7905562204391792
12 2 3 8 -74.92055023853213 0.8894214327336806
12 2 2 9 -74.1256929609945 0.7816583107581245
12 2 0 7 -68.94346420505403 0.7626403975035602
12 2 0 8 -70.90923042929755 0.7243000590265961
12 2 1 4 -66.33322157720426 0.661667724845052
12 2 3 1 -69.60165835713123 0.8900523400217698
12 2 1 1 -64.88176249262997 0.8390788812261221
12 2 0 0 -63.59284547869882 0.7814868542887662
12 2 4 0 -67.76253373122371 0.8062241996537942
12 2 7 0 -65.12629224633794 0.7273326950912883
12 2 7 2 -61.032467290873925 0.7444952499199328
12 2 7 5 -62.73824690228127 0.8230319066161335
12 2 7 9 -64.51104432626056 0.9333624877715319
12 2 7 12 -68.61549082184632 1.06834389239148
12 2 6 10 -73.14602449872315 0.7542129292089167
12 2 5 10 -67.92595223896379 0.863525791494646
12 2 6 12 -74.87958800944428 0.9170618249143317
12 2 9 9 -63.192430798781956 0.8698893214003515
12 2 5 8 -65.91973593735047 0.9102002944003309
12 2 9 7 -61.90386429762411 0.858179833559295
12 2 9 4 -62.512942272076174 0.9456715990211344
12 2 8 4 -61.20577952138719 0.7928855720235517
12 2 5 3 -60.38463268087332 0.8681855871075824
12 2 5 4 -66.47837967629768 0.8385715179779698
12 2 5 2 -64.63253652679967 0.7669280293608222
12 2 9 1 -59.65918931401528 0.8780916420105406
12 2 8 0 -63.69302879364821 0.816839633255374
12 2 11 0 -56.58593694336993 0.7423145291697587
12 2 13 3 -44.76198830508487 0.9023900590421079
12 2 13 6 -59.09659493338709 0.764913968729275
12 2 13 8 -61.695440328106336 0.8963757895825853
12 2 13 10 -59.51890087041064 0.9117092000976679
12 2 13 12 -60.043000341285385 0.9684596600500236
12 2 11 11 -71.05130863241156 1.0124326567893052
12 2 11 7 -62.0036423894829 0.9709919854778217
12 2 12 9 -63.043022281710364 0.7896934555088532
12 2 11 6 -52.148156839070076 0.9801786433118916
12 2 12 4 -63.101012009121554 0.8834955962456014
12 2 12 2 -100 0.6905769770063332
12 2 11 2 -46.22980128790588 0.8086474300130753
12 2 13 0 -43.77841014279434 0.7723391900100555
11 2 0 12 -75.30730637510636 0.6792885696099442
11 2 2 11 -76.4355624160972 0.9637128217287508
11 2 0 11 -84.87484629231395 0.7905562204391792
11 2 3 8 -79.05650649883009 0.8894214327336806
11 2 2 9 -72.8671696279483 0.7816583107581245
11 2 0 7 -73.23541755694599 0.7626403975035602
11 2 0 8 -70.54968899671312 0.7243000590265961
11 2 1 4 -74.12940051253494 0.661667724845052
11 2 3 1 -70.83770771833507 0.8900523400217698
11 2 1 1 -70.84450182583238 0.8390788812261221
11 2 0 0 -74.20875135649716 0.7814868542887662
11 2 4 0 -65.78272084969622 0.8062241996537942
11 2 7 0 -60.88045591669365 0.7273326950912883
11 2 7 2 -56.57587540028219 0.7444952499199328
11 2 7 5 -66.21381859499776 0.8230319066161335
11 2 7 9 -72.79167828867455 0.9333624877715319
11 2 7 12 -71.299657904077 1.06834389239148
11 2 6 10 -67.12882884145868 0.7542129292089167
11 2 5 10 -73.58052092833057 0.863525791494646
11 2 6 12 -73.75587991143703 0.9170618249143317
11 2 9 9 -66.77700796058409 0.8698893214003515
11 2 5 8 -63.15581572118528 0.9102002944003309
11 2 9 7 -65.16802660104142 0.858179833559295
11 2 9 4 -62.59432642477268 0.9456715990211344
11 2 8 4 -65.28526351019133 0.7928855720235517
11 2 5 3 -71.8595655835561 0.8681855871075824
11 2 5 4 -70.36517233595238 0.8385715179779698
11 2 5 2 -63.16087780219843 0.7669280293608222
11 2 9 1 -54.66017980042264 0.8780916420105406
11 2 8 0 -58.36078859434356 0.816839633255374
11 2 11 0 -56.09814484841161 0.7423145291697587
11 2 13 3 -52.520821332764534 0.9023900590421079
11 2 13 6 -61.98210706636485 0.764913968729275
11 2 13 8 -70.6966771404449 0.8963757895825853
11 2 13 10 -67.31838717360905 0.9117092000976679
11 2 13 12 -64.24988093163599 0.9684596600500236
11 2 11 11 -71.94409274693551 1.0124326567893052
11 2 11 7 -65.24869684744685 0.9709919854778217
11 2 12 9 -62.494720991156235 0.7896934555088532
11 2 11 6 -56.65602368492598 0.9801786433118916
11 2 12 4 -59.975005957905225 0.8834955962456014
11 2 12 2 -35.692782178905766 0.6905769770063332
11 2 11 2 -100 0.8086474300130753
11 2 13 0 -63.043239369137765 0.7723391900100555
13 0 0 12 -72.3470058986188 0.6792885696099442
13 0 2 11 -77.72792284915636 0.9637128217287508
13 0 0 11 -75.71374932569886 0.7905562204391792
13 0 3 8 -81.31253785401127 0.8894214327336806
13 0 2 9 -72.76112760932622 0.7816583107581245
13 0 0 7 -71.40200270044608 0.7626403975035602
13 0 0 8 -78.86992806484449 0.7243000590265961
13 0 1 4 -73.96376939211716 0.661667724845052
13 0 3 1 -69.04447648005285 0.8900523400217698
13 0 1 1 -69.05718316254882 0.8390788812261221
13 0 0 0 -51.56231464402197 0.7814868542887662
13 0 4 0 -50.72737255246432 0.8062241996537942
13 0 7 0 -53.92446924829901 0.7273326950912883
13 0 7 2 -66.20689353508746 0.7444952499199328
13 0 7 5 -64.80234969234999 0.8230319066161335
13 0 7 9 -66.95587672766489 0.9333624877715319
13 0 7 12 -62.49382367953487 1.06834389239148
13 0 6 10 -72.88065558949233 0.7542129292089167
13 0 5 10 -69.75973526460432 0.863525791494646
13 0 6 12 -76.55392988057494 0.9170618249143317
13 0 9 9 -69.2886726039647 0.8698893214003515
13 0 5 8 -66.10760082846203 0.9102002944003309
13 0 9 7 -73.1327547892004 0.858179833559295
13 0 9 4 -63.65132281832004 0.9456715990211344
13 0 8 4 -62.97064419928208 0.7928855720235517
13 0 5 3 -64.60221445936573 0.8681855871075824
13 0 5 4 -65.3867170847418 0.8385715179779698
13 0 5 2 -64.20690726417989 0.7669280293608222
13 0 9 1 -60.96260524271305 0.8780916420105406
13 0 8 0 -55.09501204170921 0.816839633255374
13 0 11 0 -41.69680071761089 0.7423145291697587
13 0 13 3 -50.53383941228925 0.9023900590421079
13 0 13 6 -51.455077121477366 0.764913968729275
13 0 13 8 -61.75785051757641 0.8963757895825853
13 0 13 10 -51.88649972199516 0.9117092000976679
13 0 13 12 -59.282483997968164 0.9684596600500236
13 0 11 11 -62.367254838602655 1.0124326567893052
13 0 11 7 -63.10253419607695 0.9709919854778217
13 0 12 9 -63.16351976946762 0.7896934555088532
13 0 11 6 -57.8414568038871 0.9801786433118916
13 0 12 4 -64.88708278130315 0.8834955962456014
13 0 12 2 -46.93908801646115 0.6905769770063332
13 0 11 2 -57.94567880496332 0.8086474300130753
13 0 13 0 -100 0.7723391900100555
