  0.00 -50.74 -45.25 -64.46 -55.32 -55.06 -50.68 -55.80 -71.57 -60.51 -61.69 -69.32 -73.57 -64.43 -66.03 -62.28 -71.33 -61.76 -59.25 -61.19 -63.65 -62.89 -67.17 -64.92 -72.02 -68.21 -62.61 -73.56 -68.90 -72.32 -72.96 -74.87 -64.32 -65.85 -73.91 -67.63 -68.17 -70.60 -69.16 -76.37 -67.56 -72.20 -74.46 -79.35 
-50.19   0.00 -53.62 -60.64 -62.56 -55.94 -56.90 -69.17 -73.02 -67.07 -72.50 -73.28 -71.53 -69.61 -68.94 -66.01 -59.92 -58.29 -56.90 -59.14 -68.80 -66.49 -66.83 -67.88 -71.76 -62.69 -64.48 -69.59 -69.62 -74.79 -74.54 -75.33 -67.24 -68.77 -74.25 -66.61 -73.74 -65.11 -67.02 -73.47 -71.60 -75.79 -80.70 -77.02 
-39.33 -42.38   0.00 -57.16 -59.74 -61.57 -54.46 -62.62 -66.19 -60.66 -74.62 -74.29 -75.06 -67.54 -72.36 -62.98 -68.04 -59.38 -61.24 -60.37 -70.92 -65.53 -74.32 -73.99 -69.21 -67.71 -67.92 -72.42 -76.72 -71.90 -77.24 -75.34 -75.85 -77.95 -71.85 -66.16 -74.56 -71.78 -72.69 -78.97 -69.79 -76.27 -77.81 -79.94 
-56.11 -62.87 -53.97   0.00 -60.27 -57.20 -59.02 -62.98 -64.83 -80.41 -74.55 -70.36 -68.90 -62.63 -65.92 -63.72 -70.50 -54.81 -59.70 -61.83 -61.98 -58.16 -66.48 -72.18 -69.48 -63.66 -63.29 -68.60 -70.76 -79.27 -76.49 -71.84 -68.02 -71.71 -71.09 -64.51 -67.45 -70.98 -68.64 -70.97 -71.78 -78.27 -78.61 -74.68 
-61.99 -59.67 -57.11 -44.33   0.00 -52.56 -42.40 -59.56 -60.15 -62.00 -69.96 -75.18 -67.00 -63.55 -62.43 -58.53 -58.92 -62.37 -59.46 -59.10 -63.80 -65.73 -61.59 -66.64 -61.18 -61.28 -62.65 -67.91 -73.98 -73.95 -77.79 -74.04 -70.10 -73.06 -69.38 -68.82 -72.90 -66.18 -59.81 -78.93 -65.91 -72.34 -74.21 -76.36 
-51.27 -63.72 -58.34 -49.05 -54.36   0.00 -43.56 -58.76 -58.39 -59.27 -71.02 -70.93 -58.87 -65.25 -59.89 -62.46 -70.47 -62.34 -62.73 -62.14 -63.44 -62.09 -60.50 -61.02 -66.62 -61.02 -60.50 -66.68 -65.29 -60.61 -74.86 -68.29 -62.82 -67.03 -72.47 -68.02 -75.52 -72.95 -67.94 -71.34 -72.44 -67.17 -71.89 -68.62 
-46.54 -62.70 -56.60 -49.99 -48.33 -47.12   0.00 -56.22 -61.37 -66.14 -63.24 -71.56 -68.29 -69.09 -67.67 -61.26 -63.77 -63.05 -67.88 -58.84 -66.04 -63.28 -67.51 -68.82 -70.56 -63.76 -67.83 -65.92 -63.57 -71.32 -68.92 -72.45 -67.67 -69.08 -72.98 -67.77 -71.16 -74.05 -69.37 -71.78 -72.51 -74.91 -72.06 -71.53 
-61.25 -71.84 -68.62 -63.16 -59.47 -61.20 -61.72   0.00 -53.75 -59.29 -66.71 -67.29 -58.39 -61.74 -64.85 -62.90 -64.34 -65.65 -65.74 -61.28 -68.61 -58.13 -61.44 -58.69 -59.74 -67.61 -64.95 -68.06 -70.13 -65.69 -66.10 -67.43 -64.22 -73.44 -73.11 -69.24 -72.31 -66.45 -64.29 -73.83 -63.91 -68.31 -72.44 -69.04 
-61.93 -70.67 -61.89 -68.50 -59.66 -57.44 -60.30 -58.09   0.00 -46.74 -62.32 -60.24 -65.28 -61.63 -67.39 -61.12 -64.64 -71.14 -64.46 -70.81 -69.67 -64.16 -70.37 -63.51 -61.77 -59.18 -60.90 -63.14 -65.49 -60.25 -69.29 -68.45 -73.41 -70.87 -74.81 -69.27 -77.28 -65.98 -70.60 -70.72 -68.25 -63.70 -69.37 -71.31 
-56.49 -64.74 -67.36 -67.90 -60.81 -65.33 -66.62 -60.79 -34.41   0.00 -58.00 -60.32 -59.52 -53.82 -62.12 -65.10 -72.79 -62.48 -70.94 -64.08 -66.19 -57.64 -64.07 -69.69 -62.14 -65.57 -62.27 -58.25 -58.88 -65.73 -63.21 -69.16 -72.52 -75.26 -72.20 -71.90 -77.00 -68.71 -69.03 -71.25 -71.13 -65.08 -70.66 -67.05 
-66.30 -73.33 -75.99 -73.47 -72.68 -70.35 -64.27 -64.60 -54.73 -58.99   0.00 -50.67 -61.08 -62.78 -63.42 -67.01 -72.34 -76.95 -74.78 -76.35 -75.35 -61.93 -75.76 -70.59 -73.27 -69.26 -66.70 -61.34 -65.64 -55.70 -53.05 -70.08 -70.68 -73.80 -74.07 -75.76 -78.48 -75.06 -77.29 -74.88 -72.09 -70.47 -74.17 -66.58 
-75.99 -76.05 -77.02 -76.02 -68.17 -70.53 -68.97 -70.35 -59.04 -62.75 -43.73   0.00 -47.57 -65.85 -67.10 -67.34 -65.39 -72.76 -77.14 -75.22 -73.48 -64.72 -74.34 -66.30 -73.72 -71.48 -69.12 -57.47 -58.82 -56.86 -51.37 -60.51 -70.22 -72.70 -74.50 -73.84 -79.51 -70.41 -67.68 -69.75 -67.97 -69.11 -69.68 -55.79 
-65.35 -72.56 -70.51 -76.29 -62.51 -60.34 -68.85 -60.29 -58.06 -62.26 -54.51 -45.01   0.00 -44.83 -53.25 -51.44 -53.03 -57.96 -62.84 -58.10 -62.13 -54.92 -57.22 -58.49 -60.32 -59.92 -53.74 -50.40 -51.98 -39.86 -56.13 -63.58 -63.45 -58.79 -66.66 -68.29 -72.54 -69.42 -68.58 -65.59 -57.69 -65.56 -56.27 -61.59 
-75.55 -75.26 -70.66 -70.04 -59.87 -67.17 -69.25 -60.67 -55.02 -61.15 -67.69 -64.87 -51.01   0.00 -46.10 -52.48 -60.81 -61.71 -60.73 -63.35 -56.27 -52.15 -57.57 -50.94 -47.80 -50.41 -47.81 -53.40 -60.09 -52.95 -63.65 -62.11 -60.65 -66.12 -71.59 -65.37 -71.34 -62.69 -60.18 -65.47 -64.93 -66.44 -61.60 -58.94 
-64.77 -66.60 -68.04 -67.56 -67.89 -62.62 -65.92 -65.24 -65.75 -58.84 -70.76 -57.59 -51.90 -39.03   0.00 -53.64 -52.21 -50.90 -62.74 -56.00 -58.20 -47.47 -45.90 -46.07 -42.50 -51.36 -53.21 -53.80 -61.35 -62.63 -66.20 -63.62 -59.88 -62.57 -66.24 -65.85 -66.10 -64.30 -61.01 -59.71 -63.30 -63.14 -63.16 -65.39 
-59.66 -64.10 -64.60 -60.35 -61.65 -67.75 -61.63 -61.15 -65.48 -66.12 -64.31 -65.96 -58.12 -48.38 -44.83   0.00 -44.16 -46.39 -43.20 -53.18 -47.02 -45.22 -56.37 -63.22 -55.17 -57.34 -56.02 -60.49 -62.49 -53.99 -68.63 -62.82 -57.23 -60.25 -63.00 -62.91 -67.02 -66.60 -65.38 -62.24 -58.82 -73.08 -72.40 -68.60 
-64.42 -63.59 -68.75 -69.45 -63.49 -65.22 -68.43 -70.51 -71.37 -69.88 -68.84 -68.85 -45.23 -58.12 -60.36 -54.62   0.00 -58.88 -54.67 -61.19 -51.63 -59.32 -54.61 -69.40 -57.13 -58.04 -64.41 -65.95 -60.65 -56.20 -70.28 -71.43 -61.04 -59.22 -63.00 -61.44 -60.25 -62.69 -53.91 -64.62 -59.94 -63.64 -66.24 -68.57 
-56.01 -52.55 -60.65 -55.90 -61.38 -59.36 -56.58 -60.00 -68.64 -66.50 -65.71 -64.88 -55.84 -54.67 -49.87 -40.74 -53.26   0.00 -34.61 -35.14 -35.30 -55.74 -60.77 -68.57 -59.43 -60.84 -64.50 -66.54 -60.84 -70.39 -73.28 -63.50 -59.85 -61.51 -66.88 -59.98 -68.88 -67.57 -64.06 -65.30 -57.89 -69.49 -66.70 -67.47 
-63.97 -65.02 -63.04 -64.66 -58.14 -63.14 -66.96 -63.61 -66.86 -69.29 -77.15 -71.64 -65.99 -57.19 -60.24 -41.97 -56.62 -43.67   0.00 -53.91 -52.47 -65.24 -61.91 -66.15 -61.11 -61.95 -67.57 -69.68 -65.26 -72.46 -71.05 -68.62 -63.67 -66.87 -65.74 -62.65 -60.99 -62.49 -58.78 -72.85 -66.95 -69.55 -77.64 -68.69 
-67.82 -59.29 -59.91 -65.32 -58.15 -62.67 -60.42 -64.98 -67.29 -65.45 -68.22 -72.14 -63.90 -63.13 -64.11 -56.57 -58.19 -38.12 -41.28   0.00 -56.82 -61.30 -64.34 -65.47 -67.30 -59.89 -65.95 -69.97 -66.20 -69.87 -76.86 -65.89 -66.15 -68.09 -68.98 -64.94 -74.47 -68.43 -63.75 -72.53 -65.16 -65.54 -78.62 -74.71 
-66.51 -60.22 -70.03 -68.51 -66.80 -65.55 -65.02 -62.52 -70.77 -69.66 -68.09 -70.51 -59.71 -55.67 -59.94 -43.51 -60.63 -46.94 -55.21 -45.30   0.00 -47.62 -61.25 -61.42 -68.50 -65.29 -66.46 -65.12 -62.32 -66.06 -71.67 -64.61 -66.49 -62.45 -66.82 -58.29 -73.10 -65.58 -60.89 -67.20 -62.86 -66.33 -70.53 -65.87 
-64.30 -66.18 -67.44 -61.18 -62.66 -63.20 -65.02 -64.62 -64.62 -66.50 -69.09 -69.89 -57.07 -58.24 -46.77 -37.76 -64.56 -57.73 -57.10 -68.79 -55.97   0.00 -48.17 -56.02 -53.60 -61.85 -60.65 -62.20 -66.36 -59.00 -65.42 -61.96 -63.50 -61.75 -64.82 -65.93 -67.41 -62.02 -59.12 -64.66 -69.16 -62.75 -70.89 -69.14 
-68.67 -70.22 -69.06 -67.41 -66.01 -59.45 -69.34 -66.76 -69.51 -63.46 -67.68 -72.48 -71.16 -60.99 -40.79 -62.17 -61.45 -57.96 -60.64 -63.33 -58.75 -54.68   0.00 -57.10 -57.64 -53.40 -62.31 -67.08 -63.11 -61.67 -69.90 -57.46 -59.49 -61.71 -63.96 -64.76 -71.78 -63.81 -59.07 -62.55 -62.74 -67.42 -67.22 -68.04 
-66.84 -72.18 -69.10 -70.71 -66.67 -64.52 -69.47 -66.74 -66.23 -66.97 -62.73 -63.41 -56.81 -50.81 -42.04 -61.26 -63.48 -60.66 -64.51 -65.70 -63.66 -60.02 -56.96   0.00 -37.65 -55.75 -53.93 -64.21 -54.31 -69.93 -69.18 -59.13 -61.69 -61.82 -64.71 -66.30 -67.84 -62.69 -63.54 -61.04 -60.12 -59.45 -63.40 -58.28 
-70.02 -64.53 -69.56 -73.92 -67.53 -72.07 -66.42 -64.39 -65.21 -62.95 -66.66 -64.54 -57.15 -41.48 -40.81 -56.43 -63.58 -59.60 -60.67 -63.36 -61.71 -54.26 -58.57 -34.50   0.00 -56.63 -49.37 -59.54 -47.49 -60.57 -68.96 -65.12 -57.17 -65.62 -66.29 -64.52 -69.99 -64.73 -61.90 -59.99 -62.56 -68.90 -63.10 -62.06 
-65.84 -71.63 -68.87 -66.89 -61.72 -62.10 -62.92 -62.15 -59.47 -65.31 -70.38 -69.19 -65.15 -48.65 -52.07 -59.76 -67.94 -60.10 -58.30 -62.41 -65.65 -58.73 -57.12 -59.40 -57.02   0.00 -41.80 -56.36 -60.45 -64.91 -69.90 -67.85 -63.22 -70.30 -70.69 -63.18 -73.46 -63.21 -64.80 -66.22 -61.38 -60.95 -71.42 -68.25 
-66.79 -67.10 -69.50 -66.97 -64.95 -61.99 -64.95 -66.01 -61.32 -68.40 -66.59 -67.80 -61.42 -51.97 -54.80 -58.48 -63.54 -61.49 -58.11 -64.31 -61.59 -55.26 -58.17 -51.59 -43.17 -34.80   0.00 -60.85 -54.68 -68.16 -69.04 -66.57 -70.01 -67.82 -73.21 -67.66 -74.98 -63.62 -68.70 -60.94 -61.11 -62.85 -65.82 -70.01 
-70.82 -75.50 -74.30 -72.44 -71.69 -66.03 -70.31 -62.45 -65.03 -60.65 -65.76 -63.64 -49.94 -49.64 -59.79 -68.19 -66.12 -70.58 -66.07 -67.85 -71.53 -62.20 -59.49 -61.30 -55.06 -65.56 -60.00   0.00 -57.47 -56.97 -64.29 -62.10 -60.67 -72.82 -74.48 -69.42 -73.86 -71.55 -71.93 -62.03 -61.06 -60.55 -66.83 -69.95 
-69.69 -71.63 -75.23 -73.48 -73.27 -61.11 -62.33 -58.55 -64.60 -62.34 -62.83 -55.11 -49.33 -45.51 -55.67 -59.52 -63.56 -60.98 -65.27 -69.13 -61.48 -59.35 -53.04 -52.79 -51.89 -55.94 -53.08 -45.77   0.00 -54.89 -61.86 -58.54 -63.86 -63.35 -68.20 -66.74 -72.05 -62.03 -63.94 -54.72 -56.56 -55.60 -56.34 -61.57 
-70.69 -73.20 -70.70 -72.78 -72.49 -68.02 -66.90 -67.20 -63.17 -60.15 -52.41 -42.01 -41.05 -55.51 -59.01 -67.13 -69.25 -62.17 -72.64 -71.17 -72.12 -62.69 -63.71 -62.47 -65.12 -63.37 -62.70 -51.82 -54.18   0.00 -43.94 -63.21 -59.64 -68.52 -65.34 -64.53 -73.34 -66.01 -66.81 -57.77 -65.29 -60.22 -64.80 -45.20 
-80.12 -77.38 -76.90 -80.79 -75.05 -70.08 -73.94 -71.55 -66.99 -62.95 -59.37 -50.89 -51.92 -58.03 -60.17 -65.86 -66.64 -66.35 -66.92 -72.70 -60.36 -69.36 -64.70 -68.66 -64.24 -67.92 -67.30 -62.70 -70.62 -46.87   0.00 -57.38 -59.69 -61.55 -58.10 -60.62 -67.38 -66.22 -60.20 -57.86 -62.01 -56.69 -60.18 -39.59 
-74.40 -70.50 -73.85 -77.08 -68.52 -73.96 -69.26 -71.66 -74.96 -66.28 -64.68 -70.56 -65.72 -58.91 -64.76 -66.50 -66.32 -66.64 -64.60 -68.51 -66.11 -64.51 -59.80 -61.60 -58.91 -57.04 -64.14 -63.28 -63.66 -58.59 -49.35   0.00 -41.57 -47.23 -50.95 -56.58 -59.87 -57.22 -59.08 -50.94 -51.33 -54.17 -55.88 -46.17 
-64.97 -66.29 -69.72 -68.35 -72.03 -64.47 -65.81 -62.02 -67.68 -63.83 -71.78 -64.26 -60.80 -61.14 -53.54 -60.67 -63.94 -56.71 -56.66 -66.39 -59.72 -62.32 -64.51 -60.08 -60.15 -59.96 -66.80 -59.79 -62.39 -66.47 -50.49 -35.72   0.00 -42.79 -48.38 -52.72 -64.48 -52.26 -45.35 -40.81 -51.14 -59.10 -56.54 -47.17 
-75.48 -74.67 -73.36 -67.24 -64.67 -67.92 -81.20 -69.86 -74.67 -68.33 -70.19 -71.54 -73.99 -64.30 -60.81 -63.87 -56.36 -65.75 -67.56 -66.86 -67.88 -66.33 -65.73 -65.07 -62.91 -63.98 -68.07 -70.28 -62.12 -63.49 -57.53 -45.78 -39.18   0.00 -42.98 -44.37 -54.11 -46.37 -59.02 -58.98 -54.53 -62.28 -63.81 -52.97 
-72.49 -72.89 -71.93 -73.50 -72.41 -73.49 -75.22 -72.59 -72.36 -74.88 -71.23 -72.43 -69.50 -66.62 -69.41 -68.14 -59.44 -65.18 -67.23 -66.84 -61.91 -69.64 -64.62 -67.25 -61.11 -69.24 -71.24 -70.11 -67.89 -64.83 -61.05 -49.72 -42.61 -39.60   0.00 -36.17 -45.86 -58.61 -58.01 -60.67 -58.71 -59.10 -57.17 -62.42 
-69.27 -66.01 -63.91 -65.97 -66.82 -62.37 -67.77 -72.68 -77.00 -71.45 -69.65 -73.92 -73.23 -65.43 -62.33 -57.38 -58.75 -58.14 -59.74 -66.15 -57.88 -65.11 -63.24 -60.80 -62.11 -61.60 -67.11 -70.13 -68.25 -66.30 -53.54 -60.34 -41.95 -45.94 -35.76   0.00 -36.98 -53.55 -53.82 -61.13 -61.55 -61.55 -63.94 -61.11 
-70.30 -69.11 -71.43 -65.81 -74.15 -76.68 -69.92 -76.96 -74.63 -78.40 -82.75 -80.80 -66.53 -69.06 -66.14 -66.54 -66.98 -68.48 -67.78 -71.26 -66.07 -66.64 -65.38 -71.47 -70.34 -73.92 -74.31 -80.01 -69.87 -72.43 -69.92 -61.35 -56.64 -50.49 -47.89 -47.44   0.00 -62.25 -64.37 -64.42 -64.41 -70.06 -71.16 -59.59 
-68.37 -70.24 -65.87 -68.99 -64.42 -69.51 -73.75 -64.89 -70.26 -71.63 -73.66 -74.53 -65.74 -65.45 -64.54 -67.85 -59.56 -62.03 -64.03 -68.55 -58.30 -66.30 -65.69 -64.17 -65.04 -70.42 -68.82 -68.51 -69.54 -69.46 -65.30 -57.22 -42.92 -47.04 -56.18 -48.37 -54.94   0.00 -44.13 -53.19 -61.22 -67.95 -62.49 -65.34 
-69.72 -71.73 -68.88 -75.54 -64.41 -69.28 -70.18 -68.22 -69.56 -65.22 -76.34 -70.65 -64.84 -65.01 -67.51 -57.11 -62.85 -62.97 -63.56 -67.13 -62.80 -63.23 -59.91 -65.77 -59.49 -67.68 -69.61 -71.17 -57.72 -65.25 -62.19 -56.35 -46.85 -55.07 -61.77 -61.52 -59.83 -49.53   0.00 -56.88 -54.91 -67.44 -60.14 -61.74 
-71.57 -75.68 -75.04 -74.65 -72.37 -68.24 -73.23 -68.28 -73.11 -72.37 -75.39 -69.90 -61.41 -60.42 -65.73 -65.75 -64.96 -62.67 -68.99 -72.70 -63.96 -64.41 -58.98 -59.02 -61.65 -67.64 -69.50 -62.68 -60.10 -70.09 -68.39 -53.91 -37.52 -57.27 -61.69 -66.98 -68.04 -53.16 -64.70   0.00 -47.35 -57.19 -59.97 -55.46 
-71.15 -72.64 -78.02 -74.42 -66.30 -67.08 -67.74 -75.54 -71.61 -62.90 -73.42 -69.01 -63.24 -62.81 -60.72 -63.59 -63.67 -65.57 -63.58 -71.81 -63.17 -62.67 -58.96 -63.57 -57.51 -69.27 -58.79 -60.10 -59.31 -64.69 -57.93 -61.00 -57.08 -51.61 -61.23 -52.39 -65.49 -58.50 -58.78 -44.58   0.00 -58.32 -55.84 -59.52 
-69.30 -79.09 -79.28 -74.92 -74.13 -68.94 -70.91 -66.33 -69.60 -64.88 -63.59 -67.76 -65.13 -61.03 -62.74 -64.51 -68.62 -73.15 -67.93 -74.88 -63.19 -65.92 -61.90 -62.51 -61.21 -60.38 -66.48 -64.63 -59.66 -63.69 -56.59 -44.76 -59.10 -61.70 -59.52 -60.04 -71.05 -62.00 -63.04 -52.15 -63.10   0.00 -46.23 -43.78 
-75.31 -76.44 -84.87 -79.06 -72.87 -73.24 -70.55 -74.13 -70.84 -70.84 -74.21 -65.78 -60.88 -56.58 -66.21 -72.79 -71.30 -67.13 -73.58 -73.76 -66.78 -63.16 -65.17 -62.59 -65.29 -71.86 -70.37 -63.16 -54.66 -58.36 -56.10 -52.52 -61.98 -70.70 -67.32 -64.25 -71.94 -65.25 -62.49 -56.66 -59.98 -35.69   0.00 -63.04 
-72.35 -77.73 -75.71 -81.31 -72.76 -71.40 -78.87 -73.96 -69.04 -69.06 -51.56 -50.73 -53.92 -66.21 -64.80 -66.96 -62.49 -72.88 -69.76 -76.55 -69.29 -66.11 -73.13 -63.65 -62.97 -64.60 -65.39 -64.21 -60.96 -55.10 -41.70 -50.53 -51.46 -61.76 -51.89 -59.28 -62.37 -63.10 -63.16 -57.84 -64.89 -46.94 -57.95   0.00 
