0 12 0.6792885696099442 1
2 11 0.9637128217287508 1
0 11 0.7905562204391792 1
3 8 0.8894214327336806 1
2 9 0.7816583107581245 1
0 7 0.7626403975035602 1
0 8 0.7243000590265961 1
1 4 0.661667724845052 1
3 1 0.8900523400217698 1
1 1 0.8390788812261221 1
0 0 0.7814868542887662 1
4 0 0.8062241996537942 1
7 0 0.7273326950912883 1
7 2 0.7444952499199328 1
7 5 0.8230319066161335 1
7 9 0.9333624877715319 1
7 12 1.06834389239148 1
6 10 0.7542129292089167 1
5 10 0.863525791494646 1
6 12 0.9170618249143317 1
9 9 0.8698893214003515 1
5 8 0.9102002944003309 1
9 7 0.858179833559295 1
9 4 0.9456715990211344 1
8 4 0.7928855720235517 1
5 3 0.8681855871075824 1
5 4 0.8385715179779698 1
5 2 0.7669280293608222 1
9 1 0.8780916420105406 1
8 0 0.816839633255374 1
11 0 0.7423145291697587 1
13 3 0.9023900590421079 1
13 6 0.764913968729275 1
13 8 0.8963757895825853 1
13 10 0.9117092000976679 1
13 12 0.9684596600500236 1
11 11 1.0124326567893052 1
11 7 0.9709919854778217 1
12 9 0.7896934555088532 1
11 6 0.9801786433118916 1
12 4 0.8834955962456014 1
12 2 0.6905769770063332 1
11 2 0.8086474300130753 1
13 0 0.7723391900100555 1
