-3.60,0.53 -3.60,1.24
-3.60,3.06 -3.60,4.26
-3.60,5.55 -3.60,7.98
-2.43,13.00 -2.43,12.20
-2.43,11.06 -2.43,9.71
-2.43,8.83 -2.43,7.98
0.08,13.00 0.08,0.53
2.60,13.00 2.60,10.50
2.60,7.98 2.60,4.76
2.60,3.82 2.60,2.23
2.60,1.24 2.60,0.53
3.75,10.44 3.75,9.74
3.75,8.83 3.75,7.25
3.75,6.31 3.75,4.76
3.75,3.82 3.75,2.23
3.75,1.24 3.75,0.53
6.26,13.00 6.26,0.53
8.76,10.44 8.76,7.98
8.76,5.55 8.76,2.23
8.76,1.24 8.76,0.53
-3.60,5.55 2.60,5.55
-3.60,3.06 2.60,3.06
-3.60,0.53 2.60,0.53
-2.43,13.00 3.75,13.00
-2.43,10.44 0.08,10.44
-2.43,7.98 0.08,7.98
0.08,9.27 2.60,9.27
3.75,10.44 8.76,10.44
3.75,7.98 6.26,7.98
3.75,5.55 6.26,5.55
3.75,3.06 8.76,3.06
3.75,0.53 8.76,0.53
6.26,13.00 9.91,13.00
6.26,6.69 8.76,6.69
