29 4 0.4142809311761813 1
1 18 2.574836982024013 1
34 4 1.1200432714506303 1
13 9 2.341681953932289 1
31 7 0.4518638216531902 1
0 33 2.574836982024013 1
19 0 0.4202676150502109 1
20 32 0.4202676150502109 1
19 3 0.5181550542899774 1
3 3 0.4154391840750011 1
14 8 1.5204824599919968 1
26 8 0.4518638216531902 1
34 15 1.8543377546204012 1
38 11 0.4518638216531902 1
26 31 2.574836982024013 1
8 25 0.5181550542899774 1
16 10 2.02253412315468 1
20 17 0.6606851953374354 1
1 38 0.6606851953374354 1
29 15 1.1200432714506303 1
29 25 1.8626419592629413 1
15 37 0.7535492018748609 1
14 19 0.4518638216531902 1
14 6 1.045630193236076 1
12 14 0.5181550542899774 1
27 27 2.341681953932289 1
6 9 1.4346625681183898 1
35 34 0.4518638216531902 1
5 9 0.31961585322723524 1
20 21 0.5181550542899774 1
16 37 2.341681953932289 1
13 23 0.4518638216531902 1
4 6 1.4346625681183898 1
35 12 0.4518638216531902 1
20 7 1.5204824599919968 1
23 30 1.8626419592629413 1
5 11 0.4202676150502109 1
12 9 1.8626419592629413 1
4 25 1.8543377546204012 1
13 10 0.31961585322723524 1
16 8 0.4518638216531902 1
29 18 1.8543377546204012 1
4 23 0.4202676150502109 1
19 37 0.6606851953374354 1
3 22 1.8543377546204012 1
1 5 0.4142809311761813 1
21 26 0.7535492018748609 1
1 27 0.4142809311761813 1
2 16 0.4154391840750011 1
24 32 2.574836982024013 1
9 19 1.045630193236076 1
37 6 0.7535492018748609 1
21 33 2.341681953932289 1
35 26 0.31961585322723524 1
3 23 2.02253412315468 1
38 21 0.4518638216531902 1
0 18 1.8543377546204012 1
38 22 1.045630193236076 1
33 33 1.045630193236076 1
31 26 0.7535492018748609 1
26 10 1.8543377546204012 1
27 28 0.4202676150502109 1
15 18 1.8306104706098087 1
31 21 1.8543377546204012 1
18 6 0.7535492018748609 1
14 25 0.5181550542899774 1
16 32 0.6606851953374354 1
35 37 0.5181550542899774 1
31 35 0.5181550542899774 1
17 39 1.8306104706098087 1
33 9 1.1200432714506303 1
0 36 1.8306104706098087 1
38 14 1.045630193236076 1
28 13 1.1200432714506303 1
23 15 2.574836982024013 1
15 16 1.1200432714506303 1
28 28 0.4518638216531902 1
22 39 0.4154391840750011 1
38 35 0.31961585322723524 1
35 23 0.4142809311761813 1
35 5 1.5204824599919968 1
29 22 2.574836982024013 1
9 17 1.8543377546204012 1
15 34 0.5181550542899774 1
3 28 1.1200432714506303 1
36 21 0.6606851953374354 1
5 22 0.6606851953374354 1
25 23 0.31961585322723524 1
0 24 0.4518638216531902 1
20 15 1.8306104706098087 1
25 37 2.341681953932289 1
10 31 0.4518638216531902 1
21 10 1.8306104706098087 1
13 28 2.02253412315468 1
15 39 0.4154391840750011 1
29 31 1.045630193236076 1
38 23 0.31961585322723524 1
28 25 2.574836982024013 1
32 1 2.341681953932289 1
17 32 1.045630193236076 1
21 17 0.4202676150502109 1
23 1 1.5204824599919968 1
8 31 0.31961585322723524 1
26 1 2.02253412315468 1
22 23 1.5204824599919968 1
30 33 1.1200432714506303 1
19 12 2.341681953932289 1
35 7 1.5204824599919968 1
6 22 1.4346625681183898 1
28 24 0.7535492018748609 1
7 35 1.4346625681183898 1
8 35 1.4346625681183898 1
18 35 0.4142809311761813 1
23 4 0.4518638216531902 1
7 15 0.31961585322723524 1
34 39 0.4202676150502109 1
19 19 0.4518638216531902 1
15 8 1.5204824599919968 1
1 35 1.5204824599919968 1
15 38 1.1200432714506303 1
36 10 1.8543377546204012 1
23 22 2.02253412315468 1
8 16 1.5204824599919968 1
32 17 1.8626419592629413 1
2 25 0.5181550542899774 1
24 8 0.31961585322723524 1
4 19 1.8306104706098087 1
10 20 0.6606851953374354 1
8 26 1.8543377546204012 1
15 20 2.341681953932289 1
11 34 2.341681953932289 1
3 20 0.4518638216531902 1
10 17 0.4154391840750011 1
18 32 2.02253412315468 1
10 30 0.4518638216531902 1
1 12 1.8543377546204012 1
23 28 1.1200432714506303 1
25 28 1.8543377546204012 1
25 11 0.4142809311761813 1
33 36 1.045630193236076 1
15 14 1.1200432714506303 1
20 19 1.4346625681183898 1
12 28 0.4154391840750011 1
5 28 0.4202676150502109 1
27 9 1.5204824599919968 1
39 11 2.341681953932289 1
7 28 2.341681953932289 1
33 30 1.8626419592629413 1
25 9 0.31961585322723524 1
24 33 0.6606851953374354 1
31 14 1.1200432714506303 1
32 23 1.8543377546204012 1
9 32 2.02253412315468 1
1 2 1.5204824599919968 1
37 36 1.045630193236076 1
6 18 2.574836982024013 1
15 12 0.6606851953374354 1
7 6 2.341681953932289 1
12 12 2.02253412315468 1
19 36 2.574836982024013 1
16 0 0.5181550542899774 1
23 37 0.4202676150502109 1
2 37 1.4346625681183898 1
7 8 1.4346625681183898 1
4 3 1.4346625681183898 1
34 1 2.574836982024013 1
12 10 1.045630193236076 1
22 18 2.341681953932289 1
21 21 1.8543377546204012 1
21 39 1.5204824599919968 1
33 13 1.4346625681183898 1
10 10 2.341681953932289 1
39 23 0.4202676150502109 1
18 24 2.02253412315468 1
24 31 2.02253412315468 1
17 9 1.8543377546204012 1
23 35 1.045630193236076 1
6 20 1.4346625681183898 1
17 35 1.4346625681183898 1
33 11 0.5181550542899774 1
20 39 1.5204824599919968 1
37 25 0.4142809311761813 1
31 16 2.02253412315468 1
9 7 2.574836982024013 1
27 24 1.8543377546204012 1
29 32 1.8626419592629413 1
8 15 0.4202676150502109 1
0 31 0.4154391840750011 1
29 39 0.31961585322723524 1
39 33 0.4154391840750011 1
3 24 1.1200432714506303 1
25 6 1.4346625681183898 1
8 23 1.8543377546204012 1
28 31 2.02253412315468 1
7 36 0.31961585322723524 1
0 38 2.341681953932289 1
11 24 0.6606851953374354 1
5 36 1.5204824599919968 1
0 28 2.341681953932289 1
11 6 0.4518638216531902 1
6 12 1.8306104706098087 1
39 17 0.4142809311761813 1
27 10 2.02253412315468 1
0 30 0.5181550542899774 1
2 39 1.8543377546204012 1
39 20 2.341681953932289 1
23 25 0.4202676150502109 1
16 35 1.8626419592629413 1
2 24 1.4346625681183898 1
16 7 2.341681953932289 1
30 18 2.02253412315468 1
22 0 0.5181550542899774 1
10 7 0.7535492018748609 1
14 30 0.4518638216531902 1
19 26 0.6606851953374354 1
33 39 2.02253412315468 1
38 2 2.341681953932289 1
37 37 0.4142809311761813 1
39 5 1.8543377546204012 1
9 34 1.045630193236076 1
36 7 1.8543377546204012 1
12 26 0.4142809311761813 1
16 26 2.02253412315468 1
32 12 2.341681953932289 1
24 19 1.045630193236076 1
21 5 1.8543377546204012 1
20 24 0.4518638216531902 1
9 0 2.02253412315468 1
37 9 1.1200432714506303 1
30 31 1.5204824599919968 1
21 38 0.6606851953374354 1
9 30 2.341681953932289 1
22 10 1.8626419592629413 1
31 18 1.8543377546204012 1
24 35 0.4202676150502109 1
6 21 0.6606851953374354 1
22 16 1.8543377546204012 1
5 14 0.4154391840750011 1
31 23 1.1200432714506303 1
1 36 1.8626419592629413 1
11 33 1.4346625681183898 1
39 24 1.4346625681183898 1
25 27 0.6606851953374354 1
31 6 2.574836982024013 1
10 11 0.4202676150502109 1
27 39 1.8306104706098087 1
26 16 0.7535492018748609 1
30 19 1.1200432714506303 1
39 8 0.4154391840750011 1
29 29 0.4142809311761813 1
17 14 2.02253412315468 1
15 32 1.8306104706098087 1
8 39 1.4346625681183898 1
17 0 0.31961585322723524 1
3 29 0.4518638216531902 1
30 9 0.4202676150502109 1
7 16 0.7535492018748609 1
1 29 1.5204824599919968 1
9 10 0.31961585322723524 1
28 30 1.4346625681183898 1
9 18 1.8306104706098087 1
29 30 2.341681953932289 1
5 32 2.02253412315468 1
27 36 0.4154391840750011 1
0 1 0.4518638216531902 1
14 9 0.4154391840750011 1
35 13 0.4202676150502109 1
36 15 2.02253412315468 1
2 13 1.5204824599919968 1
29 24 0.6606851953374354 1
11 5 1.8543377546204012 1
10 13 2.574836982024013 1
35 1 1.4346625681183898 1
0 6 2.341681953932289 1
36 6 0.4154391840750011 1
4 20 2.574836982024013 1
6 24 1.8543377546204012 1
19 16 0.4154391840750011 1
38 15 1.045630193236076 1
6 15 1.4346625681183898 1
24 5 1.5204824599919968 1
1 22 2.341681953932289 1
36 24 0.4154391840750011 1
9 31 0.4518638216531902 1
11 30 0.4142809311761813 1
1 26 0.4518638216531902 1
21 24 0.7535492018748609 1
8 22 1.4346625681183898 1
17 38 0.4142809311761813 1
30 2 2.574836982024013 1
12 31 0.4142809311761813 1
19 4 2.574836982024013 1
1 17 0.6606851953374354 1
38 5 0.6606851953374354 1
12 32 1.045630193236076 1
19 11 2.02253412315468 1
9 12 1.8543377546204012 1
28 17 0.31961585322723524 1
20 10 2.341681953932289 1
32 16 0.6606851953374354 1
0 26 1.5204824599919968 1
22 20 0.4518638216531902 1
16 21 0.4142809311761813 1
16 4 0.7535492018748609 1
1 7 1.5204824599919968 1
31 29 1.8306104706098087 1
25 12 0.4154391840750011 1
16 2 1.8626419592629413 1
17 23 1.8626419592629413 1
26 36 0.4518638216531902 1
0 21 1.5204824599919968 1
37 11 0.4142809311761813 1
26 33 2.02253412315468 1
37 18 1.8543377546204012 1
18 38 0.4154391840750011 1
19 38 0.31961585322723524 1
14 18 0.6606851953374354 1
36 0 2.02253412315468 1
24 2 1.1200432714506303 1
10 36 1.8626419592629413 1
25 3 0.7535492018748609 1
33 8 0.5181550542899774 1
32 39 1.4346625681183898 1
18 19 0.5181550542899774 1
26 24 0.6606851953374354 1
9 36 1.5204824599919968 1
20 9 1.4346625681183898 1
11 18 2.574836982024013 1
7 19 1.4346625681183898 1
31 2 0.4142809311761813 1
28 7 2.574836982024013 1
21 34 2.02253412315468 1
25 33 0.4154391840750011 1
38 1 0.4154391840750011 1
34 16 1.1200432714506303 1
5 35 0.5181550542899774 1
10 26 1.8626419592629413 1
37 8 2.02253412315468 1
38 27 0.4202676150502109 1
26 32 0.4154391840750011 1
1 13 0.5181550542899774 1
16 39 2.02253412315468 1
16 36 1.1200432714506303 1
28 11 1.4346625681183898 1
39 34 0.4142809311761813 1
15 36 0.4142809311761813 1
28 34 0.4202676150502109 1
18 9 1.1200432714506303 1
7 27 2.341681953932289 1
22 11 2.574836982024013 1
27 37 1.045630193236076 1
34 13 0.31961585322723524 1
16 11 1.4346625681183898 1
10 18 0.6606851953374354 1
13 11 1.045630193236076 1
30 23 2.574836982024013 1
18 22 0.4154391840750011 1
32 36 2.341681953932289 1
19 39 0.5181550542899774 1
29 8 1.8306104706098087 1
6 26 0.31961585322723524 1
28 36 2.574836982024013 1
25 38 1.4346625681183898 1
34 37 1.8543377546204012 1
38 9 1.045630193236076 1
24 9 0.31961585322723524 1
5 15 2.341681953932289 1
1 23 1.8543377546204012 1
13 19 0.4518638216531902 1
3 21 2.02253412315468 1
20 35 1.5204824599919968 1
16 30 1.8306104706098087 1
23 38 0.5181550542899774 1
12 34 1.045630193236076 1
8 12 0.7535492018748609 1
12 22 1.8306104706098087 1
14 28 0.4518638216531902 1
12 2 1.1200432714506303 1
32 13 0.4202676150502109 1
2 29 0.4154391840750011 1
22 1 0.4202676150502109 1
3 2 0.4518638216531902 1
38 12 0.7535492018748609 1
39 7 1.8626419592629413 1
30 39 1.1200432714506303 1
6 29 1.8626419592629413 1
25 1 0.4518638216531902 1
8 29 0.4142809311761813 1
38 36 0.7535492018748609 1
29 11 1.8626419592629413 1
4 10 2.02253412315468 1
4 9 0.5181550542899774 1
26 26 1.8626419592629413 1
10 9 1.5204824599919968 1
7 31 2.574836982024013 1
19 22 0.4154391840750011 1
1 24 1.1200432714506303 1
18 26 0.4202676150502109 1
39 38 0.31961585322723524 1
27 7 2.02253412315468 1
35 35 0.7535492018748609 1
25 4 1.4346625681183898 1
2 15 2.341681953932289 1
39 27 0.7535492018748609 1
2 12 1.8306104706098087 1
31 28 0.5181550542899774 1
2 5 0.31961585322723524 1
2 4 1.1200432714506303 1
7 0 0.4154391840750011 1
30 29 2.341681953932289 1
17 2 1.5204824599919968 1
22 7 1.5204824599919968 1
34 8 1.8543377546204012 1
12 36 1.5204824599919968 1
35 27 2.574836982024013 1
10 24 2.02253412315468 1
4 33 1.045630193236076 1
20 16 0.6606851953374354 1
26 34 0.7535492018748609 1
11 32 1.1200432714506303 1
22 29 0.4154391840750011 1
2 30 1.5204824599919968 1
16 3 1.045630193236076 1
5 21 2.574836982024013 1
3 34 0.5181550542899774 1
28 19 0.6606851953374354 1
26 3 0.6606851953374354 1
17 16 1.8626419592629413 1
23 32 2.574836982024013 1
2 35 0.6606851953374354 1
14 17 1.045630193236076 1
32 24 1.045630193236076 1
21 4 2.341681953932289 1
3 27 0.4518638216531902 1
21 6 0.5181550542899774 1
34 0 1.8543377546204012 1
31 15 0.4142809311761813 1
24 3 0.4202676150502109 1
3 10 1.5204824599919968 1
21 36 1.8306104706098087 1
22 2 0.4154391840750011 1
5 20 2.341681953932289 1
11 13 1.8626419592629413 1
19 1 0.31961585322723524 1
31 24 2.574836982024013 1
2 34 0.4518638216531902 1
29 2 1.8626419592629413 1
5 17 0.4518638216531902 1
14 20 1.4346625681183898 1
9 39 0.6606851953374354 1
12 20 0.4154391840750011 1
19 23 2.341681953932289 1
30 35 0.4142809311761813 1
7 11 0.4202676150502109 1
14 14 1.8626419592629413 1
4 38 0.4518638216531902 1
6 28 2.02253412315468 1
1 11 2.341681953932289 1
21 30 1.8626419592629413 1
21 25 1.1200432714506303 1
22 32 0.7535492018748609 1
3 5 2.341681953932289 1
23 21 2.341681953932289 1
10 1 0.5181550542899774 1
14 4 1.045630193236076 1
25 19 0.4154391840750011 1
27 31 0.6606851953374354 1
10 38 1.045630193236076 1
11 0 0.4518638216531902 1
28 39 1.5204824599919968 1
23 27 0.4518638216531902 1
36 11 1.4346625681183898 1
25 13 0.6606851953374354 1
31 20 1.8626419592629413 1
6 25 1.8306104706098087 1
9 6 0.31961585322723524 1
13 36 0.4518638216531902 1
17 12 0.4202676150502109 1
23 36 0.4202676150502109 1
32 19 1.1200432714506303 1
30 34 0.4154391840750011 1
30 6 2.02253412315468 1
25 32 1.5204824599919968 1
37 16 0.5181550542899774 1
21 3 0.4518638216531902 1
0 0 1.8306104706098087 1
24 11 0.5181550542899774 1
30 14 0.4142809311761813 1
34 22 2.341681953932289 1
19 30 0.7535492018748609 1
6 6 2.574836982024013 1
36 37 1.8306104706098087 1
0 9 0.4154391840750011 1
13 29 0.31961585322723524 1
0 19 0.4142809311761813 1
13 39 0.5181550542899774 1
3 31 1.8306104706098087 1
20 26 0.5181550542899774 1
23 39 2.574836982024013 1
8 0 1.1200432714506303 1
3 33 0.4518638216531902 1
29 0 1.8626419592629413 1
26 18 2.574836982024013 1
34 29 0.31961585322723524 1
2 26 1.8626419592629413 1
34 34 0.6606851953374354 1
7 10 0.7535492018748609 1
26 23 2.02253412315468 1
28 10 0.4202676150502109 1
24 0 1.8626419592629413 1
35 18 1.8543377546204012 1
23 0 2.341681953932289 1
5 8 2.341681953932289 1
0 32 0.4154391840750011 1
21 22 0.31961585322723524 1
4 32 0.4142809311761813 1
25 10 0.4518638216531902 1
8 17 1.8543377546204012 1
39 19 1.5204824599919968 1
37 30 0.31961585322723524 1
11 7 0.7535492018748609 1
30 22 2.574836982024013 1
7 32 0.4202676150502109 1
15 26 2.574836982024013 1
10 0 1.045630193236076 1
7 18 2.341681953932289 1
11 35 2.574836982024013 1
15 1 0.31961585322723524 1
36 39 0.5181550542899774 1
2 27 1.8626419592629413 1
27 1 1.5204824599919968 1
3 12 2.574836982024013 1
13 27 2.341681953932289 1
31 13 0.4142809311761813 1
12 37 0.4518638216531902 1
19 18 0.4154391840750011 1
1 0 1.5204824599919968 1
35 32 2.341681953932289 1
0 29 0.6606851953374354 1
5 13 0.4202676150502109 1
32 32 1.8543377546204012 1
9 14 1.4346625681183898 1
24 28 1.8626419592629413 1
20 2 2.341681953932289 1
30 38 1.1200432714506303 1
4 16 0.4154391840750011 1
19 9 0.4202676150502109 1
18 20 1.8543377546204012 1
31 31 1.8626419592629413 1
31 1 1.8543377546204012 1
30 17 0.4154391840750011 1
29 35 0.6606851953374354 1
5 23 1.8306104706098087 1
5 16 0.7535492018748609 1
29 36 1.4346625681183898 1
11 11 0.31961585322723524 1
29 16 2.02253412315468 1
11 36 1.5204824599919968 1
39 6 0.4518638216531902 1
13 18 2.341681953932289 1
15 21 0.31961585322723524 1
4 30 1.8306104706098087 1
35 39 2.574836982024013 1
21 31 2.341681953932289 1
22 26 0.4142809311761813 1
23 9 1.8306104706098087 1
31 8 0.4518638216531902 1
3 17 1.5204824599919968 1
18 23 2.574836982024013 1
29 7 0.31961585322723524 1
4 1 2.02253412315468 1
2 23 0.4518638216531902 1
20 12 1.5204824599919968 1
21 2 1.8306104706098087 1
39 21 2.574836982024013 1
39 3 2.02253412315468 1
27 14 0.5181550542899774 1
12 29 0.7535492018748609 1
18 5 2.341681953932289 1
35 15 0.6606851953374354 1
30 11 2.574836982024013 1
5 33 1.8306104706098087 1
23 18 0.4202676150502109 1
10 23 1.045630193236076 1
12 16 0.31961585322723524 1
39 13 1.8543377546204012 1
23 5 1.5204824599919968 1
5 25 0.4154391840750011 1
7 21 1.045630193236076 1
21 28 2.02253412315468 1
10 39 0.4518638216531902 1
8 37 1.8306104706098087 1
0 20 1.045630193236076 1
14 10 2.02253412315468 1
7 12 1.8306104706098087 1
11 19 1.4346625681183898 1
3 38 1.8306104706098087 1
5 30 0.4518638216531902 1
15 6 0.4202676150502109 1
18 25 1.5204824599919968 1
27 32 0.4142809311761813 1
20 34 1.8543377546204012 1
23 2 0.4202676150502109 1
9 29 0.4202676150502109 1
33 4 0.6606851953374354 1
7 39 0.4154391840750011 1
14 32 2.341681953932289 1
4 39 0.31961585322723524 1
2 9 2.341681953932289 1
27 12 1.5204824599919968 1
37 17 1.5204824599919968 1
29 17 2.341681953932289 1
14 38 1.8306104706098087 1
27 15 2.341681953932289 1
22 3 1.4346625681183898 1
21 29 2.341681953932289 1
23 26 0.4518638216531902 1
10 6 0.31961585322723524 1
16 16 0.6606851953374354 1
6 8 0.4518638216531902 1
10 2 1.045630193236076 1
29 9 1.045630193236076 1
26 9 0.5181550542899774 1
25 8 0.31961585322723524 1
17 1 0.4142809311761813 1
28 20 0.4154391840750011 1
37 15 1.8543377546204012 1
27 19 0.4518638216531902 1
37 4 0.4142809311761813 1
35 31 1.8306104706098087 1
33 25 1.8306104706098087 1
37 14 0.6606851953374354 1
31 30 1.8306104706098087 1
35 10 1.1200432714506303 1
28 29 0.6606851953374354 1
21 1 1.4346625681183898 1
15 19 0.31961585322723524 1
24 29 1.045630193236076 1
35 22 0.31961585322723524 1
26 30 1.8543377546204012 1
26 5 1.1200432714506303 1
37 1 1.1200432714506303 1
18 30 1.8626419592629413 1
17 7 0.4142809311761813 1
24 14 0.5181550542899774 1
24 37 1.1200432714506303 1
39 1 1.8543377546204012 1
7 1 2.574836982024013 1
28 35 0.4202676150502109 1
15 9 0.5181550542899774 1
39 35 0.7535492018748609 1
6 16 0.31961585322723524 1
16 19 2.574836982024013 1
29 13 0.7535492018748609 1
38 39 0.4202676150502109 1
28 4 2.02253412315468 1
20 36 1.8306104706098087 1
0 7 0.4142809311761813 1
36 38 0.31961585322723524 1
5 34 0.5181550542899774 1
18 27 1.8306104706098087 1
23 8 1.5204824599919968 1
3 11 0.4202676150502109 1
8 1 1.5204824599919968 1
38 28 1.5204824599919968 1
38 18 1.4346625681183898 1
12 18 1.8543377546204012 1
24 4 1.8626419592629413 1
13 15 2.574836982024013 1
18 16 0.7535492018748609 1
1 1 2.574836982024013 1
1 33 0.5181550542899774 1
22 25 1.5204824599919968 1
17 11 1.8626419592629413 1
9 25 0.4202676150502109 1
8 27 0.4202676150502109 1
9 21 0.5181550542899774 1
36 5 1.4346625681183898 1
24 39 2.341681953932289 1
19 25 0.7535492018748609 1
28 9 0.4202676150502109 1
34 35 0.5181550542899774 1
22 30 1.4346625681183898 1
27 29 0.6606851953374354 1
6 7 1.045630193236076 1
23 7 2.574836982024013 1
9 1 0.7535492018748609 1
34 6 0.4202676150502109 1
20 25 0.7535492018748609 1
6 39 2.341681953932289 1
6 34 1.4346625681183898 1
16 25 0.4518638216531902 1
38 37 0.4202676150502109 1
14 31 0.5181550542899774 1
6 35 1.1200432714506303 1
16 29 0.6606851953374354 1
32 37 0.31961585322723524 1
26 6 0.6606851953374354 1
32 35 1.8626419592629413 1
9 28 1.8306104706098087 1
31 39 0.4518638216531902 1
19 27 1.4346625681183898 1
19 32 1.5204824599919968 1
24 15 1.4346625681183898 1
25 29 2.574836982024013 1
1 20 1.1200432714506303 1
22 36 2.02253412315468 1
18 39 1.1200432714506303 1
35 24 0.31961585322723524 1
34 12 0.5181550542899774 1
15 10 2.02253412315468 1
11 26 0.4154391840750011 1
0 16 2.02253412315468 1
10 21 0.4142809311761813 1
3 13 0.7535492018748609 1
11 21 0.4202676150502109 1
39 39 0.31961585322723524 1
27 20 0.6606851953374354 1
10 15 1.8306104706098087 1
19 31 0.4518638216531902 1
8 20 2.341681953932289 1
38 4 0.5181550542899774 1
20 6 0.6606851953374354 1
2 14 0.31961585322723524 1
11 37 1.8306104706098087 1
10 34 1.5204824599919968 1
7 34 2.341681953932289 1
26 22 2.02253412315468 1
36 14 1.8626419592629413 1
3 18 1.8543377546204012 1
13 12 0.31961585322723524 1
32 6 0.5181550542899774 1
36 3 1.5204824599919968 1
17 27 2.341681953932289 1
4 0 2.02253412315468 1
27 13 2.02253412315468 1
17 33 0.4154391840750011 1
13 25 0.4142809311761813 1
30 36 0.31961585322723524 1
17 31 2.02253412315468 1
38 26 0.4142809311761813 1
32 14 0.4142809311761813 1
8 18 0.5181550542899774 1
37 2 0.4202676150502109 1
5 3 0.6606851953374354 1
20 0 2.574836982024013 1
30 27 0.4202676150502109 1
27 35 1.8306104706098087 1
34 10 2.574836982024013 1
28 5 0.7535492018748609 1
34 26 1.8626419592629413 1
13 33 0.31961585322723524 1
32 29 2.341681953932289 1
19 6 1.045630193236076 1
34 32 0.4142809311761813 1
22 5 2.341681953932289 1
31 22 1.8306104706098087 1
17 13 0.4154391840750011 1
37 0 1.045630193236076 1
37 13 0.4518638216531902 1
36 2 1.8306104706098087 1
11 28 1.4346625681183898 1
22 6 0.4142809311761813 1
37 32 1.8306104706098087 1
4 11 2.341681953932289 1
11 23 1.8543377546204012 1
32 25 1.045630193236076 1
27 21 1.5204824599919968 1
37 31 0.7535492018748609 1
32 8 0.4154391840750011 1
35 8 0.4142809311761813 1
21 32 0.4518638216531902 1
29 27 0.6606851953374354 1
22 12 2.341681953932289 1
12 25 1.1200432714506303 1
26 2 1.045630193236076 1
25 34 1.045630193236076 1
24 18 1.4346625681183898 1
31 34 0.7535492018748609 1
1 14 0.4202676150502109 1
16 5 1.045630193236076 1
13 16 1.045630193236076 1
36 17 0.31961585322723524 1
24 25 0.4142809311761813 1
31 19 1.045630193236076 1
10 4 1.8626419592629413 1
5 7 1.8306104706098087 1
20 29 1.045630193236076 1
19 7 1.8626419592629413 1
29 23 0.4154391840750011 1
39 4 1.5204824599919968 1
0 17 1.4346625681183898 1
25 39 2.02253412315468 1
14 7 1.8306104706098087 1
11 4 0.4154391840750011 1
7 13 0.6606851953374354 1
19 14 1.5204824599919968 1
31 11 2.341681953932289 1
3 0 0.31961585322723524 1
26 15 0.7535492018748609 1
