36 32 0.7535492018748609 1
9 18 0.4202676150502109 1
35 14 0.9153052353049044 1
30 11 0.5181550542899774 1
8 24 0.5181550542899774 1
27 27 1.1708409769661445 1
14 35 0.5181550542899774 1
38 7 0.4142809311761813 1
28 24 0.9313209796314706 1
0 3 0.9271688773102006 1
19 16 1.4346625681183898 1
26 37 0.31961585322723524 1
33 15 0.9271688773102006 1
34 21 1.1708409769661445 1
8 5 0.31961585322723524 1
31 13 1.1708409769661445 1
12 27 1.1200432714506303 1
33 8 0.7535492018748609 1
30 8 1.01126706157734 1
5 2 0.31961585322723524 1
31 15 0.5181550542899774 1
4 17 1.4346625681183898 1
22 31 0.9153052353049044 1
0 24 0.9271688773102006 1
32 4 0.5181550542899774 1
11 28 0.9271688773102006 1
21 8 0.4202676150502109 1
37 23 0.6606851953374354 1
28 26 0.4518638216531902 1
1 28 0.9271688773102006 1
30 7 0.6606851953374354 1
11 32 0.4142809311761813 1
35 0 0.4202676150502109 1
19 8 1.01126706157734 1
33 12 0.4518638216531902 1
23 16 0.4202676150502109 1
35 12 1.045630193236076 1
9 37 1.1200432714506303 1
10 25 1.01126706157734 1
2 18 0.7602412299959984 1
31 0 1.4346625681183898 1
2 1 1.2874184910120066 1
35 6 1.2874184910120066 1
30 37 1.1708409769661445 1
1 35 0.9153052353049044 1
0 30 0.7602412299959984 1
38 18 0.9313209796314706 1
14 15 0.6606851953374354 1
5 23 1.1200432714506303 1
6 23 1.2874184910120066 1
0 2 0.7602412299959984 1
0 34 0.4142809311761813 1
32 39 0.4202676150502109 1
25 19 0.4518638216531902 1
1 22 0.4202676150502109 1
32 27 0.7602412299959984 1
37 7 0.9153052353049044 1
12 37 0.7535492018748609 1
10 19 0.9313209796314706 1
32 2 0.9313209796314706 1
39 36 0.6606851953374354 1
1 12 1.1200432714506303 1
3 26 1.01126706157734 1
22 35 0.7535492018748609 1
15 20 0.4202676150502109 1
26 17 0.9313209796314706 1
25 37 0.31961585322723524 1
33 30 0.7535492018748609 1
20 38 1.4346625681183898 1
8 35 0.4154391840750011 1
11 25 1.01126706157734 1
2 33 1.1200432714506303 1
24 18 1.1708409769661445 1
10 21 0.6606851953374354 1
17 17 0.4142809311761813 1
27 2 0.9313209796314706 1
20 28 0.4518638216531902 1
6 10 1.4346625681183898 1
23 8 0.9271688773102006 1
13 29 0.4202676150502109 1
34 27 1.045630193236076 1
2 5 0.9313209796314706 1
14 17 0.6606851953374354 1
16 17 1.4346625681183898 1
36 5 0.9153052353049044 1
13 5 0.4202676150502109 1
2 9 0.7535492018748609 1
29 23 0.4154391840750011 1
29 18 0.4518638216531902 1
10 2 0.4202676150502109 1
28 2 0.9271688773102006 1
9 33 0.9153052353049044 1
21 12 0.7602412299959984 1
25 23 0.4154391840750011 1
30 17 0.4154391840750011 1
26 8 1.2874184910120066 1
18 36 0.4154391840750011 1
16 16 0.31961585322723524 1
5 36 1.1708409769661445 1
39 2 0.4202676150502109 1
1 37 0.4202676150502109 1
11 34 0.9313209796314706 1
24 9 0.7602412299959984 1
33 13 0.7535492018748609 1
34 3 0.4202676150502109 1
32 6 0.4518638216531902 1
26 29 0.9271688773102006 1
26 36 1.045630193236076 1
4 38 1.045630193236076 1
37 30 1.01126706157734 1
2 30 0.6606851953374354 1
33 36 0.5181550542899774 1
10 18 0.5181550542899774 1
12 29 1.1708409769661445 1
32 32 0.6606851953374354 1
32 25 1.2874184910120066 1
14 38 1.2874184910120066 1
32 38 1.045630193236076 1
13 17 0.4154391840750011 1
34 25 0.7602412299959984 1
27 22 0.4518638216531902 1
33 6 0.4202676150502109 1
16 29 0.9313209796314706 1
22 21 0.4142809311761813 1
8 31 0.4142809311761813 1
31 1 0.4202676150502109 1
10 5 0.4202676150502109 1
7 2 0.9271688773102006 1
22 33 1.045630193236076 1
23 39 0.4154391840750011 1
21 11 0.4142809311761813 1
6 35 1.4346625681183898 1
3 21 1.045630193236076 1
14 26 1.01126706157734 1
21 26 0.6606851953374354 1
18 28 0.9271688773102006 1
15 13 0.6606851953374354 1
17 25 0.6606851953374354 1
30 28 1.2874184910120066 1
5 29 0.4142809311761813 1
31 35 1.2874184910120066 1
1 11 1.01126706157734 1
28 10 0.6606851953374354 1
32 36 1.2874184910120066 1
36 14 1.2874184910120066 1
6 21 0.7535492018748609 1
36 7 0.6606851953374354 1
1 24 0.7602412299959984 1
1 4 0.7535492018748609 1
5 18 0.4202676150502109 1
