33 31 1.8626419592629415 0.388882393442197
6 28 1.8306104706098092 0.388882393442197
24 34 1.854337754620402 0.388882393442197
20 15 2.3416819539322895 0.388882393442197
8 21 0.5181550542899773 0.388882393442197
45 8 1.4346625681183902 0.388882393442197
38 20 0.5181550542899773 0.388882393442197
39 41 2.574836982024013 0.388882393442197
6 17 0.4518638216531903 0.388882393442197
30 49 2.3416819539322895 0.388882393442197
18 35 0.5181550542899773 0.388882393442197
35 1 1.1200432714506305 0.388882393442197
23 18 2.574836982024013 0.388882393442197
23 1 0.41428093117618053 0.388882393442197
27 32 1.1200432714506305 0.388882393442197
49 11 1.4346625681183902 0.388882393442197
44 2 1.854337754620402 0.388882393442197
6 13 2.0225341231546783 0.388882393442197
25 36 2.3416819539322895 0.388882393442197
23 41 0.4202676150502106 0.388882393442197
47 34 1.1200432714506305 0.388882393442197
31 44 1.1200432714506305 0.388882393442197
3 18 1.1200432714506305 0.388882393442197
15 42 0.6606851953374365 0.388882393442197
46 36 1.1200432714506305 0.388882393442197
14 18 2.574836982024013 0.388882393442197
45 42 0.4518638216531903 0.388882393442197
25 2 0.41428093117618053 0.388882393442197
17 32 1.1200432714506305 0.388882393442197
8 47 1.5204824599919973 0.388882393442197
15 26 2.0225341231546783 0.388882393442197
46 34 1.4346625681183902 0.388882393442197
40 4 0.5181550542899773 0.388882393442197
23 24 0.6606851953374365 0.388882393442197
14 10 2.0225341231546783 0.388882393442197
18 17 0.7535492018748607 0.388882393442197
44 3 2.0225341231546783 0.388882393442197
4 25 2.0225341231546783 0.388882393442197
39 5 1.4346625681183902 0.388882393442197
13 6 1.0456301932360759 0.388882393442197
21 25 1.1200432714506305 0.388882393442197
20 24 0.41428093117618053 0.388882393442197
48 12 0.6606851953374365 0.388882393442197
4 34 2.3416819539322895 0.388882393442197
13 46 0.31961585322723485 0.388882393442197
33 20 1.0456301932360759 0.388882393442197
34 10 2.3416819539322895 0.388882393442197
34 0 0.4202676150502106 0.388882393442197
46 45 1.5204824599919973 0.388882393442197
5 3 0.41428093117618053 0.388882393442197
19 48 1.5204824599919973 0.388882393442197
41 17 0.4518638216531903 0.388882393442197
35 46 1.0456301932360759 0.388882393442197
37 37 1.0456301932360759 0.388882393442197
2 14 0.5181550542899773 0.388882393442197
34 41 1.5204824599919973 0.388882393442197
3 3 2.574836982024013 0.388882393442197
48 30 0.4154391840750009 0.388882393442197
20 16 0.5181550542899773 0.388882393442197
21 28 2.0225341231546783 0.388882393442197
5 8 2.574836982024013 0.388882393442197
42 16 0.41428093117618053 0.388882393442197
48 46 0.31961585322723485 0.388882393442197
23 35 0.7535492018748607 0.388882393442197
22 48 0.6606851953374365 0.388882393442197
45 15 0.7535492018748607 0.388882393442197
16 40 1.8306104706098092 0.388882393442197
27 8 1.4346625681183902 0.388882393442197
47 31 1.5204824599919973 0.388882393442197
12 24 2.3416819539322895 0.388882393442197
14 41 0.31961585322723485 0.388882393442197
47 40 1.5204824599919973 0.388882393442197
20 1 2.574836982024013 0.388882393442197
32 26 0.7535492018748607 0.388882393442197
47 32 0.5181550542899773 0.388882393442197
2 23 1.1200432714506305 0.388882393442197
24 1 0.5181550542899773 0.388882393442197
42 12 0.4154391840750009 0.388882393442197
22 16 1.0456301932360759 0.388882393442197
42 26 2.574836982024013 0.388882393442197
7 46 0.31961585322723485 0.388882393442197
3 11 0.31961585322723485 0.388882393442197
38 27 1.5204824599919973 0.388882393442197
8 35 2.0225341231546783 0.388882393442197
22 17 1.1200432714506305 0.388882393442197
41 21 0.4518638216531903 0.388882393442197
44 7 0.6606851953374365 0.388882393442197
3 31 0.6606851953374365 0.388882393442197
43 44 2.0225341231546783 0.388882393442197
8 28 2.574836982024013 0.388882393442197
38 43 1.5204824599919973 0.388882393442197
34 39 0.7535492018748607 0.388882393442197
31 43 0.7535492018748607 0.388882393442197
11 19 1.4346625681183902 0.388882393442197
17 5 1.854337754620402 0.388882393442197
15 3 0.6606851953374365 0.388882393442197
46 6 1.1200432714506305 0.388882393442197
44 10 2.574836982024013 0.388882393442197
45 13 1.5204824599919973 0.388882393442197
32 13 1.8626419592629415 0.388882393442197
4 44 1.5204824599919973 0.388882393442197
47 21 0.6606851953374365 0.388882393442197
10 27 0.4518638216531903 0.388882393442197
8 49 0.41428093117618053 0.388882393442197
22 41 0.4154391840750009 0.388882393442197
45 20 0.5181550542899773 0.388882393442197
7 30 0.7535492018748607 0.388882393442197
37 27 0.6606851953374365 0.388882393442197
43 27 0.4518638216531903 0.388882393442197
16 9 1.5204824599919973 0.388882393442197
42 23 0.41428093117618053 0.388882393442197
13 19 0.5181550542899773 0.388882393442197
23 49 0.7535492018748607 0.388882393442197
2 40 0.41428093117618053 0.388882393442197
4 11 0.7535492018748607 0.388882393442197
25 47 1.1200432714506305 0.388882393442197
7 45 0.6606851953374365 0.388882393442197
13 26 0.6606851953374365 0.388882393442197
10 3 0.4202676150502106 0.388882393442197
15 33 1.4346625681183902 0.388882393442197
49 5 1.1200432714506305 0.388882393442197
7 31 2.0225341231546783 0.388882393442197
3 12 0.31961585322723485 0.388882393442197
12 10 0.6606851953374365 0.388882393442197
46 27 0.31961585322723485 0.388882393442197
19 9 1.8306104706098092 0.388882393442197
6 48 0.6606851953374365 0.388882393442197
37 46 1.854337754620402 0.388882393442197
3 45 0.4154391840750009 0.388882393442197
16 18 1.8306104706098092 0.388882393442197
18 46 1.8306104706098092 0.388882393442197
34 6 1.1200432714506305 0.388882393442197
42 21 1.4346625681183902 0.388882393442197
44 29 1.1200432714506305 0.388882393442197
10 24 1.854337754620402 0.388882393442197
11 46 2.0225341231546783 0.388882393442197
18 9 1.854337754620402 0.388882393442197
25 37 2.3416819539322895 0.388882393442197
35 22 0.31961585322723485 0.388882393442197
41 8 0.7535492018748607 0.388882393442197
37 3 1.0456301932360759 0.388882393442197
11 24 1.8306104706098092 0.388882393442197
0 1 0.31961585322723485 0.388882393442197
9 1 0.31961585322723485 0.388882393442197
25 7 1.854337754620402 0.388882393442197
43 33 1.5204824599919973 0.388882393442197
21 9 0.31961585322723485 0.388882393442197
13 3 1.854337754620402 0.388882393442197
19 15 1.0456301932360759 0.388882393442197
31 19 1.4346625681183902 0.388882393442197
3 48 0.4202676150502106 0.388882393442197
13 13 0.5181550542899773 0.388882393442197
23 9 0.5181550542899773 0.388882393442197
35 13 2.3416819539322895 0.388882393442197
38 19 1.1200432714506305 0.388882393442197
1 13 1.0456301932360759 0.388882393442197
