0 0 4 0 -78.42 2.341681953932289
0 0 3 3 -79.399 0.6606851953374354
0 0 0 1 -66.88 0.5181550542899774
0 0 7 0 -84.43 1.1200432714506303
0 0 5 8 -87.1643 0.5181550542899774
0 0 0 0 -64.66 0.4518638216531902
0 0 9 8 -89.37 2.02253412315468
0 0 9 6 -88.57 1.8306104706098087
0 0 0 8 -85.94 0.7535492018748609
0 0 6 6 -86.2416 0.4518638216531902
0 0 6 3 -84.0637 1.8543377546204012
0 0 3 1 -76.4651 0.6606851953374354
0 0 1 7 -84.4431 0.4154391840750011
0 0 7 8 -88.3517 0.4154391840750011
0 0 7 9 -88.66 1.1200432714506303
0 0 9 9 -89.56 1.4346625681183898
0 0 2 2 -74.9451 0.6606851953374354
0 0 1 4 -78.8108 0.31961585322723524
0 0 8 7 -88.3683 1.5204824599919968
0 0 2 8 -86.5159 0.6606851953374354
0 1 4 0 -78.45 2.341681953932289
0 1 3 3 -77.9221 0.6606851953374354
0 1 0 1 -64.57 0.5181550542899774
0 1 7 0 -84.44 1.1200432714506303
0 1 5 8 -86.3912 0.5181550542899774
0 1 0 0 -64.76 0.4518638216531902
0 1 9 8 -88.72 2.02253412315468
0 1 9 6 -87.87 1.8306104706098087
0 1 0 8 -84.91 0.7535492018748609
0 1 6 6 -85.5458 0.4518638216531902
0 1 6 3 -83.5698 1.8543377546204012
0 1 3 1 -75.935 0.6606851953374354
0 1 1 7 -82.9994 0.4154391840750011
0 1 7 8 -87.759 0.4154391840750011
0 1 7 9 -88.43 1.1200432714506303
0 1 9 9 -89.36 1.4346625681183898
0 1 2 2 -72.6644 0.6606851953374354
0 1 1 4 -76.1997 0.31961585322723524
0 1 8 7 -87.865 1.5204824599919968
0 1 2 8 -84.7809 0.6606851953374354
0 2 4 0 -80.19 2.341681953932289
0 2 3 3 -76.6629 0.6606851953374354
0 2 0 1 -66.88 0.5181550542899774
0 2 7 0 -84.52 1.1200432714506303
0 2 5 8 -85.6115 0.5181550542899774
0 2 0 0 -66.88 0.4518638216531902
0 2 9 8 -88.54 2.02253412315468
0 2 9 6 -87.68 1.8306104706098087
0 2 0 8 -82.41 0.7535492018748609
0 2 6 6 -84.8809 0.4518638216531902
0 2 6 3 -83.2055 1.8543377546204012
0 2 3 1 -76.2658 0.6606851953374354
0 2 1 7 -81.439 0.4154391840750011
0 2 7 8 -87.1792 0.4154391840750011
0 2 7 9 -87.68 1.1200432714506303
0 2 9 9 -88.71 1.4346625681183898
0 2 2 2 -71.2902 0.6606851953374354
0 2 1 4 -72.6727 0.31961585322723524
0 2 8 7 -87.3831 1.5204824599919968
0 2 2 8 -83.5095 0.6606851953374354
0 3 4 0 -80.5 2.341681953932289
0 3 3 3 -75.9608 0.6606851953374354
0 3 0 1 -66.86 0.5181550542899774
0 3 7 0 -84.65 1.1200432714506303
0 3 5 8 -84.7783 0.5181550542899774
0 3 0 0 -72.88 0.4518638216531902
0 3 9 8 -87.84 2.02253412315468
0 3 9 6 -86.97 1.8306104706098087
0 3 0 8 -80.83 0.7535492018748609
0 3 6 6 -84.2542 0.4518638216531902
0 3 6 3 -83.0336 1.8543377546204012
0 3 3 1 -77.3103 0.6606851953374354
0 3 1 7 -79.5297 0.4154391840750011
0 3 7 8 -86.5917 0.4154391840750011
0 3 7 9 -86.88 1.1200432714506303
0 3 9 9 -88.53 1.4346625681183898
0 3 2 2 -71.8928 0.6606851953374354
0 3 1 4 -67.1923 0.31961585322723524
0 3 8 7 -86.9372 1.5204824599919968
0 3 2 8 -82.0914 0.6606851953374354
0 4 4 0 -80.91 2.341681953932289
0 4 3 3 -76.1094 0.6606851953374354
0 4 0 1 -72.88 0.5181550542899774
0 4 7 0 -85.6 1.1200432714506303
0 4 5 8 -83.9123 0.5181550542899774
0 4 0 0 -76.4 0.4518638216531902
0 4 9 8 -87.68 2.02253412315468
0 4 9 6 -86.85 1.8306104706098087
0 4 0 8 -78.89 0.7535492018748609
0 4 6 6 -83.719 0.4518638216531902
0 4 6 3 -83.0692 1.8543377546204012
0 4 3 1 -78.7134 0.6606851953374354
0 4 1 7 -77.1888 0.4154391840750011
0 4 7 8 -86.0406 0.4154391840750011
0 4 7 9 -86.65 1.1200432714506303
0 4 9 9 -87.83 1.4346625681183898
0 4 2 2 -73.9115 0.6606851953374354
0 4 1 4 -62.998900000000006 0.31961585322723524
0 4 8 7 -86.5341 1.5204824599919968
0 4 2 8 -81.0412 0.6606851953374354
0 5 4 0 -82.6 2.341681953932289
0 5 3 3 -77.0301 0.6606851953374354
0 5 0 1 -76.4 0.5181550542899774
0 5 7 0 -86.8 1.1200432714506303
0 5 5 8 -83.1279 0.5181550542899774
0 5 0 0 -78.89 0.4518638216531902
0 5 9 8 -86.95 2.02253412315468
0 5 9 6 -86.76 1.8306104706098087
0 5 0 8 -76.39 0.7535492018748609
0 5 6 6 -83.3097 0.4518638216531902
0 5 6 3 -83.307 1.8543377546204012
0 5 3 1 -80.2078 0.6606851953374354
0 5 1 7 -73.9255 0.4154391840750011
0 5 7 8 -85.5337 0.4154391840750011
0 5 7 9 -85.77 1.1200432714506303
0 5 9 9 -87.68 1.4346625681183898
0 5 2 2 -76.2609 0.6606851953374354
0 5 1 4 -63.250299999999996 0.31961585322723524
0 5 8 7 -86.2067 1.5204824599919968
0 5 2 8 -77.6992 0.6606851953374354
0 6 4 0 -83.76 2.341681953932289
0 6 3 3 -78.3841 0.6606851953374354
0 6 0 1 -78.89 0.5181550542899774
0 6 7 0 -92.26 1.1200432714506303
0 6 5 8 -82.3671 0.5181550542899774
0 6 0 0 -80.83 0.4518638216531902
0 6 9 8 -86.83 2.02253412315468
0 6 9 6 -86.71 1.8306104706098087
0 6 0 8 -72.88 0.7535492018748609
0 6 6 6 -83.0728 0.4518638216531902
0 6 6 3 -83.7112 1.8543377546204012
0 6 3 1 -81.6387 0.6606851953374354
0 6 1 7 -69.2067 0.4154391840750011
0 6 7 8 -85.1081 0.4154391840750011
0 6 7 9 -85.57 1.1200432714506303
0 6 9 9 -86.94 1.4346625681183898
0 6 2 2 -78.4761 0.6606851953374354
0 6 1 4 -67.9372 0.31961585322723524
0 6 8 7 -85.9572 1.5204824599919968
0 6 2 8 -76.5303 0.6606851953374354
0 7 4 0 -84.95 2.341681953932289
0 7 3 3 -79.8708 0.6606851953374354
0 7 0 1 -80.83 0.5181550542899774
0 7 7 0 -93.04 1.1200432714506303
0 7 5 8 -81.7543 0.5181550542899774
0 7 0 0 -82.42 0.4518638216531902
0 7 9 8 -86.75 2.02253412315468
0 7 9 6 -86.71 1.8306104706098087
0 7 0 8 -66.87 0.7535492018748609
0 7 6 6 -83.0381 0.4518638216531902
0 7 6 3 -84.2456 1.8543377546204012
0 7 3 1 -82.9523 0.6606851953374354
0 7 1 7 -63.928700000000006 0.4154391840750011
0 7 7 8 -84.7777 0.4154391840750011
0 7 7 9 -85.42 1.1200432714506303
0 7 9 9 -86.82 1.4346625681183898
0 7 2 2 -80.3742 0.6606851953374354
0 7 1 4 -73.146 0.31961585322723524
0 7 8 7 -85.8151 1.5204824599919968
0 7 2 8 -74.187 0.6606851953374354
0 8 4 0 -86.06 2.341681953932289
0 8 3 3 -81.3202 0.6606851953374354
0 8 0 1 -82.42 0.5181550542899774
0 8 7 0 -93.83 1.1200432714506303
0 8 5 8 -81.3541 0.5181550542899774
0 8 0 0 -83.75 0.4518638216531902
0 8 9 8 -86.71 2.02253412315468
0 8 9 6 -86.73 1.8306104706098087
0 8 0 8 -66.89 0.7535492018748609
0 8 6 6 -83.2044 0.4518638216531902
0 8 6 3 -84.8633 1.8543377546204012
0 8 3 1 -84.146 0.6606851953374354
0 8 1 7 -62.6405 0.4154391840750011
0 8 7 8 -84.5739 0.4154391840750011
0 8 7 9 -84.5 1.1200432714506303
0 8 9 9 -86.75 1.4346625681183898
0 8 2 2 -82.0074 0.6606851953374354
0 8 1 4 -76.5248 0.31961585322723524
0 8 8 7 -85.7774 1.5204824599919968
0 8 2 8 -72.1069 0.6606851953374354
0 9 4 0 -86.28 2.341681953932289
0 9 3 3 -82.5505 0.6606851953374354
0 9 0 1 -84.91 0.5181550542899774
0 9 7 0 -87.96 1.1200432714506303
0 9 5 8 -81.2363 0.5181550542899774
0 9 0 0 -84.91 0.4518638216531902
0 9 9 8 -86.71 2.02253412315468
0 9 9 6 -86.8 1.8306104706098087
0 9 0 8 -64.53 0.7535492018748609
0 9 6 6 -83.5558 0.4518638216531902
0 9 6 3 -85.5482 1.8543377546204012
0 9 3 1 -85.2249 0.6606851953374354
0 9 1 7 -65.9887 0.4154391840750011
0 9 7 8 -84.513 0.4154391840750011
0 9 7 9 -84.43 1.1200432714506303
0 9 9 9 -86.71 1.4346625681183898
0 9 2 2 -83.4049 0.6606851953374354
0 9 1 4 -79.0585 0.31961585322723524
0 9 8 7 -85.8643 1.5204824599919968
0 9 2 8 -71.2334 0.6606851953374354
1 0 4 0 -76.49 2.341681953932289
1 0 3 3 -77.7218 0.6606851953374354
1 0 0 1 -65.81 0.5181550542899774
1 0 7 0 -83.51 1.1200432714506303
1 0 5 8 -86.7187 0.5181550542899774
1 0 0 0 -65.81 0.4518638216531902
1 0 9 8 -88.92 2.02253412315468
1 0 9 6 -87.31 1.8306104706098087
1 0 0 8 -85.9 0.7535492018748609
1 0 6 6 -85.5173 0.4518638216531902
1 0 6 3 -82.8346 1.8543377546204012
1 0 3 1 -72.94 0.6606851953374354
1 0 1 7 -84.2222 0.4154391840750011
1 0 7 8 -87.8328 0.4154391840750011
1 0 7 9 -88.73 1.1200432714506303
1 0 9 9 -89.12 1.4346625681183898
1 0 2 2 -72.0147 0.6606851953374354
1 0 1 4 -78.4257 0.31961585322723524
1 0 8 7 -87.7627 1.5204824599919968
1 0 2 8 -85.6293 0.6606851953374354
1 1 4 0 -76.53 2.341681953932289
1 1 3 3 -75.4913 0.6606851953374354
1 1 0 1 -66.79 0.5181550542899774
1 1 7 0 -83.53 1.1200432714506303
1 1 5 8 -85.8549 0.5181550542899774
1 1 0 0 -64.74 0.4518638216531902
1 1 9 8 -88.23 2.02253412315468
1 1 9 6 -87.3 1.8306104706098087
1 1 0 8 -84.87 0.7535492018748609
1 1 6 6 -84.6897 0.4518638216531902
1 1 6 3 -82.1715 1.8543377546204012
1 1 3 1 -71.8879 0.6606851953374354
1 1 1 7 -82.8546 0.4154391840750011
1 1 7 8 -87.1532 0.4154391840750011
1 1 7 9 -87.93 1.1200432714506303
1 1 9 9 -88.91 1.4346625681183898
1 1 2 2 -66.6759 0.6606851953374354
1 1 1 4 -75.5655 0.31961585322723524
1 1 8 7 -87.1848 1.5204824599919968
1 1 2 8 -84.4889 0.6606851953374354
1 2 4 0 -77.0 2.341681953932289
1 2 3 3 -73.4355 0.6606851953374354
1 2 0 1 -65.93 0.5181550542899774
1 2 7 0 -83.62 1.1200432714506303
1 2 5 8 -84.9274 0.5181550542899774
1 2 0 0 -66.31 0.4518638216531902
1 2 9 8 -88.14 2.02253412315468
1 2 9 6 -86.49 1.8306104706098087
1 2 0 8 -83.69 0.7535492018748609
1 2 6 6 -83.8666 0.4518638216531902
1 2 6 3 -81.6882 1.8543377546204012
1 2 3 1 -72.6688 0.6606851953374354
1 2 1 7 -81.2229 0.4154391840750011
1 2 7 8 -86.4782 0.4154391840750011
1 2 7 9 -87.13 1.1200432714506303
1 2 9 9 -88.21 1.4346625681183898
1 2 2 2 -63.337199999999996 0.6606851953374354
1 2 1 4 -70.9576 0.31961585322723524
1 2 8 7 -86.6176 1.5204824599919968
1 2 2 8 -83.1846 0.6606851953374354
1 3 4 0 -79.08 2.341681953932289
1 3 3 3 -71.9861 0.6606851953374354
1 3 0 1 -66.44 0.5181550542899774
1 3 7 0 -83.8 1.1200432714506303
1 3 5 8 -83.9451 0.5181550542899774
1 3 0 0 -72.48 0.4518638216531902
1 3 9 8 -87.27 2.02253412315468
1 3 9 6 -86.31 1.8306104706098087
1 3 0 8 -82.34 0.7535492018748609
1 3 6 6 -83.0804 0.4518638216531902
1 3 6 3 -81.4513 1.8543377546204012
1 3 3 1 -74.5215 0.6606851953374354
1 3 1 7 -79.2203 0.4154391840750011
1 3 7 8 -85.7995 0.4154391840750011
1 3 7 9 -86.22 1.1200432714506303
1 3 9 9 -87.46 1.4346625681183898
1 3 2 2 -64.6635 0.6606851953374354
1 3 1 4 -64.4559 0.31961585322723524
1 3 8 7 -86.0798 1.5204824599919968
1 3 2 8 -81.6604 0.6606851953374354
1 4 4 0 -79.63 2.341681953932289
1 4 3 3 -72.3024 0.6606851953374354
1 4 0 1 -72.47 0.5181550542899774
1 4 7 0 -84.0 1.1200432714506303
1 4 5 8 -82.9089 0.5181550542899774
1 4 0 0 -76.17 0.4518638216531902
1 4 9 8 -87.22 2.02253412315468
1 4 9 6 -86.16 1.8306104706098087
1 4 0 8 -78.74 0.7535492018748609
1 4 6 6 -82.3708 0.4518638216531902
1 4 6 3 -81.4927 1.8543377546204012
1 4 3 1 -76.7384 0.6606851953374354
1 4 1 7 -76.6026 0.4154391840750011
1 4 7 8 -85.1283 0.4154391840750011
1 4 7 9 -86.0 1.1200432714506303
1 4 9 9 -87.26 1.4346625681183898
1 4 2 2 -69.6496 0.6606851953374354
1 4 1 4 -60.6289 0.31961585322723524
1 4 8 7 -85.5973 1.5204824599919968
1 4 2 8 -79.8308 0.6606851953374354
1 5 4 0 -81.57 2.341681953932289
1 5 3 3 -74.0127 0.6606851953374354
1 5 0 1 -76.17 0.5181550542899774
1 5 7 0 -83.37 1.1200432714506303
1 5 5 8 -82.0071 0.5181550542899774
1 5 0 0 -78.75 0.4518638216531902
1 5 9 8 -86.29 2.02253412315468
1 5 9 6 -86.08 1.8306104706098087
1 5 0 8 -76.15 0.7535492018748609
1 5 6 6 -81.8254 0.4518638216531902
1 5 6 3 -81.8143 1.8543377546204012
1 5 3 1 -78.853 0.6606851953374354
1 5 1 7 -72.8864 0.4154391840750011
1 5 7 8 -84.5077 0.4154391840750011
1 5 7 9 -85.03 1.1200432714506303
1 5 9 9 -86.45 1.4346625681183898
1 5 2 2 -74.3107 0.6606851953374354
1 5 1 4 -61.1292 0.31961585322723524
1 5 8 7 -85.186 1.5204824599919968
1 5 2 8 -78.2346 0.6606851953374354
1 6 4 0 -82.87 2.341681953932289
1 6 3 3 -76.2406 0.6606851953374354
1 6 0 1 -78.75 0.5181550542899774
1 6 7 0 -85.33 1.1200432714506303
1 6 5 8 -80.8545 0.5181550542899774
1 6 0 0 -80.73 0.4518638216531902
1 6 9 8 -86.16 2.02253412315468
1 6 9 6 -85.27 1.8306104706098087
1 6 0 8 -72.43 0.7535492018748609
1 6 6 6 -81.5016 0.4518638216531902
1 6 6 3 -82.3687 1.8543377546204012
1 6 3 1 -80.6669 0.6606851953374354
1 6 1 7 -66.4339 0.4154391840750011
1 6 7 8 -83.9652 0.4154391840750011
1 6 7 9 -84.8 1.1200432714506303
1 6 9 9 -86.28 1.4346625681183898
1 6 2 2 -77.2687 0.6606851953374354
1 6 1 4 -65.1797 0.31961585322723524
1 6 8 7 -84.8725 1.5204824599919968
1 6 2 8 -74.67 0.6606851953374354
1 7 4 0 -84.16 2.341681953932289
1 7 3 3 -78.3949 0.6606851953374354
1 7 0 1 -82.34 0.5181550542899774
1 7 7 0 -87.13 1.1200432714506303
1 7 5 8 -79.9957 0.5181550542899774
1 7 0 0 -82.34 0.4518638216531902
1 7 9 8 -86.07 2.02253412315468
1 7 9 6 -85.25 1.8306104706098087
1 7 0 8 -72.44 0.7535492018748609
1 7 6 6 -81.4489 0.4518638216531902
1 7 6 3 -83.0687 1.8543377546204012
1 7 3 1 -82.2414 0.6606851953374354
1 7 1 7 -61.6584 0.4154391840750011
1 7 7 8 -83.5338 0.4154391840750011
1 7 7 9 -83.75 1.1200432714506303
1 7 9 9 -86.15 1.4346625681183898
1 7 2 2 -79.6158 0.6606851953374354
1 7 1 4 -71.6803 0.31961585322723524
1 7 8 7 -84.6896 1.5204824599919968
1 7 2 8 -70.3618 0.6606851953374354
1 8 4 0 -85.34 2.341681953932289
1 8 3 3 -80.2859 0.6606851953374354
1 8 0 1 -83.7 0.5181550542899774
1 8 7 0 -87.17 1.1200432714506303
1 8 5 8 -79.4154 0.5181550542899774
1 8 0 0 -83.7 0.4518638216531902
1 8 9 8 -85.26 2.02253412315468
1 8 9 6 -85.29 1.8306104706098087
1 8 0 8 -66.62 0.7535492018748609
1 8 6 6 -81.6836 0.4518638216531902
1 8 6 3 -83.8635 1.8543377546204012
1 8 3 1 -83.6084 0.6606851953374354
1 8 1 7 -60.605500000000006 0.4154391840750011
1 8 7 8 -83.2727 0.4154391840750011
1 8 7 9 -83.6 1.1200432714506303
1 8 9 9 -85.31 1.4346625681183898
1 8 2 2 -81.4789 0.6606851953374354
1 8 1 4 -75.9413 0.31961585322723524
1 8 8 7 -84.6485 1.5204824599919968
1 8 2 8 -65.1288 0.6606851953374354
1 9 4 0 -86.36 2.341681953932289
1 9 3 3 -81.909 0.6606851953374354
1 9 0 1 -84.87 0.5181550542899774
1 9 7 0 -87.43 1.1200432714506303
1 9 5 8 -79.2316 0.5181550542899774
1 9 0 0 -84.87 0.4518638216531902
1 9 9 8 -85.26 2.02253412315468
1 9 9 6 -86.12 1.8306104706098087
1 9 0 8 -66.79 0.7535492018748609
1 9 6 6 -82.1664 0.4518638216531902
1 9 6 3 -84.6782 1.8543377546204012
1 9 3 1 -84.8091 0.6606851953374354
1 9 1 7 -63.499399999999994 0.4154391840750011
1 9 7 8 -83.1842 0.4154391840750011
1 9 7 9 -83.52 1.1200432714506303
1 9 9 9 -85.26 1.4346625681183898
1 9 2 2 -83.0341 0.6606851953374354
1 9 1 4 -78.7132 0.31961585322723524
1 9 8 7 -84.7549 1.5204824599919968
1 9 2 8 -63.338800000000006 0.6606851953374354
2 0 4 0 -74.01 2.341681953932289
2 0 3 3 -76.1619 0.6606851953374354
2 0 0 1 -71.15 0.5181550542899774
2 0 7 0 -81.33 1.1200432714506303
2 0 5 8 -86.2919 0.5181550542899774
2 0 0 0 -64.62 0.4518638216531902
2 0 9 8 -88.53 2.02253412315468
2 0 9 6 -86.93 1.8306104706098087
2 0 0 8 -85.78 0.7535492018748609
2 0 6 6 -84.7906 0.4518638216531902
2 0 6 3 -81.454 1.8543377546204012
2 0 3 1 -66.9935 0.6606851953374354
2 0 1 7 -84.2449 0.4154391840750011
2 0 7 8 -87.306 0.4154391840750011
2 0 7 9 -88.19 1.1200432714506303
2 0 9 9 -88.66 1.4346625681183898
2 0 2 2 -69.5674 0.6606851953374354
2 0 1 4 -78.6734 0.31961585322723524
2 0 8 7 -87.1454 1.5204824599919968
2 0 2 8 -85.5613 0.6606851953374354
2 1 4 0 -74.06 2.341681953932289
2 1 3 3 -72.8322 0.6606851953374354
2 1 0 1 -64.6 0.5181550542899774
2 1 7 0 -81.35 1.1200432714506303
2 1 5 8 -85.3289 0.5181550542899774
2 1 0 0 -64.78 0.4518638216531902
2 1 9 8 -87.68 2.02253412315468
2 1 9 6 -86.7 1.8306104706098087
2 1 0 8 -84.71 0.7535492018748609
2 1 6 6 -83.8264 0.4518638216531902
2 1 6 3 -80.5524 1.8543377546204012
2 1 3 1 -64.1707 0.6606851953374354
2 1 1 7 -82.9512 0.4154391840750011
2 1 7 8 -86.5607 0.4154391840750011
2 1 7 9 -87.41 1.1200432714506303
2 1 9 9 -87.93 1.4346625681183898
2 1 2 2 -63.517799999999994 0.6606851953374354
2 1 1 4 -75.995 0.31961585322723524
2 1 8 7 -86.4764 1.5204824599919968
2 1 2 8 -84.3569 0.6606851953374354
2 2 4 0 -74.54 2.341681953932289
2 2 3 3 -67.9005 0.6606851953374354
2 2 0 1 -71.39 0.5181550542899774
2 2 7 0 -81.49 1.1200432714506303
2 2 5 8 -84.2807 0.5181550542899774
2 2 0 0 -71.39 0.4518638216531902
2 2 9 8 -86.9 2.02253412315468
2 2 9 6 -85.81 1.8306104706098087
2 2 0 8 -83.5 0.7535492018748609
2 2 6 6 -82.7956 0.4518638216531902
2 2 6 3 -79.8511 1.8543377546204012
2 2 3 1 -65.8767 0.6606851953374354
2 2 1 7 -81.3601 0.4154391840750011
2 2 7 8 -85.7709 0.4154391840750011
2 2 7 9 -86.64 1.1200432714506303
2 2 9 9 -87.68 1.4346625681183898
2 2 2 2 -60.0252 0.6606851953374354
2 2 1 4 -71.6388 0.31961585322723524
2 2 8 7 -85.8101 1.5204824599919968
2 2 2 8 -83.0084 0.6606851953374354
2 3 4 0 -75.32 2.341681953932289
2 3 3 3 -64.2331 0.6606851953374354
2 3 0 1 -71.47 0.5181550542899774
2 3 7 0 -82.81 1.1200432714506303
2 3 5 8 -83.1177 0.5181550542899774
2 3 0 0 -72.17 0.4518638216531902
2 3 9 8 -86.66 2.02253412315468
2 3 9 6 -85.61 1.8306104706098087
2 3 0 8 -82.08 0.7535492018748609
2 3 6 6 -81.786 0.4518638216531902
2 3 6 3 -79.5031 1.8543377546204012
2 3 3 1 -70.7142 0.6606851953374354
2 3 1 7 -79.4321 0.4154391840750011
2 3 7 8 -84.9691 0.4154391840750011
2 3 7 9 -85.61 1.1200432714506303
2 3 9 9 -86.88 1.4346625681183898
2 3 2 2 -61.56999999999999 0.6606851953374354
2 3 1 4 -66.1688 0.31961585322723524
2 3 8 7 -85.1625 1.5204824599919968
2 3 2 8 -81.4174 0.6606851953374354
2 4 4 0 -78.11 2.341681953932289
2 4 3 3 -65.0197 0.6606851953374354
2 4 0 1 -75.38 0.5181550542899774
2 4 7 0 -83.01 1.1200432714506303
2 4 5 8 -81.8699 0.5181550542899774
2 4 0 0 -78.29 0.4518638216531902
2 4 9 8 -85.78 2.02253412315468
2 4 9 6 -84.66 1.8306104706098087
2 4 0 8 -80.64 0.7535492018748609
2 4 6 6 -80.8335 0.4518638216531902
2 4 6 3 -79.5745 1.8543377546204012
2 4 3 1 -74.7967 0.6606851953374354
2 4 1 7 -76.9426 0.4154391840750011
2 4 7 8 -84.1573 0.4154391840750011
2 4 7 9 -84.56 1.1200432714506303
2 4 9 9 -86.65 1.4346625681183898
2 4 2 2 -66.4542 0.6606851953374354
2 4 1 4 -62.286500000000004 0.31961585322723524
2 4 8 7 -84.5615 1.5204824599919968
2 4 2 8 -79.471 0.6606851953374354
2 5 4 0 -80.3 2.341681953932289
2 5 3 3 -69.5941 0.6606851953374354
2 5 0 1 -78.28 0.5181550542899774
2 5 7 0 -84.48 1.1200432714506303
2 5 5 8 -80.5246 0.5181550542899774
2 5 0 0 -80.42 0.4518638216531902
2 5 9 8 -85.58 2.02253412315468
2 5 9 6 -84.52 1.8306104706098087
2 5 0 8 -78.21 0.7535492018748609
2 5 6 6 -80.055 0.4518638216531902
2 5 6 3 -80.0487 1.8543377546204012
2 5 3 1 -77.6451 0.6606851953374354
2 5 1 7 -73.6268 0.4154391840750011
2 5 7 8 -83.3796 0.4154391840750011
2 5 7 9 -84.24 1.1200432714506303
2 5 9 9 -85.77 1.4346625681183898
2 5 2 2 -72.9227 0.6606851953374354
2 5 1 4 -62.7992 0.31961585322723524
2 5 8 7 -84.0421 1.5204824599919968
2 5 2 8 -76.9449 0.6606851953374354
2 6 4 0 -82.03 2.341681953932289
2 6 3 3 -74.0682 0.6606851953374354
2 6 0 1 -80.42 0.5181550542899774
2 6 7 0 -87.4 1.1200432714506303
2 6 5 8 -79.1442 0.5181550542899774
2 6 0 0 -82.12 0.4518638216531902
2 6 9 8 -84.64 2.02253412315468
2 6 9 6 -84.44 1.8306104706098087
2 6 0 8 -75.96 0.7535492018748609
2 6 6 6 -79.5756 0.4518638216531902
2 6 6 3 -80.8245 1.8543377546204012
2 6 3 1 -79.9006 0.6606851953374354
2 6 1 7 -68.0753 0.4154391840750011
2 6 7 8 -82.6758 0.4154391840750011
2 6 7 9 -83.05 1.1200432714506303
2 6 9 9 -85.57 1.4346625681183898
2 6 2 2 -76.63 0.6606851953374354
2 6 1 4 -66.7794 0.31961585322723524
2 6 8 7 -83.6425 1.5204824599919968
2 6 2 8 -73.4086 0.6606851953374354
2 7 4 0 -83.46 2.341681953932289
2 7 3 3 -77.0716 0.6606851953374354
2 7 0 1 -82.11 0.5181550542899774
2 7 7 0 -90.51 1.1200432714506303
2 7 5 8 -77.8745 0.5181550542899774
2 7 0 0 -83.53 0.4518638216531902
2 7 9 8 -84.51 2.02253412315468
2 7 9 6 -84.43 1.8306104706098087
2 7 0 8 -72.08 0.7535492018748609
2 7 6 6 -79.5026 0.4518638216531902
2 7 6 3 -81.7726 1.8543377546204012
2 7 3 1 -81.706 0.6606851953374354
2 7 1 7 -63.210899999999995 0.4154391840750011
2 7 7 8 -82.1034 0.4154391840750011
2 7 7 9 -82.79 1.1200432714506303
2 7 9 9 -84.63 1.4346625681183898
2 7 2 2 -79.2391 0.6606851953374354
2 7 1 4 -72.6812 0.31961585322723524
2 7 8 7 -83.4043 1.5204824599919968
2 7 2 8 -67.2132 0.6606851953374354
2 8 4 0 -84.69 2.341681953932289
2 8 3 3 -79.4454 0.6606851953374354
2 8 0 1 -83.53 0.5181550542899774
2 8 7 0 -86.57 1.1200432714506303
2 8 5 8 -76.9325 0.5181550542899774
2 8 0 0 -84.73 0.4518638216531902
2 8 9 8 -84.44 2.02253412315468
2 8 9 6 -84.47 1.8306104706098087
2 8 0 8 -70.77 0.7535492018748609
2 8 6 6 -79.8487 0.4518638216531902
2 8 6 3 -82.7917 1.8543377546204012
2 8 3 1 -83.2184 0.6606851953374354
2 8 1 7 -61.62220000000001 0.4154391840750011
2 8 7 8 -81.7355 0.4154391840750011
2 8 7 9 -81.48 1.1200432714506303
2 8 9 9 -84.5 1.4346625681183898
2 8 2 2 -81.2382 0.6606851953374354
2 8 1 4 -76.3273 0.31961585322723524
2 8 8 7 -83.3468 1.5204824599919968
2 8 2 8 -61.68899999999999 0.6606851953374354
2 9 4 0 -85.75 2.341681953932289
2 9 3 3 -81.3356 0.6606851953374354
2 9 0 1 -84.73 0.5181550542899774
2 9 7 0 -86.87 1.1200432714506303
2 9 5 8 -76.633 0.5181550542899774
2 9 0 0 -85.79 0.4518638216531902
2 9 9 8 -84.43 2.02253412315468
2 9 9 6 -84.58 1.8306104706098087
2 9 0 8 -64.52 0.7535492018748609
2 9 6 6 -80.5361 0.4518638216531902
2 9 6 3 -83.8072 1.8543377546204012
2 9 3 1 -84.5161 0.6606851953374354
2 9 1 7 -64.9791 0.4154391840750011
2 9 7 8 -81.6254 0.4154391840750011
2 9 7 9 -81.35 1.1200432714506303
2 9 9 9 -84.43 1.4346625681183898
2 9 2 2 -82.8603 0.6606851953374354
2 9 1 4 -78.9363 0.31961585322723524
2 9 8 7 -83.4849 1.5204824599919968
2 9 2 8 -59.761799999999994 0.6606851953374354
3 0 4 0 -64.61 2.341681953932289
3 0 3 3 -75.2214 0.6606851953374354
3 0 0 1 -74.37 0.5181550542899774
3 0 7 0 -80.0 1.1200432714506303
3 0 5 8 -85.9377 0.5181550542899774
3 0 0 0 -74.01 0.4518638216531902
3 0 9 8 -88.05 2.02253412315468
3 0 9 6 -86.32 1.8306104706098087
3 0 0 8 -86.55 0.7535492018748609
3 0 6 6 -84.0773 0.4518638216531902
3 0 6 3 -79.9305 1.8543377546204012
3 0 3 1 -62.7098 0.6606851953374354
3 0 1 7 -84.543 0.4154391840750011
3 0 7 8 -86.8223 0.4154391840750011
3 0 7 9 -87.71 1.1200432714506303
3 0 9 9 -88.19 1.4346625681183898
3 0 2 2 -70.7046 0.6606851953374354
3 0 1 4 -79.4492 0.31961585322723524
3 0 8 7 -86.541 1.5204824599919968
3 0 2 8 -85.5812 0.6606851953374354
3 1 4 0 -65.24 2.341681953932289
3 1 3 3 -70.3903 0.6606851953374354
3 1 0 1 -74.0 0.5181550542899774
3 1 7 0 -80.02 1.1200432714506303
3 1 5 8 -84.8926 0.5181550542899774
3 1 0 0 -74.05 0.4518638216531902
3 1 9 8 -87.15 2.02253412315468
3 1 9 6 -86.17 1.8306104706098087
3 1 0 8 -85.57 0.7535492018748609
3 1 6 6 -82.9417 0.4518638216531902
3 1 6 3 -78.6348 1.8543377546204012
3 1 3 1 -59.622299999999996 0.6606851953374354
3 1 1 7 -83.2625 0.4154391840750011
3 1 7 8 -85.9776 0.4154391840750011
3 1 7 9 -86.87 1.1200432714506303
3 1 9 9 -87.39 1.4346625681183898
3 1 2 2 -64.6112 0.6606851953374354
3 1 1 4 -77.2928 0.31961585322723524
3 1 8 7 -85.7663 1.5204824599919968
3 1 2 8 -84.4444 0.6606851953374354
3 2 4 0 -71.4 2.341681953932289
3 2 3 3 -64.0317 0.6606851953374354
3 2 0 1 -74.07 0.5181550542899774
3 2 7 0 -80.26 1.1200432714506303
3 2 5 8 -83.7148 0.5181550542899774
3 2 0 0 -74.53 0.4518638216531902
3 2 9 8 -86.28 2.02253412315468
3 2 9 6 -85.01 1.8306104706098087
3 2 0 8 -84.45 0.7535492018748609
3 2 6 6 -81.6949 0.4518638216531902
3 2 6 3 -77.585 1.8543377546204012
3 2 3 1 -61.848699999999994 0.6606851953374354
3 2 1 7 -81.8118 0.4154391840750011
3 2 7 8 -85.0757 0.4154391840750011
3 2 7 9 -86.04 1.1200432714506303
3 2 9 9 -87.13 1.4346625681183898
3 2 2 2 -60.95569999999999 0.6606851953374354
3 2 1 4 -74.5918 0.31961585322723524
3 2 8 7 -84.9772 1.5204824599919968
3 2 2 8 -83.1007 0.6606851953374354
3 3 4 0 -75.46 2.341681953932289
3 3 3 3 -59.5163 0.6606851953374354
3 3 0 1 -74.58 0.5181550542899774
3 3 7 0 -80.5 1.1200432714506303
3 3 5 8 -82.3841 0.5181550542899774
3 3 0 0 -77.34 0.4518638216531902
3 3 9 8 -86.17 2.02253412315468
3 3 9 6 -84.03 1.8306104706098087
3 3 0 8 -83.16 0.7535492018748609
3 3 6 6 -80.3746 0.4518638216531902
3 3 6 3 -76.9999 1.8543377546204012
3 3 3 1 -67.3592 0.6606851953374354
3 3 1 7 -80.094 0.4154391840750011
3 3 7 8 -84.1312 0.4154391840750011
3 3 7 9 -84.93 1.1200432714506303
3 3 9 9 -86.26 1.4346625681183898
3 3 2 2 -62.599000000000004 0.6606851953374354
3 3 1 4 -71.7841 0.31961585322723524
3 3 8 7 -84.1881 1.5204824599919968
3 3 2 8 -81.5094 0.6606851953374354
3 4 4 0 -78.32 2.341681953932289
3 4 3 3 -60.632099999999994 0.6606851953374354
3 4 0 1 -77.34 0.5181550542899774
3 4 7 0 -82.05 1.1200432714506303
3 4 5 8 -80.8704 0.5181550542899774
3 4 0 0 -79.83 0.4518638216531902
3 4 9 8 -85.01 2.02253412315468
3 4 9 6 -83.8 1.8306104706098087
3 4 0 8 -81.62 0.7535492018748609
3 4 6 6 -79.0558 0.4518638216531902
3 4 6 3 -77.1114 1.8543377546204012
3 4 3 1 -73.5084 0.6606851953374354
3 4 1 7 -78.041 0.4154391840750011
3 4 7 8 -83.144 0.4154391840750011
3 4 7 9 -83.87 1.1200432714506303
3 4 9 9 -85.3 1.4346625681183898
3 4 2 2 -67.7225 0.6606851953374354
3 4 1 4 -69.1524 0.31961585322723524
3 4 8 7 -83.4304 1.5204824599919968
3 4 2 8 -79.6128 0.6606851953374354
3 5 4 0 -80.44 2.341681953932289
3 5 3 3 -65.889 0.6606851953374354
3 5 0 1 -79.83 0.5181550542899774
3 5 7 0 -82.44 1.1200432714506303
3 5 5 8 -79.1504 0.5181550542899774
3 5 0 0 -80.18 0.4518638216531902
3 5 9 8 -83.99 2.02253412315468
3 5 9 6 -83.63 1.8306104706098087
3 5 0 8 -80.21 0.7535492018748609
3 5 6 6 -77.8877 0.4518638216531902
3 5 6 3 -77.8729 1.8543377546204012
3 5 3 1 -76.9631 0.6606851953374354
3 5 1 7 -75.593 0.4154391840750011
3 5 7 8 -82.1554 0.4154391840750011
3 5 7 9 -83.38 1.1200432714506303
3 5 9 9 -85.01 1.4346625681183898
3 5 2 2 -73.5458 0.6606851953374354
3 5 1 4 -69.2849 0.31961585322723524
3 5 8 7 -82.7525 1.5204824599919968
3 5 2 8 -77.1761 0.6606851953374354
3 6 4 0 -82.13 2.341681953932289
3 6 3 3 -72.4477 0.6606851953374354
3 6 0 1 -81.7 0.5181550542899774
3 6 7 0 -82.33 1.1200432714506303
3 6 5 8 -77.2146 0.5181550542899774
3 6 0 0 -81.9 0.4518638216531902
3 6 9 8 -83.77 2.02253412315468
3 6 9 6 -83.53 1.8306104706098087
3 6 0 8 -77.48 0.7535492018748609
3 6 6 6 -77.1221 0.4518638216531902
3 6 6 3 -79.0399 1.8543377546204012
3 6 3 1 -79.4926 0.6606851953374354
3 6 1 7 -72.2604 0.4154391840750011
3 6 7 8 -81.2132 0.4154391840750011
3 6 7 9 -82.04 1.1200432714506303
3 6 9 9 -83.97 1.4346625681183898
3 6 2 2 -76.8828 0.6606851953374354
3 6 1 4 -72.0286 0.31961585322723524
3 6 8 7 -82.2219 1.5204824599919968
3 6 2 8 -73.9421 0.6606851953374354
3 7 4 0 -83.54 2.341681953932289
3 7 3 3 -76.3254 0.6606851953374354
3 7 0 1 -83.22 0.5181550542899774
3 7 7 0 -81.07 1.1200432714506303
3 7 5 8 -75.1656 0.5181550542899774
3 7 0 0 -83.22 0.4518638216531902
3 7 9 8 -83.61 2.02253412315468
3 7 9 6 -83.56 1.8306104706098087
3 7 0 8 -74.64 0.7535492018748609
3 7 6 6 -76.993 0.4518638216531902
3 7 6 3 -80.3743 1.8543377546204012
3 7 3 1 -81.4334 0.6606851953374354
3 7 1 7 -69.8118 0.4154391840750011
3 7 7 8 -80.4104 0.4154391840750011
3 7 7 9 -80.49 1.1200432714506303
3 7 9 9 -83.75 1.4346625681183898
3 7 2 2 -79.3871 0.6606851953374354
3 7 1 4 -74.9947 0.31961585322723524
3 7 8 7 -81.8947 1.5204824599919968
3 7 2 8 -68.3085 0.6606851953374354
3 8 4 0 -84.74 2.341681953932289
3 8 3 3 -79.0012 0.6606851953374354
3 8 0 1 -84.5 0.5181550542899774
3 8 7 0 -85.94 1.1200432714506303
3 8 5 8 -73.5592 0.5181550542899774
3 8 0 0 -84.5 0.4518638216531902
3 8 9 8 -83.52 2.02253412315468
3 8 9 6 -83.56 1.8306104706098087
3 8 0 8 -74.1 0.7535492018748609
3 8 6 6 -77.5736 0.4518638216531902
3 8 6 3 -81.6899 1.8543377546204012
3 8 3 1 -83.024 0.6606851953374354
3 8 1 7 -68.8239 0.4154391840750011
3 8 7 8 -79.8809 0.4154391840750011
3 8 7 9 -80.17 1.1200432714506303
3 8 9 9 -83.6 1.4346625681183898
3 8 2 2 -81.3345 0.6606851953374354
3 8 1 4 -77.5083 0.31961585322723524
3 8 8 7 -81.8158 1.5204824599919968
3 8 2 8 -63.0697 0.6606851953374354
3 9 4 0 -85.8 2.341681953932289
3 9 3 3 -81.0448 0.6606851953374354
3 9 0 1 -85.6 0.5181550542899774
3 9 7 0 -86.87 1.1200432714506303
3 9 5 8 -72.9567 0.5181550542899774
3 9 0 0 -85.6 0.4518638216531902
3 9 9 8 -82.49 2.02253412315468
3 9 9 6 -83.71 1.8306104706098087
3 9 0 8 -73.98 0.7535492018748609
3 9 6 6 -78.6275 0.4518638216531902
3 9 6 3 -82.9417 1.8543377546204012
3 9 3 1 -84.3703 0.6606851953374354
3 9 1 7 -71.0366 0.4154391840750011
3 9 7 8 -79.7169 0.4154391840750011
3 9 7 9 -80.02 1.1200432714506303
3 9 9 9 -83.52 1.4346625681183898
3 9 2 2 -82.9323 0.6606851953374354
3 9 1 4 -79.6652 0.31961585322723524
3 9 8 7 -82.0092 1.5204824599919968
3 9 2 8 -60.8707 0.6606851953374354
4 0 4 0 -64.63 2.341681953932289
4 0 3 3 -75.4614 0.6606851953374354
4 0 0 1 -76.72 0.5181550542899774
4 0 7 0 -76.49 1.1200432714506303
4 0 5 8 -85.6887 0.5181550542899774
4 0 0 0 -76.49 0.4518638216531902
4 0 9 8 -87.54 2.02253412315468
4 0 9 6 -85.56 1.8306104706098087
4 0 0 8 -86.29 0.7535492018748609
4 0 6 6 -83.4951 0.4518638216531902
4 0 6 3 -78.2802 1.8543377546204012
4 0 3 1 -63.7256 0.6606851953374354
4 0 1 7 -84.9085 0.4154391840750011
4 0 7 8 -86.3875 0.4154391840750011
4 0 7 9 -87.27 1.1200432714506303
4 0 9 9 -87.54 1.4346625681183898
4 0 2 2 -73.619 0.6606851953374354
4 0 1 4 -80.5154 0.31961585322723524
4 0 8 7 -85.947 1.5204824599919968
4 0 2 8 -85.7322 0.6606851953374354
4 1 4 0 -64.75 2.341681953932289
4 1 3 3 -70.9655 0.6606851953374354
4 1 0 1 -76.48 0.5181550542899774
4 1 7 0 -76.53 1.1200432714506303
4 1 5 8 -84.5652 0.5181550542899774
4 1 0 0 -76.52 0.4518638216531902
4 1 9 8 -86.57 2.02253412315468
4 1 9 6 -84.33 1.8306104706098087
4 1 0 8 -85.25 0.7535492018748609
4 1 6 6 -82.1516 0.4518638216531902
4 1 6 3 -76.3231 1.8543377546204012
4 1 3 1 -60.570800000000006 0.6606851953374354
4 1 1 7 -83.7709 0.4154391840750011
4 1 7 8 -85.4428 0.4154391840750011
4 1 7 9 -86.36 1.1200432714506303
4 1 9 9 -86.88 1.4346625681183898
4 1 2 2 -69.5685 0.6606851953374354
4 1 1 4 -78.8823 0.31961585322723524
4 1 8 7 -85.0556 1.5204824599919968
4 1 2 8 -84.6361 0.6606851953374354
4 2 4 0 -66.84 2.341681953932289
4 2 3 3 -64.9002 0.6606851953374354
4 2 0 1 -76.54 0.5181550542899774
4 2 7 0 -78.68 1.1200432714506303
4 2 5 8 -83.2823 0.5181550542899774
4 2 0 0 -76.84 0.4518638216531902
4 2 9 8 -85.56 2.02253412315468
4 2 9 6 -84.31 1.8306104706098087
4 2 0 8 -84.21 0.7535492018748609
4 2 6 6 -80.6248 0.4518638216531902
4 2 6 3 -74.5429 1.8543377546204012
4 2 3 1 -62.6767 0.6606851953374354
4 2 1 7 -82.4726 0.4154391840750011
4 2 7 8 -84.4173 0.4154391840750011
4 2 7 9 -85.34 1.1200432714506303
4 2 9 9 -86.55 1.4346625681183898
4 2 2 2 -67.9766 0.6606851953374354
4 2 1 4 -77.1151 0.31961585322723524
4 2 8 7 -84.125 1.5204824599919968
4 2 2 8 -83.3735 0.6606851953374354
4 3 4 0 -72.86 2.341681953932289
4 3 3 3 -60.251900000000006 0.6606851953374354
4 3 0 1 -79.07 0.5181550542899774
4 3 7 0 -79.12 1.1200432714506303
4 3 5 8 -81.8011 0.5181550542899774
4 3 0 0 -79.07 0.4518638216531902
4 3 9 8 -84.58 2.02253412315468
4 3 9 6 -83.12 1.8306104706098087
4 3 0 8 -82.65 0.7535492018748609
4 3 6 6 -78.8918 0.4518638216531902
4 3 6 3 -73.5044 1.8543377546204012
4 3 3 1 -68.0515 0.6606851953374354
4 3 1 7 -81.0123 0.4154391840750011
4 3 7 8 -83.3021 0.4154391840750011
4 3 7 9 -84.18 1.1200432714506303
4 3 9 9 -85.56 1.4346625681183898
4 3 2 2 -68.8623 0.6606851953374354
4 3 1 4 -75.4498 0.31961585322723524
4 3 8 7 -83.1506 1.5204824599919968
4 3 2 8 -81.9261 0.6606851953374354
4 4 4 0 -76.39 2.341681953932289
4 4 3 3 -61.622 0.6606851953374354
4 4 0 1 -79.1 0.5181550542899774
4 4 7 0 -80.91 1.1200432714506303
4 4 5 8 -80.0457 0.5181550542899774
4 4 0 0 -79.58 0.4518638216531902
4 4 9 8 -84.26 2.02253412315468
4 4 9 6 -82.84 1.8306104706098087
4 4 0 8 -82.65 0.7535492018748609
4 4 6 6 -76.9963 0.4518638216531902
4 4 6 3 -73.7146 1.8543377546204012
4 4 3 1 -73.8328 0.6606851953374354
4 4 1 7 -79.4321 0.4154391840750011
4 4 7 8 -82.1005 0.4154391840750011
4 4 7 9 -82.9 1.1200432714506303
4 4 9 9 -84.56 1.4346625681183898
4 4 2 2 -72.3227 0.6606851953374354
4 4 1 4 -74.4218 0.31961585322723524
4 4 8 7 -82.1853 1.5204824599919968
4 4 2 8 -80.2162 0.6606851953374354
4 5 4 0 -78.89 2.341681953932289
4 5 3 3 -66.7029 0.6606851953374354
4 5 0 1 -81.38 0.5181550542899774
4 5 7 0 -81.38 1.1200432714506303
4 5 5 8 -77.9024 0.5181550542899774
4 5 0 0 -81.38 0.4518638216531902
4 5 9 8 -83.07 2.02253412315468
4 5 9 6 -81.52 1.8306104706098087
4 5 0 8 -80.95 0.7535492018748609
4 5 6 6 -75.0984 0.4518638216531902
4 5 6 3 -75.0786 1.8543377546204012
4 5 3 1 -77.109 0.6606851953374354
4 5 1 7 -77.6746 0.4154391840750011
4 5 7 8 -80.8277 0.4154391840750011
4 5 7 9 -81.37 1.1200432714506303
4 5 9 9 -84.24 1.4346625681183898
4 5 2 2 -75.3312 0.6606851953374354
4 5 1 4 -74.4748 0.31961585322723524
4 5 8 7 -81.2885 1.5204824599919968
4 5 2 8 -78.153 0.6606851953374354
4 6 4 0 -80.83 2.341681953932289
4 6 3 3 -72.8118 0.6606851953374354
4 6 0 1 -82.75 0.5181550542899774
4 6 7 0 -78.74 1.1200432714506303
4 6 5 8 -75.2276 0.5181550542899774
4 6 0 0 -82.75 0.4518638216531902
4 6 9 8 -82.81 2.02253412315468
4 6 9 6 -81.37 1.8306104706098087
4 6 0 8 -79.12 0.7535492018748609
4 6 6 6 -73.7253 0.4518638216531902
4 6 6 3 -76.9711 1.8543377546204012
4 6 3 1 -79.5858 0.6606851953374354
4 6 1 7 -75.9462 0.4154391840750011
4 6 7 8 -79.5403 0.4154391840750011
4 6 7 9 -80.9 1.1200432714506303
4 6 9 9 -83.05 1.4346625681183898
4 6 2 2 -77.8987 0.6606851953374354
4 6 1 4 -75.5935 0.31961585322723524
4 6 8 7 -80.5393 1.5204824599919968
4 6 2 8 -75.6981 0.6606851953374354
4 7 4 0 -82.41 2.341681953932289
4 7 3 3 -76.4881 0.6606851953374354
4 7 0 1 -82.9 0.5181550542899774
4 7 7 0 -80.0 1.1200432714506303
4 7 5 8 -71.8293 0.5181550542899774
4 7 0 0 -84.14 0.4518638216531902
4 7 9 8 -81.49 2.02253412315468
4 7 9 6 -81.33 1.8306104706098087
4 7 0 8 -78.71 0.7535492018748609
4 7 6 6 -73.4933 0.4518638216531902
4 7 6 3 -78.8941 1.8543377546204012
4 7 3 1 -81.4995 0.6606851953374354
4 7 1 7 -74.6761 0.4154391840750011
4 7 7 8 -78.3793 0.4154391840750011
4 7 7 9 -78.98 1.1200432714506303
4 7 9 9 -82.79 1.4346625681183898
4 7 2 2 -79.9987 0.6606851953374354
4 7 1 4 -77.2704 0.31961585322723524
4 7 8 7 -80.0693 1.5204824599919968
4 7 2 8 -72.634 0.6606851953374354
4 8 4 0 -83.75 2.341681953932289
4 8 3 3 -79.0968 0.6606851953374354
4 8 0 1 -84.14 0.5181550542899774
4 8 7 0 -85.25 1.1200432714506303
4 8 5 8 -67.4293 0.5181550542899774
4 8 0 0 -84.4 0.4518638216531902
4 8 9 8 -81.35 2.02253412315468
4 8 9 6 -81.41 1.8306104706098087
4 8 0 8 -76.55 0.7535492018748609
4 8 6 6 -74.5409 0.4518638216531902
4 8 6 3 -80.6175 1.8543377546204012
4 8 3 1 -83.07 0.6606851953374354
4 8 1 7 -74.3359 0.4154391840750011
4 8 7 8 -77.5529 0.4154391840750011
4 8 7 9 -78.68 1.1200432714506303
4 8 9 9 -81.48 1.4346625681183898
4 8 2 2 -81.7449 0.6606851953374354
4 8 1 4 -79.0278 0.31961585322723524
4 8 8 7 -79.9584 1.5204824599919968
4 8 2 8 -69.0725 0.6606851953374354
4 9 4 0 -84.91 2.341681953932289
4 9 3 3 -81.1084 0.6606851953374354
4 9 0 1 -85.53 0.5181550542899774
4 9 7 0 -86.42 1.1200432714506303
4 9 5 8 -65.7846 0.5181550542899774
4 9 0 0 -86.35 0.4518638216531902
4 9 9 8 -81.33 2.02253412315468
4 9 9 6 -81.6 1.8306104706098087
4 9 0 8 -76.48 0.7535492018748609
4 9 6 6 -76.315 0.4518638216531902
4 9 6 3 -82.1446 1.8543377546204012
4 9 3 1 -84.402 0.6606851953374354
4 9 1 7 -75.1182 0.4154391840750011
4 9 7 8 -77.2843 0.4154391840750011
4 9 7 9 -76.53 1.1200432714506303
4 9 9 9 -81.35 1.4346625681183898
4 9 2 2 -83.2297 0.6606851953374354
4 9 1 4 -81.8076 0.31961585322723524
4 9 8 7 -80.2422 1.5204824599919968
4 9 2 8 -67.8351 0.6606851953374354
5 0 4 0 -64.62 2.341681953932289
5 0 3 3 -76.6612 0.6606851953374354
5 0 0 1 -80.12 0.5181550542899774
5 0 7 0 -74.01 1.1200432714506303
5 0 5 8 -85.5426 0.5181550542899774
5 0 0 0 -80.0 0.4518638216531902
5 0 9 8 -86.98 2.02253412315468
5 0 9 6 -84.88 1.8306104706098087
5 0 0 8 -86.2 0.7535492018748609
5 0 6 6 -83.022 0.4518638216531902
5 0 6 3 -76.6409 1.8543377546204012
5 0 3 1 -69.3896 0.6606851953374354
5 0 1 7 -85.388 0.4154391840750011
5 0 7 8 -86.0133 0.4154391840750011
5 0 7 9 -86.6 1.1200432714506303
5 0 9 9 -86.98 1.4346625681183898
5 0 2 2 -76.4143 0.6606851953374354
5 0 1 4 -81.6688 0.31961585322723524
5 0 8 7 -85.3885 1.5204824599919968
5 0 2 8 -86.0112 0.6606851953374354
5 1 4 0 -64.77 2.341681953932289
5 1 3 3 -73.7417 0.6606851953374354
5 1 0 1 -79.99 0.5181550542899774
5 1 7 0 -74.07 1.1200432714506303
5 1 5 8 -84.3831 0.5181550542899774
5 1 0 0 -80.02 0.4518638216531902
5 1 9 8 -86.0 2.02253412315468
5 1 9 6 -83.85 1.8306104706098087
5 1 0 8 -86.2 0.7535492018748609
5 1 6 6 -81.4981 0.4518638216531902
5 1 6 3 -73.8418 1.8543377546204012
5 1 3 1 -66.8265 0.6606851953374354
5 1 1 7 -84.3946 0.4154391840750011
5 1 7 8 -84.9825 0.4154391840750011
5 1 7 9 -85.63 1.1200432714506303
5 1 9 9 -86.25 1.4346625681183898
5 1 2 2 -74.7986 0.6606851953374354
5 1 1 4 -80.4315 0.31961585322723524
5 1 8 7 -84.371 1.5204824599919968
5 1 2 8 -84.9721 0.6606851953374354
5 2 4 0 -66.3 2.341681953932289
5 2 3 3 -70.2061 0.6606851953374354
5 2 0 1 -80.03 0.5181550542899774
5 2 7 0 -74.54 1.1200432714506303
5 2 5 8 -83.0428 0.5181550542899774
5 2 0 0 -80.19 0.4518638216531902
5 2 9 8 -84.88 2.02253412315468
5 2 9 6 -83.59 1.8306104706098087
5 2 0 8 -84.95 0.7535492018748609
5 2 6 6 -79.6947 0.4518638216531902
5 2 6 3 -70.0619 1.8543377546204012
5 2 3 1 -68.2525 0.6606851953374354
5 2 1 7 -83.2751 0.4154391840750011
5 2 7 8 -83.8302 0.4154391840750011
5 2 7 9 -84.53 1.1200432714506303
5 2 9 9 -86.0 1.4346625681183898
5 2 2 2 -73.9132 0.6606851953374354
5 2 1 4 -79.2204 0.31961585322723524
5 2 8 7 -83.2625 1.5204824599919968
5 2 2 8 -83.8277 0.6606851953374354
5 3 4 0 -72.87 2.341681953932289
5 3 3 3 -66.9949 0.6606851953374354
5 3 0 1 -80.21 0.5181550542899774
5 3 7 0 -77.66 1.1200432714506303
5 3 5 8 -81.4654 0.5181550542899774
5 3 0 0 -80.49 0.4518638216531902
5 3 9 8 -83.79 2.02253412315468
5 3 9 6 -82.02 1.8306104706098087
5 3 0 8 -83.79 0.7535492018748609
5 3 6 6 -77.4894 0.4518638216531902
5 3 6 3 -67.022 1.8543377546204012
5 3 3 1 -72.2651 0.6606851953374354
5 3 1 7 -82.0805 0.4154391840750011
5 3 7 8 -82.5423 0.4154391840750011
5 3 7 9 -83.26 1.1200432714506303
5 3 9 9 -84.91 1.4346625681183898
5 3 2 2 -74.2578 0.6606851953374354
5 3 1 4 -78.2316 0.31961585322723524
5 3 8 7 -82.0832 1.5204824599919968
5 3 2 8 -82.5286 0.6606851953374354
5 4 4 0 -76.24 2.341681953932289
5 4 3 3 -67.6833 0.6606851953374354
5 4 0 1 -80.52 0.5181550542899774
5 4 7 0 -79.6 1.1200432714506303
5 4 5 8 -79.5376 0.5181550542899774
5 4 0 0 -82.02 0.4518638216531902
5 4 9 8 -83.59 2.02253412315468
5 4 9 6 -80.57 1.8306104706098087
5 4 0 8 -83.51 0.7535492018748609
5 4 6 6 -74.7803 0.4518638216531902
5 4 6 3 -67.6613 1.8543377546204012
5 4 3 1 -75.4271 0.6606851953374354
5 4 1 7 -80.8379 0.4154391840750011
5 4 7 8 -81.0852 0.4154391840750011
5 4 7 9 -81.76 1.1200432714506303
5 4 9 9 -83.76 1.4346625681183898
5 4 2 2 -75.6237 0.6606851953374354
5 4 1 4 -77.662 0.31961585322723524
5 4 8 7 -80.8348 1.5204824599919968
5 4 2 8 -81.0913 0.6606851953374354
5 5 4 0 -78.8 2.341681953932289
5 5 3 3 -71.3972 0.6606851953374354
5 5 0 1 -82.02 0.5181550542899774
5 5 7 0 -80.19 1.1200432714506303
5 5 5 8 -77.0428 0.5181550542899774
5 5 0 0 -82.44 0.4518638216531902
5 5 9 8 -82.02 2.02253412315468
5 5 9 6 -80.24 1.8306104706098087
5 5 0 8 -82.07 0.7535492018748609
5 5 6 6 -71.4134 0.4518638216531902
5 5 6 3 -71.3573 1.8543377546204012
5 5 3 1 -78.0029 0.6606851953374354
5 5 1 7 -79.611 0.4154391840750011
5 5 7 8 -79.4568 0.4154391840750011
5 5 7 9 -81.4 1.1200432714506303
5 5 9 9 -82.44 1.4346625681183898
5 5 2 2 -77.4435 0.6606851953374354
5 5 1 4 -77.6938 0.31961585322723524
5 5 8 7 -79.593 1.5204824599919968
5 5 2 8 -79.4444 0.6606851953374354
5 6 4 0 -80.77 2.341681953932289
5 6 3 3 -74.7684 0.6606851953374354
5 6 0 1 -83.62 0.5181550542899774
5 6 7 0 -77.25 1.1200432714506303
5 6 5 8 -73.6775 0.5181550542899774
5 6 0 0 -83.76 0.4518638216531902
5 6 9 8 -80.52 2.02253412315468
5 6 9 6 -80.04 1.8306104706098087
5 6 0 8 -80.52 0.7535492018748609
5 6 6 6 -67.8197 0.4518638216531902
5 6 6 3 -74.7872 1.8543377546204012
5 6 3 1 -80.1303 0.6606851953374354
5 6 1 7 -78.52 0.4154391840750011
5 6 7 8 -77.6593 0.4154391840750011
5 6 7 9 -79.79 1.1200432714506303
5 6 9 9 -82.02 1.4346625681183898
5 6 2 2 -79.2537 0.6606851953374354
5 6 1 4 -78.3169 0.31961585322723524
5 6 8 7 -78.5213 1.5204824599919968
5 6 2 8 -77.657 0.6606851953374354
5 7 4 0 -82.37 2.341681953932289
5 7 3 3 -77.4818 0.6606851953374354
5 7 0 1 -83.79 0.5181550542899774
5 7 7 0 -82.35 1.1200432714506303
5 7 5 8 -67.8259 0.5181550542899774
5 7 0 0 -84.01 0.4518638216531902
5 7 9 8 -80.2 2.02253412315468
5 7 9 6 -79.99 1.8306104706098087
5 7 0 8 -80.21 0.7535492018748609
5 7 6 6 -67.0223 0.4518638216531902
5 7 6 3 -77.4809 1.8543377546204012
5 7 3 1 -81.8623 0.6606851953374354
5 7 1 7 -77.7866 0.4154391840750011
5 7 7 8 -75.8215 0.4154391840750011
5 7 7 9 -77.42 1.1200432714506303
5 7 9 9 -80.49 1.4346625681183898
5 7 2 2 -80.9 0.6606851953374354
5 7 1 4 -79.337 0.31961585322723524
5 7 8 7 -77.7809 1.5204824599919968
5 7 2 8 -75.9012 0.6606851953374354
5 8 4 0 -83.72 2.341681953932289
5 8 3 3 -79.7064 0.6606851953374354
5 8 0 1 -84.93 0.5181550542899774
5 8 7 0 -84.57 1.1200432714506303
5 8 5 8 -62.3142 0.5181550542899774
5 8 0 0 -86.04 0.4518638216531902
5 8 9 8 -80.02 2.02253412315468
5 8 9 6 -80.12 1.8306104706098087
5 8 0 8 -80.03 0.7535492018748609
5 8 6 6 -70.0374 0.4518638216531902
5 8 6 3 -79.6979 1.8543377546204012
5 8 3 1 -83.3329 0.6606851953374354
5 8 1 7 -77.6148 0.4154391840750011
5 8 7 8 -74.3596 0.4154391840750011
5 8 7 9 -74.58 1.1200432714506303
5 8 9 9 -80.18 1.4346625681183898
5 8 2 2 -82.3854 0.6606851953374354
5 8 1 4 -80.5533 0.31961585322723524
5 8 8 7 -77.6088 1.5204824599919968
5 8 2 8 -74.3801 0.6606851953374354
5 9 4 0 -84.89 2.341681953932289
5 9 3 3 -81.5081 0.6606851953374354
5 9 0 1 -86.04 0.5181550542899774
5 9 7 0 -85.66 1.1200432714506303
5 9 5 8 -59.982600000000005 0.5181550542899774
5 9 0 0 -86.26 0.4518638216531902
5 9 9 8 -79.99 2.02253412315468
5 9 9 6 -80.33 1.8306104706098087
5 9 0 8 -79.99 0.7535492018748609
5 9 6 6 -73.75 0.4518638216531902
5 9 6 3 -81.5026 1.8543377546204012
5 9 3 1 -84.5969 0.6606851953374354
5 9 1 7 -78.0558 0.4154391840750011
5 9 7 8 -73.8881 0.4154391840750011
5 9 7 9 -74.07 1.1200432714506303
5 9 9 9 -80.02 1.4346625681183898
5 9 2 2 -83.6952 0.6606851953374354
5 9 1 4 -81.8029 0.31961585322723524
5 9 8 7 -78.0479 1.5204824599919968
5 9 2 8 -73.8911 0.6606851953374354
6 0 4 0 -64.63 2.341681953932289
6 0 3 3 -78.3612 0.6606851953374354
6 0 0 1 -81.42 0.5181550542899774
6 0 7 0 -70.53 1.1200432714506303
6 0 5 8 -85.5418 0.5181550542899774
6 0 0 0 -81.33 0.4518638216531902
6 0 9 8 -86.34 2.02253412315468
6 0 9 6 -84.12 1.8306104706098087
6 0 0 8 -86.6 0.7535492018748609
6 0 6 6 -82.745 0.4518638216531902
6 0 6 3 -75.442 1.8543377546204012
6 0 3 1 -74.2418 0.6606851953374354
6 0 1 7 -85.9292 0.4154391840750011
6 0 7 8 -85.73 0.4154391840750011
6 0 7 9 -86.75 1.1200432714506303
6 0 9 9 -87.25 1.4346625681183898
6 0 2 2 -78.7379 0.6606851953374354
6 0 1 4 -82.8226 0.31961585322723524
6 0 8 7 -84.9031 1.5204824599919968
6 0 2 8 -86.3811 0.6606851953374354
6 1 4 0 -64.74 2.341681953932289
6 1 3 3 -76.2988 0.6606851953374354
6 1 0 1 -81.33 0.5181550542899774
6 1 7 0 -70.62 1.1200432714506303
6 1 5 8 -84.3767 0.5181550542899774
6 1 0 0 -81.35 0.4518638216531902
6 1 9 8 -85.33 2.02253412315468
6 1 9 6 -82.72 1.8306104706098087
6 1 0 8 -86.58 0.7535492018748609
6 1 6 6 -81.0994 0.4518638216531902
6 1 6 3 -71.0494 1.8543377546204012
6 1 3 1 -73.4962 0.6606851953374354
6 1 1 7 -85.0487 0.4154391840750011
6 1 7 8 -84.6255 0.4154391840750011
6 1 7 9 -85.82 1.1200432714506303
6 1 9 9 -86.34 1.4346625681183898
6 1 2 2 -77.7583 0.6606851953374354
6 1 1 4 -81.8804 0.31961585322723524
6 1 8 7 -83.7633 1.5204824599919968
6 1 2 8 -85.4453 0.6606851953374354
6 2 4 0 -71.36 2.341681953932289
6 2 3 3 -74.5594 0.6606851953374354
6 2 0 1 -81.36 0.5181550542899774
6 2 7 0 -71.48 1.1200432714506303
6 2 5 8 -83.0322 0.5181550542899774
6 2 0 0 -81.48 0.4518638216531902
6 2 9 8 -84.12 2.02253412315468
6 2 9 6 -81.38 1.8306104706098087
6 2 0 8 -85.64 0.7535492018748609
6 2 6 6 -79.0898 0.4518638216531902
6 2 6 3 -64.7491 1.8543377546204012
6 2 3 1 -73.9853 0.6606851953374354
6 2 1 7 -84.0589 0.4154391840750011
6 2 7 8 -83.3651 0.4154391840750011
6 2 7 9 -84.63 1.1200432714506303
6 2 9 9 -85.3 1.4346625681183898
6 2 2 2 -77.307 0.6606851953374354
6 2 1 4 -81.0215 0.31961585322723524
6 2 8 7 -82.4683 1.5204824599919968
6 2 2 8 -84.4916 0.6606851953374354
6 3 4 0 -75.62 2.341681953932289
6 3 3 3 -73.5148 0.6606851953374354
6 3 0 1 -81.5 0.5181550542899774
6 3 7 0 -75.67 1.1200432714506303
6 3 5 8 -81.4512 0.5181550542899774
6 3 0 0 -81.72 0.4518638216531902
6 3 9 8 -82.93 2.02253412315468
6 3 9 6 -81.01 1.8306104706098087
6 3 0 8 -85.5 0.7535492018748609
6 3 6 6 -76.4797 0.4518638216531902
6 3 6 3 -60.421499999999995 1.8543377546204012
6 3 3 1 -75.4795 0.6606851953374354
6 3 1 7 -83.1482 0.4154391840750011
6 3 7 8 -81.914 0.4154391840750011
6 3 7 9 -83.4 1.1200432714506303
6 3 9 9 -84.18 1.4346625681183898
6 3 2 2 -77.4921 0.6606851953374354
6 3 1 4 -80.3604 0.31961585322723524
6 3 8 7 -81.0292 1.5204824599919968
6 3 2 8 -83.3085 0.6606851953374354
6 4 4 0 -76.12 2.341681953932289
6 4 3 3 -73.7271 0.6606851953374354
6 4 0 1 -83.07 0.5181550542899774
6 4 7 0 -78.07 1.1200432714506303
6 4 5 8 -79.5161 0.5181550542899774
6 4 0 0 -83.07 0.4518638216531902
6 4 9 8 -82.71 2.02253412315468
6 4 9 6 -79.19 1.8306104706098087
6 4 0 8 -84.27 0.7535492018748609
6 4 6 6 -72.8192 0.4518638216531902
6 4 6 3 -61.624300000000005 1.8543377546204012
6 4 3 1 -77.4233 0.6606851953374354
6 4 1 7 -82.1871 0.4154391840750011
6 4 7 8 -80.2118 0.4154391840750011
6 4 7 9 -81.96 1.1200432714506303
6 4 9 9 -82.9 1.4346625681183898
6 4 2 2 -78.2703 0.6606851953374354
6 4 1 4 -79.998 0.31961585322723524
6 4 8 7 -79.4171 1.5204824599919968
6 4 2 8 -82.108 0.6606851953374354
6 5 4 0 -78.72 2.341681953932289
6 5 3 3 -75.0803 0.6606851953374354
6 5 0 1 -83.09 0.5181550542899774
6 5 7 0 -80.19 1.1200432714506303
6 5 5 8 -77.0053 0.5181550542899774
6 5 0 0 -83.39 0.4518638216531902
6 5 9 8 -80.94 2.02253412315468
6 5 9 6 -78.75 1.8306104706098087
6 5 0 8 -83.08 0.7535492018748609
6 5 6 6 -66.6881 0.4518638216531902
6 5 6 3 -66.6812 1.8543377546204012
6 5 3 1 -79.3003 0.6606851953374354
6 5 1 7 -81.2926 0.4154391840750011
6 5 7 8 -78.1456 0.4154391840750011
6 5 7 9 -80.26 1.1200432714506303
6 5 9 9 -81.37 1.4346625681183898
6 5 2 2 -79.4014 0.6606851953374354
6 5 1 4 -80.0172 0.31961585322723524
6 5 8 7 -77.6773 1.5204824599919968
6 5 2 8 -80.8312 0.6606851953374354
6 6 4 0 -80.71 2.341681953932289
6 6 3 3 -76.9866 0.6606851953374354
6 6 0 1 -84.57 0.5181550542899774
6 6 7 0 -81.96 1.1200432714506303
6 6 5 8 -73.6057 0.5181550542899774
6 6 0 0 -84.57 0.4518638216531902
6 6 9 8 -79.12 2.02253412315468
6 6 9 6 -76.58 1.8306104706098087
6 6 0 8 -82.81 0.7535492018748609
6 6 6 6 -61.4782 0.4518638216531902
6 6 6 3 -72.815 1.8543377546204012
6 6 3 1 -80.9798 0.6606851953374354
6 6 1 7 -80.5522 0.4154391840750011
6 6 7 8 -75.6391 0.4154391840750011
6 6 7 9 -78.15 1.1200432714506303
6 6 9 9 -80.9 1.4346625681183898
6 6 2 2 -80.6766 0.6606851953374354
6 6 1 4 -80.4089 0.31961585322723524
6 6 8 7 -75.946 1.5204824599919968
6 6 2 8 -79.5542 0.6606851953374354
6 7 4 0 -82.33 2.341681953932289
6 7 3 3 -78.8939 0.6606851953374354
6 7 0 1 -84.6 0.5181550542899774
6 7 7 0 -83.41 1.1200432714506303
6 7 5 8 -67.4819 0.5181550542899774
6 7 0 0 -85.61 0.4518638216531902
6 7 9 8 -78.7 2.02253412315468
6 7 9 6 -76.47 1.8306104706098087
6 7 0 8 -81.49 0.7535492018748609
6 7 6 6 -60.599900000000005 0.4518638216531902
6 7 6 3 -76.4823 1.8543377546204012
6 7 3 1 -82.4557 0.6606851953374354
6 7 1 7 -80.0737 0.4154391840750011
6 7 7 8 -72.697 0.4154391840750011
6 7 7 9 -75.57 1.1200432714506303
6 7 9 9 -79.08 1.4346625681183898
6 7 2 2 -81.9527 0.6606851953374354
6 7 1 4 -81.1021 0.31961585322723524
6 7 8 7 -74.6332 1.5204824599919968
6 7 2 8 -78.3796 0.6606851953374354
6 8 4 0 -83.69 2.341681953932289
6 8 3 3 -80.6334 0.6606851953374354
6 8 0 1 -85.61 0.5181550542899774
6 8 7 0 -84.64 1.1200432714506303
6 8 5 8 -62.158199999999994 0.5181550542899774
6 8 0 0 -86.67 0.4518638216531902
6 8 9 8 -76.54 2.02253412315468
6 8 9 6 -76.66 1.8306104706098087
6 8 0 8 -81.35 0.7535492018748609
6 8 6 6 -64.8868 0.4518638216531902
6 8 6 3 -79.0939 1.8543377546204012
6 8 3 1 -83.7727 0.6606851953374354
6 8 1 7 -79.9679 0.4154391840750011
6 8 7 8 -69.2048 0.4154391840750011
6 8 7 9 -71.83 1.1200432714506303
6 8 9 9 -78.68 1.4346625681183898
6 8 2 2 -83.1721 0.6606851953374354
6 8 1 4 -81.9748 0.31961585322723524
6 8 8 7 -74.3188 1.5204824599919968
6 8 2 8 -77.5658 0.6606851953374354
6 9 4 0 -85.82 2.341681953932289
6 9 3 3 -82.1554 0.6606851953374354
6 9 0 1 -86.67 0.5181550542899774
6 9 7 0 -85.83 1.1200432714506303
6 9 5 8 -59.550799999999995 0.5181550542899774
6 9 0 0 -86.87 0.4518638216531902
6 9 9 8 -76.48 2.02253412315468
6 9 9 6 -78.99 1.8306104706098087
6 9 0 8 -81.33 0.7535492018748609
6 9 6 6 -71.1041 0.4518638216531902
6 9 6 3 -81.1083 1.8543377546204012
6 9 3 1 -84.9314 0.6606851953374354
6 9 1 7 -80.2454 0.4154391840750011
6 9 7 8 -67.7854 0.4154391840750011
6 9 7 9 -70.64 1.1200432714506303
6 9 9 9 -76.53 1.4346625681183898
6 9 2 2 -84.294 0.6606851953374354
6 9 1 4 -82.9266 0.31961585322723524
6 9 8 7 -75.127 1.5204824599919968
6 9 2 8 -77.2976 0.6606851953374354
7 0 4 0 -74.02 2.341681953932289
7 0 3 3 -79.9363 0.6606851953374354
7 0 0 1 -83.57 0.5181550542899774
7 0 7 0 -64.63 1.1200432714506303
7 0 5 8 -85.6653 0.5181550542899774
7 0 0 0 -83.51 0.4518638216531902
7 0 9 8 -85.6 2.02253412315468
7 0 9 6 -83.22 1.8306104706098087
7 0 0 8 -88.02 0.7535492018748609
7 0 6 6 -82.6956 0.4518638216531902
7 0 6 3 -75.2353 1.8543377546204012
7 0 3 1 -77.3882 0.6606851953374354
7 0 1 7 -86.5338 0.4154391840750011
7 0 7 8 -85.5691 0.4154391840750011
7 0 7 9 -85.92 1.1200432714506303
7 0 9 9 -86.58 1.4346625681183898
7 0 2 2 -80.6555 0.6606851953374354
7 0 1 4 -83.9301 0.31961585322723524
7 0 8 7 -84.5246 1.5204824599919968
7 0 2 8 -86.8202 0.6606851953374354
7 1 4 0 -74.05 2.341681953932289
7 1 3 3 -78.6414 0.6606851953374354
7 1 0 1 -83.51 0.5181550542899774
7 1 7 0 -64.81 1.1200432714506303
7 1 5 8 -84.5376 0.5181550542899774
7 1 0 0 -83.53 0.4518638216531902
7 1 9 8 -84.5 2.02253412315468
7 1 9 6 -81.7 1.8306104706098087
7 1 0 8 -87.16 0.7535492018748609
7 1 6 6 -81.0406 0.4518638216531902
7 1 6 3 -70.401 1.8543377546204012
7 1 3 1 -76.9777 0.6606851953374354
7 1 1 7 -85.7695 0.4154391840750011
7 1 7 8 -84.4126 0.4154391840750011
7 1 7 9 -84.89 1.1200432714506303
7 1 9 9 -85.6 1.4346625681183898
7 1 2 2 -80.0262 0.6606851953374354
7 1 1 4 -83.1925 0.31961585322723524
7 1 8 7 -83.2616 1.5204824599919968
7 1 2 8 -85.9773 0.6606851953374354
7 2 4 0 -74.53 2.341681953932289
7 2 3 3 -77.5827 0.6606851953374354
7 2 0 1 -83.53 0.5181550542899774
7 2 7 0 -66.41 1.1200432714506303
7 2 5 8 -83.252 0.5181550542899774
7 2 0 0 -83.61 0.4518638216531902
7 2 9 8 -83.22 2.02253412315468
7 2 9 6 -79.83 1.8306104706098087
7 2 0 8 -86.29 0.7535492018748609
7 2 6 6 -78.9939 0.4518638216531902
7 2 6 3 -63.92829999999999 1.8543377546204012
7 2 3 1 -77.2564 0.6606851953374354
7 2 1 7 -84.9511 0.4154391840750011
7 2 7 8 -83.0809 0.4154391840750011
7 2 7 9 -83.72 1.1200432714506303
7 2 9 9 -84.5 1.4346625681183898
7 2 2 2 -79.7343 0.6606851953374354
7 2 1 4 -82.5637 0.31961585322723524
7 2 8 7 -81.8039 1.5204824599919968
7 2 2 8 -84.8703 0.6606851953374354
7 3 4 0 -77.38 2.341681953932289
7 3 3 3 -77.0164 0.6606851953374354
7 3 0 1 -83.62 0.5181550542899774
7 3 7 0 -72.67 1.1200432714506303
7 3 5 8 -81.7578 0.5181550542899774
7 3 0 0 -83.77 0.4518638216531902
7 3 9 8 -83.22 2.02253412315468
7 3 9 6 -79.75 1.8306104706098087
7 3 0 8 -86.11 0.7535492018748609
7 3 6 6 -76.321 0.4518638216531902
7 3 6 3 -59.758399999999995 1.8543377546204012
7 3 3 1 -78.1312 0.6606851953374354
7 3 1 7 -84.1828 0.4154391840750011
7 3 7 8 -81.5128 0.4154391840750011
7 3 7 9 -82.37 1.1200432714506303
7 3 9 9 -83.22 1.4346625681183898
7 3 2 2 -79.8452 0.6606851953374354
7 3 1 4 -82.0937 0.31961585322723524
7 3 8 7 -80.0914 1.5204824599919968
7 3 2 8 -84.1244 0.6606851953374354
7 4 4 0 -78.07 2.341681953932289
7 4 3 3 -77.1311 0.6606851953374354
7 4 0 1 -83.78 0.5181550542899774
7 4 7 0 -76.27 1.1200432714506303
7 4 5 8 -79.9729 0.5181550542899774
7 4 0 0 -83.99 0.4518638216531902
7 4 9 8 -81.7 2.02253412315468
7 4 9 6 -77.4 1.8306104706098087
7 4 0 8 -85.06 0.7535492018748609
7 4 6 6 -72.4796 0.4518638216531902
7 4 6 3 -60.889300000000006 1.8543377546204012
7 4 3 1 -79.3334 0.6606851953374354
7 4 1 7 -83.4321 0.4154391840750011
7 4 7 8 -79.6187 0.4154391840750011
7 4 7 9 -80.77 1.1200432714506303
7 4 9 9 -81.7 1.4346625681183898
7 4 2 2 -80.3383 0.6606851953374354
7 4 1 4 -81.8467 0.31961585322723524
7 4 8 7 -78.0347 1.5204824599919968
7 4 2 8 -83.1417 0.6606851953374354
7 5 4 0 -80.18 2.341681953932289
7 5 3 3 -77.8829 0.6606851953374354
7 5 0 1 -85.02 0.5181550542899774
7 5 7 0 -78.83 1.1200432714506303
7 5 5 8 -77.7554 0.5181550542899774
7 5 0 0 -85.02 0.4518638216531902
7 5 9 8 -79.79 2.02253412315468
7 5 9 6 -74.74 1.8306104706098087
7 5 0 8 -84.0 0.7535492018748609
7 5 6 6 -65.9021 0.4518638216531902
7 5 6 3 -65.8879 1.8543377546204012
7 5 3 1 -80.6699 0.6606851953374354
7 5 1 7 -82.7599 0.4154391840750011
7 5 7 8 -77.18 0.4154391840750011
7 5 7 9 -78.81 1.1200432714506303
7 5 9 9 -80.29 1.4346625681183898
7 5 2 2 -81.1089 0.6606851953374354
7 5 1 4 -81.8633 0.31961585322723524
7 5 8 7 -75.5592 1.5204824599919968
7 5 2 8 -82.1508 0.6606851953374354
7 6 4 0 -82.08 2.341681953932289
7 6 3 3 -79.0485 0.6606851953374354
7 6 0 1 -85.07 0.5181550542899774
7 6 7 0 -80.78 1.1200432714506303
7 6 5 8 -75.0034 0.5181550542899774
7 6 0 0 -85.32 0.4518638216531902
7 6 9 8 -77.4 2.02253412315468
7 6 9 6 -74.15 1.8306104706098087
7 6 0 8 -83.77 0.7535492018748609
7 6 6 6 -60.714 0.4518638216531902
7 6 6 3 -72.4343 1.8543377546204012
7 6 3 1 -81.9741 0.6606851953374354
7 6 1 7 -82.2298 0.4154391840750011
7 6 7 8 -73.9721 0.4154391840750011
7 6 7 9 -76.26 1.1200432714506303
7 6 9 9 -77.85 1.4346625681183898
7 6 2 2 -82.0421 0.6606851953374354
7 6 1 4 -82.121 0.31961585322723524
7 6 8 7 -72.7239 1.5204824599919968
7 6 2 8 -81.2153 0.6606851953374354
7 7 4 0 -83.5 2.341681953932289
7 7 3 3 -80.3618 0.6606851953374354
7 7 0 1 -86.22 0.5181550542899774
7 7 7 0 -82.37 1.1200432714506303
7 7 5 8 -71.3381 0.5181550542899774
7 7 0 0 -86.29 0.4518638216531902
7 7 9 8 -74.63 2.02253412315468
7 7 9 6 -73.97 1.8306104706098087
7 7 0 8 -83.61 0.7535492018748609
7 7 6 6 -59.7274 0.4518638216531902
7 7 6 3 -76.331 1.8543377546204012
7 7 3 1 -83.2076 0.6606851953374354
7 7 1 7 -81.8994 0.4154391840750011
7 7 7 8 -68.4712 0.4154391840750011
7 7 7 9 -72.63 1.1200432714506303
7 7 9 9 -77.4 1.4346625681183898
7 7 2 2 -83.0258 0.6606851953374354
7 7 1 4 -82.6214 0.31961585322723524
7 7 8 7 -69.7861 1.5204824599919968
7 7 2 8 -80.4237 0.6606851953374354
7 8 4 0 -84.72 2.341681953932289
7 8 3 3 -81.6881 0.6606851953374354
7 8 0 1 -86.31 0.5181550542899774
7 8 7 0 -83.72 1.1200432714506303
7 8 5 8 -66.796 0.5181550542899774
7 8 0 0 -86.55 0.4518638216531902
7 8 9 8 -74.1 2.02253412315468
7 8 9 6 -74.26 1.8306104706098087
7 8 0 8 -83.53 0.7535492018748609
7 8 6 6 -64.116 0.4518638216531902
7 8 6 3 -79.0091 1.8543377546204012
7 8 3 1 -84.3471 0.6606851953374354
7 8 1 7 -81.8197 0.4154391840750011
7 8 7 8 -62.80159999999999 0.4154391840750011
7 8 7 9 -66.59 1.1200432714506303
7 8 9 9 -74.58 1.4346625681183898
7 8 2 2 -84.0284 0.6606851953374354
7 8 1 4 -84.6281 0.31961585322723524
7 8 8 7 -68.8044 1.5204824599919968
7 8 2 8 -79.8968 0.6606851953374354
7 9 4 0 -85.78 2.341681953932289
7 9 3 3 -82.9441 0.6606851953374354
7 9 0 1 -86.55 0.5181550542899774
7 9 7 0 -84.89 1.1200432714506303
7 9 5 8 -64.8664 0.5181550542899774
7 9 0 0 -87.43 0.4518638216531902
7 9 9 8 -73.99 2.02253412315468
7 9 9 6 -74.92 1.8306104706098087
7 9 0 8 -82.49 0.7535492018748609
7 9 6 6 -70.4489 0.4518638216531902
7 9 6 3 -81.0481 1.8543377546204012
7 9 3 1 -85.3805 0.6606851953374354
7 9 1 7 -82.0134 0.4154391840750011
7 9 7 8 -60.87649999999999 0.4154391840750011
7 9 7 9 -64.89 1.1200432714506303
7 9 9 9 -74.07 1.4346625681183898
7 9 2 2 -84.9708 0.6606851953374354
7 9 1 4 -84.0111 0.31961585322723524
7 9 8 7 -71.0247 1.5204824599919968
7 9 2 8 -79.7269 0.6606851953374354
8 0 4 0 -76.49 2.341681953932289
8 0 3 3 -81.4567 0.6606851953374354
8 0 0 1 -84.47 0.5181550542899774
8 0 7 0 -64.6 1.1200432714506303
8 0 5 8 -85.9057 0.5181550542899774
8 0 0 0 -84.43 0.4518638216531902
8 0 9 8 -85.8 2.02253412315468
8 0 9 6 -83.54 1.8306104706098087
8 0 0 8 -95.5 0.7535492018748609
8 0 6 6 -82.9054 0.4518638216531902
8 0 6 3 -76.1576 1.8543377546204012
8 0 3 1 -79.7524 0.6606851953374354
8 0 1 7 -87.0915 0.4154391840750011
8 0 7 8 -85.5236 0.4154391840750011
8 0 7 9 -85.93 1.1200432714506303
8 0 9 9 -86.74 1.4346625681183898
8 0 2 2 -82.2901 0.6606851953374354
8 0 1 4 -83.9131 0.31961585322723524
8 0 8 7 -84.2918 1.5204824599919968
8 0 2 8 -87.421 0.6606851953374354
8 1 4 0 -76.52 2.341681953932289
8 1 3 3 -80.5538 0.6606851953374354
8 1 0 1 -84.43 0.5181550542899774
8 1 7 0 -64.76 1.1200432714506303
8 1 5 8 -84.8466 0.5181550542899774
8 1 0 0 -84.44 0.4518638216531902
8 1 9 8 -84.74 2.02253412315468
8 1 9 6 -82.13 1.8306104706098087
8 1 0 8 -87.71 0.7535492018748609
8 1 6 6 -81.3346 0.4518638216531902
8 1 6 3 -72.8116 1.8543377546204012
8 1 3 1 -79.4921 0.6606851953374354
8 1 1 7 -86.4342 0.4154391840750011
8 1 7 8 -84.3643 0.4154391840750011
8 1 7 9 -84.91 1.1200432714506303
8 1 9 9 -85.8 1.4346625681183898
8 1 2 2 -81.8312 0.6606851953374354
8 1 1 4 -84.3815 0.31961585322723524
8 1 8 7 -82.9456 1.5204824599919968
8 1 2 8 -86.571 0.6606851953374354
8 2 4 0 -76.84 2.341681953932289
8 2 3 3 -79.8639 0.6606851953374354
8 2 0 1 -84.44 0.5181550542899774
8 2 7 0 -66.81 1.1200432714506303
8 2 5 8 -83.6665 0.5181550542899774
8 2 0 0 -84.51 0.4518638216531902
8 2 9 8 -83.54 2.02253412315468
8 2 9 6 -80.44 1.8306104706098087
8 2 0 8 -86.9 0.7535492018748609
8 2 6 6 -79.4516 0.4518638216531902
8 2 6 3 -68.2772 1.8543377546204012
8 2 3 1 -79.6632 0.6606851953374354
8 2 1 7 -85.8101 0.4154391840750011
8 2 7 8 -83.0131 0.4154391840750011
8 2 7 9 -83.75 1.1200432714506303
8 2 9 9 -84.74 1.4346625681183898
8 2 2 2 -81.6389 0.6606851953374354
8 2 1 4 -83.8932 0.31961585322723524
8 2 8 7 -81.3603 1.5204824599919968
8 2 2 8 -85.7749 0.6606851953374354
8 3 4 0 -79.04 2.341681953932289
8 3 3 3 -79.5125 0.6606851953374354
8 3 0 1 -84.52 0.5181550542899774
8 3 7 0 -72.85 1.1200432714506303
8 3 5 8 -82.3213 0.5181550542899774
8 3 0 0 -84.64 0.4518638216531902
8 3 9 8 -82.13 2.02253412315468
8 3 9 6 -78.32 1.8306104706098087
8 3 0 8 -86.67 0.7535492018748609
8 3 6 6 -77.0916 0.4518638216531902
8 3 6 3 -64.3508 1.8543377546204012
8 3 3 1 -80.209 0.6606851953374354
8 3 1 7 -85.1665 0.4154391840750011
8 3 7 8 -81.4163 0.4154391840750011
8 3 7 9 -82.41 1.1200432714506303
8 3 9 9 -83.54 1.4346625681183898
8 3 2 2 -81.7124 0.6606851953374354
8 3 1 4 -83.5467 0.31961585322723524
8 3 8 7 -79.4264 1.5204824599919968
8 3 2 8 -84.9682 0.6606851953374354
8 4 4 0 -79.59 2.341681953932289
8 4 3 3 -79.5782 0.6606851953374354
8 4 0 1 -84.65 0.5181550542899774
8 4 7 0 -76.38 1.1200432714506303
8 4 5 8 -80.7793 0.5181550542899774
8 4 0 0 -85.59 0.4518638216531902
8 4 9 8 -80.44 2.02253412315468
8 4 9 6 -75.36 1.8306104706098087
8 4 0 8 -85.79 0.7535492018748609
8 4 6 6 -74.0805 0.4518638216531902
8 4 6 3 -65.0158 1.8543377546204012
8 4 3 1 -81.0402 0.6606851953374354
8 4 1 7 -84.5638 0.4154391840750011
8 4 7 8 -79.4674 0.4154391840750011
8 4 7 9 -80.82 1.1200432714506303
8 4 9 9 -80.44 1.4346625681183898
8 4 2 2 -82.0512 0.6606851953374354
8 4 1 4 -83.3687 0.31961585322723524
8 4 8 7 -76.9577 1.5204824599919968
8 4 2 8 -84.1658 0.6606851953374354
8 5 4 0 -81.38 2.341681953932289
8 5 3 3 -80.0545 0.6606851953374354
8 5 0 1 -85.61 0.5181550542899774
8 5 7 0 -78.88 1.1200432714506303
8 5 5 8 -78.9989 0.5181550542899774
8 5 0 0 -85.79 0.4518638216531902
8 5 9 8 -78.32 2.02253412315468
8 5 9 6 -71.76 1.8306104706098087
8 5 0 8 -85.59 0.7535492018748609
8 5 6 6 -69.5102 0.4518638216531902
8 5 6 3 -69.5513 1.8543377546204012
8 5 3 1 -82.0035 0.6606851953374354
8 5 1 7 -84.0467 0.4154391840750011
8 5 7 8 -76.9405 0.4154391840750011
8 5 7 9 -78.88 1.1200432714506303
8 5 9 9 -80.44 1.4346625681183898
8 5 2 2 -82.6043 0.6606851953374354
8 5 1 4 -83.3771 0.31961585322723524
8 5 8 7 -73.6444 1.5204824599919968
8 5 2 8 -83.3804 0.6606851953374354
8 6 4 0 -82.86 2.341681953932289
8 6 3 3 -80.8347 0.6606851953374354
8 6 0 1 -85.81 0.5181550542899774
8 6 7 0 -80.82 1.1200432714506303
8 6 5 8 -77.0374 0.5181550542899774
8 6 0 0 -86.02 0.4518638216531902
8 6 9 8 -75.47 2.02253412315468
8 6 9 6 -70.78 1.8306104706098087
8 6 0 8 -84.64 0.7535492018748609
8 6 6 6 -65.0167 0.4518638216531902
8 6 6 3 -74.0804 1.8543377546204012
8 6 3 1 -83.0178 0.6606851953374354
8 6 1 7 -83.6438 0.4154391840750011
8 6 7 8 -73.4258 0.4154391840750011
8 6 7 9 -76.38 1.1200432714506303
8 6 9 9 -78.32 1.4346625681183898
8 6 2 2 -83.2946 0.6606851953374354
8 6 1 4 -83.5757 0.31961585322723524
8 6 8 7 -68.2576 1.5204824599919968
8 6 2 8 -82.6758 0.6606851953374354
8 7 4 0 -84.15 2.341681953932289
8 7 3 3 -81.7747 0.6606851953374354
8 7 0 1 -86.91 0.5181550542899774
8 7 7 0 -82.41 1.1200432714506303
8 7 5 8 -74.8523 0.5181550542899774
8 7 0 0 -86.91 0.4518638216531902
8 7 9 8 -71.58 2.02253412315468
8 7 9 6 -64.45 1.8306104706098087
8 7 0 8 -84.51 0.7535492018748609
8 7 6 6 -64.2176 0.4518638216531902
8 7 6 3 -77.0922 1.8543377546204012
8 7 3 1 -84.03 0.6606851953374354
8 7 1 7 -83.4084 0.4154391840750011
8 7 7 8 -67.1997 0.4154391840750011
8 7 7 9 -72.84 1.1200432714506303
8 7 9 9 -75.46 1.4346625681183898
8 7 2 2 -84.0649 0.6606851953374354
8 7 1 4 -83.9429 0.31961585322723524
8 7 8 7 -62.9815 1.5204824599919968
8 7 2 8 -82.1066 0.6606851953374354
8 8 4 0 -85.39 2.341681953932289
8 8 3 3 -82.7933 0.6606851953374354
8 8 0 1 -86.92 0.5181550542899774
8 8 7 0 -83.75 1.1200432714506303
8 8 5 8 -73.1562 0.5181550542899774
8 8 0 0 -87.1 0.4518638216531902
8 8 9 8 -71.1 2.02253412315468
8 8 9 6 -71.24 1.8306104706098087
8 8 0 8 -84.44 0.7535492018748609
8 8 6 6 -67.8469 0.4518638216531902
8 8 6 3 -79.4462 1.8543377546204012
8 8 3 1 -84.9952 0.6606851953374354
8 8 1 7 -83.3525 0.4154391840750011
8 8 7 8 -61.8655 0.4154391840750011
8 8 7 9 -66.79 1.1200432714506303
8 8 9 9 -71.5 1.4346625681183898
8 8 2 2 -84.8731 0.6606851953374354
8 8 1 4 -84.3832 0.31961585322723524
8 8 8 7 -62.1726 1.5204824599919968
8 8 2 8 -81.7382 0.6606851953374354
8 9 4 0 -86.4 2.341681953932289
8 9 3 3 -83.8125 0.6606851953374354
8 9 0 1 -87.73 0.5181550542899774
8 9 7 0 -84.91 1.1200432714506303
8 9 5 8 -72.4901 0.5181550542899774
8 9 0 0 -87.96 0.4518638216531902
8 9 9 8 -64.51 2.02253412315468
8 9 9 6 -71.98 1.8306104706098087
8 9 0 8 -84.43 0.7535492018748609
8 9 6 6 -72.8313 0.4518638216531902
8 9 6 3 -81.3403 1.8543377546204012
8 9 3 1 -85.9127 0.6606851953374354
8 9 1 7 -83.4942 0.4154391840750011
8 9 7 8 -60.3052 0.4154391840750011
8 9 7 9 -64.88 1.1200432714506303
8 9 9 9 -64.88 1.4346625681183898
8 9 2 2 -85.6765 0.6606851953374354
8 9 1 4 -84.9817 0.31961585322723524
8 9 8 7 -64.9172 1.5204824599919968
8 9 2 8 -81.6331 0.6606851953374354
9 0 4 0 -80.0 2.341681953932289
9 0 3 3 -82.8333 0.6606851953374354
9 0 0 1 -85.29 0.5181550542899774
9 0 7 0 -64.66 1.1200432714506303
9 0 5 8 -86.2526 0.5181550542899774
9 0 0 0 -85.26 0.4518638216531902
9 0 9 8 -85.91 2.02253412315468
9 0 9 6 -82.36 1.8306104706098087
9 0 0 8 -77.55 0.7535492018748609
9 0 6 6 -83.3202 0.4518638216531902
9 0 6 3 -77.7187 1.8543377546204012
9 0 3 1 -81.6121 0.6606851953374354
9 0 1 7 -87.8756 0.4154391840750011
9 0 7 8 -85.626 0.4154391840750011
9 0 7 9 -86.72 1.1200432714506303
9 0 9 9 -85.91 1.4346625681183898
9 0 2 2 -83.6671 0.6606851953374354
9 0 1 4 -85.9142 0.31961585322723524
9 0 8 7 -84.2234 1.5204824599919968
9 0 2 8 -87.8054 0.6606851953374354
9 1 4 0 -80.02 2.341681953932289
9 1 3 3 -82.1733 0.6606851953374354
9 1 0 1 -85.25 0.5181550542899774
9 1 7 0 -64.75 1.1200432714506303
9 1 5 8 -85.2762 0.5181550542899774
9 1 0 0 -85.26 0.4518638216531902
9 1 9 8 -84.88 2.02253412315468
9 1 9 6 -80.75 1.8306104706098087
9 1 0 8 -88.23 0.7535492018748609
9 1 6 6 -81.9136 0.4518638216531902
9 1 6 3 -75.4836 1.8543377546204012
9 1 3 1 -81.4439 0.6606851953374354
9 1 1 7 -87.1275 0.4154391840750011
9 1 7 8 -84.4898 0.4154391840750011
9 1 7 9 -85.78 1.1200432714506303
9 1 9 9 -84.88 1.4346625681183898
9 1 2 2 -83.3361 0.6606851953374354
9 1 1 4 -85.4615 0.31961585322723524
9 1 8 7 -82.8493 1.5204824599919968
9 1 2 8 -87.1638 0.6606851953374354
9 2 4 0 -80.19 2.341681953932289
9 2 3 3 -81.6896 0.6606851953374354
9 2 0 1 -85.27 0.5181550542899774
9 2 7 0 -66.28 1.1200432714506303
9 2 5 8 -84.2146 0.5181550542899774
9 2 0 0 -85.33 0.4518638216531902
9 2 9 8 -83.71 2.02253412315468
9 2 9 6 -78.78 1.8306104706098087
9 2 0 8 -88.1 0.7535492018748609
9 2 6 6 -80.3033 0.4518638216531902
9 2 6 3 -73.4074 1.8543377546204012
9 2 3 1 -81.5593 0.6606851953374354
9 2 1 7 -86.6158 0.4154391840750011
9 2 7 8 -83.1854 0.4154391840750011
9 2 7 9 -84.72 1.1200432714506303
9 2 9 9 -83.71 1.4346625681183898
9 2 2 2 -83.197 0.6606851953374354
9 2 1 4 -85.146 0.31961585322723524
9 2 8 7 -81.2243 1.5204824599919968
9 2 2 8 -86.4766 0.6606851953374354
9 3 4 0 -80.49 2.341681953932289
9 3 3 3 -81.4579 0.6606851953374354
9 3 0 1 -86.17 0.5181550542899774
9 3 7 0 -72.58 1.1200432714506303
9 3 5 8 -83.0368 0.5181550542899774
9 3 0 0 -86.17 0.4518638216531902
9 3 9 8 -80.75 2.02253412315468
9 3 9 6 -76.22 1.8306104706098087
9 3 0 8 -87.28 0.7535492018748609
9 3 6 6 -78.4375 0.4518638216531902
9 3 6 3 -72.0269 1.8543377546204012
9 3 3 1 -81.9356 0.6606851953374354
9 3 1 7 -86.0845 0.4154391840750011
9 3 7 8 -81.6602 0.4154391840750011
9 3 7 9 -82.28 1.1200432714506303
9 3 9 9 -82.36 1.4346625681183898
9 3 2 2 -83.2493 0.6606851953374354
9 3 1 4 -84.8033 0.31961585322723524
9 3 8 7 -79.2186 1.5204824599919968
9 3 2 8 -85.7943 0.6606851953374354
9 4 4 0 -82.04 2.341681953932289
9 4 3 3 -81.5029 0.6606851953374354
9 4 0 1 -86.18 0.5181550542899774
9 4 7 0 -76.01 1.1200432714506303
9 4 5 8 -81.7607 0.5181550542899774
9 4 0 0 -86.3 0.4518638216531902
9 4 9 8 -78.78 2.02253412315468
9 4 9 6 -72.56 1.8306104706098087
9 4 0 8 -87.16 0.7535492018748609
9 4 6 6 -76.2701 0.4518638216531902
9 4 6 3 -72.3037 1.8543377546204012
9 4 3 1 -82.5263 0.6606851953374354
9 4 1 7 -85.5935 0.4154391840750011
9 4 7 8 -79.842 0.4154391840750011
9 4 7 9 -80.65 1.1200432714506303
9 4 9 9 -80.75 1.4346625681183898
9 4 2 2 -83.4961 0.6606851953374354
9 4 1 4 -84.6602 0.31961585322723524
9 4 8 7 -76.6009 1.5204824599919968
9 4 2 8 -85.1337 0.6606851953374354
9 5 4 0 -82.43 2.341681953932289
9 5 3 3 -81.8245 0.6606851953374354
9 5 0 1 -86.31 0.5181550542899774
9 5 7 0 -78.65 1.1200432714506303
9 5 5 8 -80.3498 0.5181550542899774
9 5 0 0 -86.47 0.4518638216531902
9 5 9 8 -76.22 2.02253412315468
9 5 9 6 -66.11 1.8306104706098087
9 5 0 8 -86.3 0.7535492018748609
9 5 6 6 -74.0697 0.4518638216531902
9 5 6 3 -74.0271 1.8543377546204012
9 5 3 1 -83.2441 0.6606851953374354
9 5 1 7 -85.1834 0.4154391840750011
9 5 7 8 -77.5347 0.4154391840750011
9 5 7 9 -78.63 1.1200432714506303
9 5 9 9 -78.78 1.4346625681183898
9 5 2 2 -83.9099 0.6606851953374354
9 5 1 4 -84.6658 0.31961585322723524
9 5 8 7 -72.8796 1.5204824599919968
9 5 2 8 -84.51 0.6606851953374354
9 6 4 0 -83.74 2.341681953932289
9 6 3 3 -82.371 0.6606851953374354
9 6 0 1 -87.25 0.5181550542899774
9 6 7 0 -80.67 1.1200432714506303
9 6 5 8 -78.9343 0.5181550542899774
9 6 0 0 -87.29 0.4518638216531902
9 6 9 8 -72.56 2.02253412315468
9 6 9 6 -65.84 1.8306104706098087
9 6 0 8 -86.16 0.7535492018748609
9 6 6 6 -72.2299 0.4518638216531902
9 6 6 3 -76.2555 1.8543377546204012
9 6 3 1 -84.0488 0.6606851953374354
9 6 1 7 -84.8792 0.4154391840750011
9 6 7 8 -74.6773 0.4154391840750011
9 6 7 9 -75.97 1.1200432714506303
9 6 9 9 -76.22 1.4346625681183898
9 6 2 2 -84.4397 0.6606851953374354
9 6 1 4 -84.819 0.31961585322723524
9 6 8 7 -66.455 1.5204824599919968
9 6 2 8 -83.9644 0.6606851953374354
9 7 4 0 -85.02 2.341681953932289
9 7 3 3 -83.0741 0.6606851953374354
9 7 0 1 -87.3 0.5181550542899774
9 7 7 0 -82.29 1.1200432714506303
9 7 5 8 -77.6138 0.5181550542899774
9 7 0 0 -87.49 0.4518638216531902
9 7 9 8 -66.12 2.02253412315468
9 7 9 6 -66.2 1.8306104706098087
9 7 0 8 -86.08 0.7535492018748609
9 7 6 6 -72.0117 0.4518638216531902
9 7 6 3 -78.4076 1.8543377546204012
9 7 3 1 -84.8722 0.6606851953374354
9 7 1 7 -84.6919 0.4154391840750011
9 7 7 8 -70.259 0.4154391840750011
9 7 7 9 -72.73 1.1200432714506303
9 7 9 9 -72.56 1.4346625681183898
9 7 2 2 -85.0524 0.6606851953374354
9 7 1 4 -85.1048 0.31961585322723524
9 7 8 7 -62.586 1.5204824599919968
9 7 2 8 -83.5362 0.6606851953374354
9 8 4 0 -85.28 2.341681953932289
9 8 3 3 -83.8651 0.6606851953374354
9 8 0 1 -88.2 0.5181550542899774
9 8 7 0 -84.74 1.1200432714506303
9 8 5 8 -76.6189 0.5181550542899774
9 8 0 0 -88.2 0.4518638216531902
9 8 9 8 -65.85 2.02253412315468
9 8 9 6 -66.2 1.8306104706098087
9 8 0 8 -85.26 0.7535492018748609
9 8 6 6 -73.4739 0.4518638216531902
9 8 6 3 -80.287 1.8543377546204012
9 8 3 1 -85.6891 0.6606851953374354
9 8 1 7 -84.6543 0.4154391840750011
9 8 7 8 -65.2382 0.4154391840750011
9 8 7 9 -66.53 1.1200432714506303
9 8 9 9 -66.13 1.4346625681183898
9 8 2 2 -85.7188 0.6606851953374354
9 8 1 4 -85.4964 0.31961585322723524
9 8 8 7 -60.7825 1.5204824599919968
9 8 2 8 -83.2765 0.6606851953374354
9 9 4 0 -86.28 2.341681953932289
9 9 3 3 -84.6916 0.6606851953374354
9 9 0 1 -88.26 0.5181550542899774
9 9 7 0 -85.79 1.1200432714506303
9 9 5 8 -76.3021 0.5181550542899774
9 9 0 0 -89.03 0.4518638216531902
9 9 9 8 -66.22 2.02253412315468
9 9 9 6 -72.59 1.8306104706098087
9 9 0 8 -85.25 0.7535492018748609
9 9 6 6 -75.4889 0.4518638216531902
9 9 6 3 -81.9148 1.8543377546204012
9 9 3 1 -86.4849 0.6606851953374354
9 9 1 7 -84.7539 0.4154391840750011
9 9 7 8 -63.856700000000004 0.4154391840750011
9 9 7 9 -70.78 1.1200432714506303
9 9 9 9 -66.22 1.4346625681183898
9 9 2 2 -86.4046 0.6606851953374354
9 9 1 4 -85.4722 0.31961585322723524
9 9 8 7 -63.648300000000006 1.5204824599919968
9 9 2 8 -83.1911 0.6606851953374354
