0 0 3 4 -81.0194 0.4518638216531902
0 0 8 2 -86.3796 1.8306104706098087
0 0 1 5 -81.0526 2.02253412315468
0 0 1 9 -85.92 1.8306104706098087
0 0 8 5 -87.3058 0.7535492018748609
0 0 7 4 -85.7922 0.31961585322723524
0 0 5 7 -86.3324 1.8543377546204012
0 0 0 6 -82.41 0.4518638216531902
0 0 9 6 -88.57 1.8543377546204012
0 0 4 2 -80.054 2.341681953932289
0 0 2 0 -70.53 2.574836982024013
0 0 2 5 -81.68 0.7535492018748609
0 0 3 6 -84.1446 0.4518638216531902
0 0 7 9 -88.66 0.4142809311761813
0 0 2 6 -83.2214 1.8626419592629413
0 0 5 8 -87.1643 1.8306104706098087
0 0 4 7 -85.6624 0.4202676150502109
0 0 2 7 -84.7099 1.8626419592629413
0 0 2 9 -86.7 0.4154391840750011
0 0 9 9 -89.56 0.4518638216531902
0 1 3 4 -79.5571 0.4518638216531902
0 1 8 2 -87.3033 1.8306104706098087
0 1 1 5 -79.0689 2.02253412315468
0 1 1 9 -84.89 1.8306104706098087
0 1 8 5 -86.8609 0.7535492018748609
0 1 7 4 -85.3068 0.31961585322723524
0 1 5 7 -85.5191 1.8543377546204012
0 1 0 6 -80.83 0.4518638216531902
0 1 9 6 -87.87 1.8543377546204012
0 1 4 2 -79.331 2.341681953932289
0 1 2 0 -70.6 2.574836982024013
0 1 2 5 -79.9958 0.7535492018748609
0 1 3 6 -82.7454 0.4518638216531902
0 1 7 9 -88.43 0.4142809311761813
0 1 2 6 -81.8115 1.8626419592629413
0 1 5 8 -86.3912 1.8306104706098087
0 1 4 7 -84.2646 0.4202676150502109
0 1 2 7 -83.4543 1.8626419592629413
0 1 2 9 -85.75 0.4154391840750011
0 1 9 9 -89.36 0.4518638216531902
0 2 3 4 -78.0843 0.4518638216531902
0 2 8 2 -86.3683 1.8306104706098087
0 2 1 5 -76.5417 2.02253412315468
0 2 1 9 -83.72 1.8306104706098087
0 2 8 5 -86.4506 0.7535492018748609
0 2 7 4 -84.9451 0.31961585322723524
0 2 5 7 -84.6873 1.8543377546204012
0 2 0 6 -78.89 0.4518638216531902
0 2 9 6 -87.68 1.8543377546204012
0 2 4 2 -78.9901 2.341681953932289
0 2 2 0 -74.54 2.574836982024013
0 2 2 5 -78.0252 0.7535492018748609
0 2 3 6 -81.3362 0.4518638216531902
0 2 7 9 -87.68 0.4142809311761813
0 2 2 6 -80.1848 1.8626419592629413
0 2 5 8 -85.6115 1.8306104706098087
0 2 4 7 -83.7426 0.4202676150502109
0 2 2 7 -81.7516 1.8626419592629413
0 2 2 9 -84.68 0.4154391840750011
0 2 9 9 -88.71 0.4518638216531902
0 3 3 4 -76.7882 0.4518638216531902
0 3 8 2 -85.9142 1.8306104706098087
0 3 1 5 -73.1499 2.02253412315468
0 3 1 9 -82.37 1.8306104706098087
0 3 8 5 -86.1345 0.7535492018748609
0 3 7 4 -84.6733 0.31961585322723524
0 3 5 7 -83.8384 1.8543377546204012
0 3 0 6 -76.39 0.4518638216531902
0 3 9 6 -86.97 1.8543377546204012
0 3 4 2 -79.1228 2.341681953932289
0 3 2 0 -75.32 2.574836982024013
0 3 2 5 -75.7369 0.7535492018748609
0 3 3 6 -79.899 0.4518638216531902
0 3 7 9 -86.88 0.4142809311761813
0 3 2 6 -78.2503 1.8626419592629413
0 3 5 8 -84.7783 1.8306104706098087
0 3 4 7 -82.6839 0.4202676150502109
0 3 2 7 -79.9145 1.8626419592629413
0 3 2 9 -83.46 0.4154391840750011
0 3 9 9 -88.53 0.4518638216531902
0 4 3 4 -76.0168 0.4518638216531902
0 4 8 2 -85.9564 1.8306104706098087
0 4 1 5 -67.8413 2.02253412315468
0 4 1 9 -80.77 1.8306104706098087
0 4 8 5 -85.9154 0.7535492018748609
0 4 7 4 -84.5283 0.31961585322723524
0 4 5 7 -83.093 1.8543377546204012
0 4 0 6 -72.87 0.4518638216531902
0 4 9 6 -86.85 1.8543377546204012
0 4 4 2 -79.69 2.341681953932289
0 4 2 0 -78.18 2.574836982024013
0 4 2 5 -73.4677 0.7535492018748609
0 4 3 6 -78.751 0.4518638216531902
0 4 7 9 -86.65 0.4142809311761813
0 4 2 6 -75.9892 1.8626419592629413
0 4 5 8 -83.9123 1.8306104706098087
0 4 4 7 -79.599 0.4202676150502109
0 4 2 7 -78.4626 1.8626419592629413
0 4 2 9 -82.03 0.4154391840750011
0 4 9 9 -87.83 0.4518638216531902
0 5 3 4 -76.0453 0.4518638216531902
0 5 8 2 -86.1991 1.8306104706098087
0 5 1 5 -63.2689 2.02253412315468
0 5 1 9 -78.81 1.8306104706098087
0 5 8 5 -85.7925 0.7535492018748609
0 5 7 4 -84.5371 0.31961585322723524
0 5 5 7 -82.2839 1.8543377546204012
0 5 0 6 -66.86 0.4518638216531902
0 5 9 6 -86.76 1.8543377546204012
0 5 4 2 -80.5592 2.341681953932289
0 5 2 0 -80.35 2.574836982024013
0 5 2 5 -71.5252 0.7535492018748609
0 5 3 6 -77.0621 0.4518638216531902
0 5 7 9 -85.77 0.4142809311761813
0 5 2 6 -73.6795 1.8626419592629413
0 5 5 8 -83.1279 1.8306104706098087
0 5 4 7 -80.574 0.4202676150502109
0 5 2 7 -76.8523 1.8626419592629413
0 5 2 9 -80.3 0.4154391840750011
0 5 9 9 -87.68 0.4518638216531902
0 6 3 4 -76.901 0.4518638216531902
0 6 8 2 -86.5216 1.8306104706098087
0 6 1 5 -62.967200000000005 2.02253412315468
0 6 1 9 -76.26 1.8306104706098087
0 6 8 5 -85.7896 0.7535492018748609
0 6 7 4 -84.6904 0.31961585322723524
0 6 5 7 -81.6926 1.8543377546204012
0 6 0 6 -66.31 0.4518638216531902
0 6 9 6 -86.71 1.8543377546204012
0 6 4 2 -81.5913 2.341681953932289
0 6 2 0 -82.07 2.574836982024013
0 6 2 5 -71.3972 0.7535492018748609
0 6 3 6 -76.1138 0.4518638216531902
0 6 7 9 -85.57 0.4142809311761813
0 6 2 6 -71.6761 1.8626419592629413
0 6 5 8 -82.3671 1.8306104706098087
0 6 4 7 -79.695 0.4202676150502109
0 6 2 7 -73.9034 1.8626419592629413
0 6 2 9 -78.15 0.4154391840750011
0 6 9 9 -86.94 0.4518638216531902
0 7 3 4 -78.2216 0.4518638216531902
0 7 8 2 -86.9397 1.8306104706098087
0 7 1 5 -67.2727 2.02253412315468
0 7 1 9 -72.64 1.8306104706098087
0 7 8 5 -85.898 0.7535492018748609
0 7 7 4 -84.9841 0.31961585322723524
0 7 5 7 -81.3295 1.8543377546204012
0 7 0 6 -65.33 0.4518638216531902
0 7 9 6 -86.71 1.8543377546204012
0 7 4 2 -82.6658 2.341681953932289
0 7 2 0 -83.49 2.574836982024013
0 7 2 5 -73.1737 0.7535492018748609
0 7 3 6 -75.9582 0.4518638216531902
0 7 7 9 -85.42 0.4142809311761813
0 7 2 6 -71.3099 1.8626419592629413
0 7 5 8 -81.7543 1.8306104706098087
0 7 4 7 -79.1235 0.4202676150502109
0 7 2 7 -71.8634 1.8626419592629413
0 7 2 9 -75.41 0.4154391840750011
0 7 9 9 -86.82 0.4518638216531902
0 8 3 4 -79.7023 0.4518638216531902
0 8 8 2 -87.3584 1.8306104706098087
0 8 1 5 -72.6725 2.02253412315468
0 8 1 9 -71.83 1.8306104706098087
0 8 8 5 -86.1051 0.7535492018748609
0 8 7 4 -85.3859 0.31961585322723524
0 8 5 7 -81.2425 1.8543377546204012
0 8 0 6 -66.87 0.4518638216531902
0 8 9 6 -86.73 1.8543377546204012
0 8 4 2 -83.7275 2.341681953932289
0 8 2 0 -84.71 2.574836982024013
0 8 2 5 -75.4569 0.7535492018748609
0 8 3 6 -76.6561 0.4518638216531902
0 8 7 9 -84.5 0.4142809311761813
0 8 2 6 -72.9465 1.8626419592629413
0 8 5 8 -81.3541 1.8306104706098087
0 8 4 7 -78.9874 0.4202676150502109
0 8 2 7 -71.2786 1.8626419592629413
0 8 2 9 -74.58 0.4154391840750011
0 8 9 9 -86.75 0.4518638216531902
0 9 3 4 -84.4967 0.4518638216531902
0 9 8 2 -87.8654 1.8306104706098087
0 9 1 5 -76.1982 2.02253412315468
0 9 1 9 -64.91 1.8306104706098087
0 9 8 5 -86.4125 0.7535492018748609
0 9 7 4 -85.8572 0.31961585322723524
0 9 5 7 -81.4576 1.8543377546204012
0 9 0 6 -72.87 0.4518638216531902
0 9 9 6 -86.8 1.8543377546204012
0 9 4 2 -84.7209 2.341681953932289
0 9 2 0 -85.77 2.574836982024013
0 9 2 5 -77.7882 0.7535492018748609
0 9 3 6 -77.9391 0.4518638216531902
0 9 7 9 -84.43 0.4142809311761813
0 9 2 6 -75.1904 1.8626419592629413
0 9 5 8 -81.2363 1.8306104706098087
0 9 4 7 -79.3247 0.4202676150502109
0 9 2 7 -72.696 1.8626419592629413
0 9 2 9 -70.64 0.4154391840750011
0 9 9 9 -86.71 0.4518638216531902
1 0 3 4 -79.8921 0.4518638216531902
1 0 8 2 -84.9976 1.8306104706098087
1 0 1 5 -80.8149 2.02253412315468
1 0 1 9 -85.93 1.8306104706098087
1 0 8 5 -86.4953 0.7535492018748609
1 0 7 4 -84.8444 0.31961585322723524
1 0 5 7 -85.7578 1.8543377546204012
1 0 0 6 -82.33 0.4518638216531902
1 0 9 6 -87.31 1.8543377546204012
1 0 4 2 -78.0103 2.341681953932289
1 0 2 0 -64.62 2.574836982024013
1 0 2 5 -81.0925 0.7535492018748609
1 0 3 6 -83.3152 0.4518638216531902
1 0 7 9 -88.73 0.4142809311761813
1 0 2 6 -82.8688 1.8626419592629413
1 0 5 8 -86.7187 1.8306104706098087
1 0 4 7 -85.1637 0.4202676150502109
1 0 2 7 -84.3539 1.8626419592629413
1 0 2 9 -86.74 0.4154391840750011
1 0 9 9 -89.12 0.4518638216531902
1 1 3 4 -77.9569 0.4518638216531902
1 1 8 2 -84.7576 1.8306104706098087
1 1 1 5 -78.7074 2.02253412315468
1 1 1 9 -84.9 1.8306104706098087
1 1 8 5 -85.9666 0.7535492018748609
1 1 7 4 -84.2509 0.31961585322723524
1 1 5 7 -84.8201 1.8543377546204012
1 1 0 6 -80.72 0.4518638216531902
1 1 9 6 -87.3 1.8543377546204012
1 1 4 2 -76.8725 2.341681953932289
1 1 2 0 -64.74 2.574836982024013
1 1 2 5 -79.1394 0.7535492018748609
1 1 3 6 -81.9123 0.4518638216531902
1 1 7 9 -87.93 0.4142809311761813
1 1 2 6 -81.2865 1.8626419592629413
1 1 5 8 -85.8549 1.8306104706098087
1 1 4 7 -84.0904 0.4202676150502109
1 1 2 7 -83.0296 1.8626419592629413
1 1 2 9 -85.8 0.4154391840750011
1 1 9 9 -88.91 0.4518638216531902
1 2 3 4 -75.7373 0.4518638216531902
1 2 8 2 -84.6506 1.8306104706098087
1 2 1 5 -75.9306 2.02253412315468
1 2 1 9 -83.74 1.8306104706098087
1 2 8 5 -85.4929 0.7535492018748609
1 2 7 4 -83.7552 0.31961585322723524
1 2 5 7 -83.8332 1.8543377546204012
1 2 0 6 -78.74 0.4518638216531902
1 2 9 6 -86.49 1.8543377546204012
1 2 4 2 -76.3022 2.341681953932289
1 2 2 0 -66.3 2.574836982024013
1 2 2 5 -76.652 0.7535492018748609
1 2 3 6 -80.2927 0.4518638216531902
1 2 7 9 -87.13 0.4142809311761813
1 2 2 6 -79.3806 1.8626419592629413
1 2 5 8 -84.9274 1.8306104706098087
1 2 4 7 -82.9071 0.4202676150502109
1 2 2 7 -81.4783 1.8626419592629413
1 2 2 9 -84.75 0.4154391840750011
1 2 9 9 -88.21 0.4518638216531902
1 3 3 4 -73.6649 0.4518638216531902
1 3 8 2 -84.6888 1.8306104706098087
1 3 1 5 -71.6885 2.02253412315468
1 3 1 9 -82.4 1.8306104706098087
1 3 8 5 -85.1062 0.7535492018748609
1 3 7 4 -83.396 0.31961585322723524
1 3 5 7 -82.792 1.8543377546204012
1 3 0 6 -76.15 0.4518638216531902
1 3 9 6 -86.31 1.8543377546204012
1 3 4 2 -76.5263 2.341681953932289
1 3 2 0 -72.58 2.574836982024013
1 3 2 5 -73.3994 0.7535492018748609
1 3 3 6 -78.4149 0.4518638216531902
1 3 7 9 -86.22 0.4142809311761813
1 3 2 6 -76.9651 1.8626419592629413
1 3 5 8 -83.9451 1.8306104706098087
1 3 4 7 -81.607 0.4202676150502109
1 3 2 7 -79.6086 1.8626419592629413
1 3 2 9 -82.31 0.4154391840750011
1 3 9 9 -87.46 0.4518638216531902
1 4 3 4 -72.0606 0.4518638216531902
1 4 8 2 -84.8653 1.8306104706098087
1 4 1 5 -65.1142 2.02253412315468
1 4 1 9 -80.81 1.8306104706098087
1 4 8 5 -84.8205 0.7535492018748609
1 4 7 4 -83.2072 0.31961585322723524
1 4 5 7 -81.7472 1.8543377546204012
1 4 0 6 -72.43 0.4518638216531902
1 4 9 6 -86.16 1.8543377546204012
1 4 4 2 -77.4532 2.341681953932289
1 4 2 0 -78.38 2.574836982024013
1 4 2 5 -68.5242 0.7535492018748609
1 4 3 6 -76.2552 0.4518638216531902
1 4 7 9 -86.0 0.4142809311761813
1 4 2 6 -73.8706 1.8626419592629413
1 4 5 8 -82.9089 1.8306104706098087
1 4 4 7 -80.2152 0.4202676150502109
1 4 2 7 -77.2529 1.8626419592629413
1 4 2 9 -80.69 0.4154391840750011
1 4 9 9 -87.26 0.4518638216531902
1 5 3 4 -72.1205 0.4518638216531902
1 5 8 2 -85.1347 1.8306104706098087
1 5 1 5 -60.800399999999996 2.02253412315468
1 5 1 9 -78.86 1.8306104706098087
1 5 8 5 -84.6626 0.7535492018748609
1 5 7 4 -83.2209 0.31961585322723524
1 5 5 7 -80.8515 1.8543377546204012
1 5 0 6 -66.78 0.4518638216531902
1 5 9 6 -86.08 1.8543377546204012
1 5 4 2 -78.7713 2.341681953932289
1 5 2 0 -78.7 2.574836982024013
1 5 2 5 -63.848200000000006 0.7535492018748609
1 5 3 6 -73.728 0.4518638216531902
1 5 7 9 -85.03 0.4142809311761813
1 5 2 6 -69.3187 1.8626419592629413
1 5 5 8 -82.0071 1.8306104706098087
1 5 4 7 -79.6037 0.4202676150502109
1 5 2 7 -73.7828 1.8626419592629413
1 5 2 9 -80.44 0.4154391840750011
1 5 9 9 -86.45 0.4518638216531902
1 6 3 4 -73.8035 0.4518638216531902
1 6 8 2 -85.634 1.8306104706098087
1 6 1 5 -61.092299999999994 2.02253412315468
1 6 1 9 -76.35 1.8306104706098087
1 6 8 5 -84.6586 0.7535492018748609
1 6 7 4 -83.4229 0.31961585322723524
1 6 5 7 -79.9137 1.8543377546204012
1 6 0 6 -66.79 0.4518638216531902
1 6 9 6 -85.27 1.8543377546204012
1 6 4 2 -80.2013 2.341681953932289
1 6 2 0 -80.7 2.574836982024013
1 6 2 5 -63.692099999999996 0.7535492018748609
1 6 3 6 -72.2329 0.4518638216531902
1 6 7 9 -84.8 0.4142809311761813
1 6 2 6 -64.2399 1.8626419592629413
1 6 5 8 -80.8545 1.8306104706098087
1 6 4 7 -77.4778 0.4202676150502109
1 6 2 7 -69.7208 1.8626419592629413
1 6 2 9 -78.32 0.4154391840750011
1 6 9 9 -86.28 0.4518638216531902
1 7 3 4 -75.9872 0.4518638216531902
1 7 8 2 -86.0736 1.8306104706098087
1 7 1 5 -64.5842 2.02253412315468
1 7 1 9 -72.81 1.8306104706098087
1 7 8 5 -84.7969 0.7535492018748609
1 7 7 4 -83.8049 0.31961585322723524
1 7 5 7 -79.3689 1.8543377546204012
1 7 0 6 -65.93 0.4518638216531902
1 7 9 6 -85.25 1.8543377546204012
1 7 4 2 -81.599 2.341681953932289
1 7 2 0 -82.32 2.574836982024013
1 7 2 5 -67.8821 0.7535492018748609
1 7 3 6 -71.9734 0.4518638216531902
1 7 7 9 -83.75 0.4142809311761813
1 7 2 6 -63.3986 1.8626419592629413
1 7 5 8 -79.9957 1.8306104706098087
1 7 4 7 -76.538 0.4202676150502109
1 7 2 7 -64.6666 1.8626419592629413
1 7 2 9 -75.47 0.4154391840750011
1 7 9 9 -86.15 0.4518638216531902
1 8 3 4 -78.173 0.4518638216531902
1 8 8 2 -86.614 1.8306104706098087
1 8 1 5 -70.9622 2.02253412315468
1 8 1 9 -66.71 1.8306104706098087
1 8 8 5 -85.0635 0.7535492018748609
1 8 7 4 -84.3098 0.31961585322723524
1 8 5 7 -79.2414 1.8543377546204012
1 8 0 6 -65.91 0.4518638216531902
1 8 9 6 -85.29 1.8543377546204012
1 8 4 2 -82.8956 2.341681953932289
1 8 2 0 -84.76 2.574836982024013
1 8 2 5 -72.9593 0.7535492018748609
1 8 3 6 -73.3896 0.4518638216531902
1 8 7 9 -83.6 0.4142809311761813
1 8 2 6 -67.2384 1.8626419592629413
1 8 5 8 -79.4154 1.8306104706098087
1 8 4 7 -76.2921 0.4202676150502109
1 8 2 7 -63.238200000000006 1.8626419592629413
1 8 2 9 -71.83 0.4154391840750011
1 8 9 9 -85.31 0.4518638216531902
1 9 3 4 -80.0917 0.4518638216531902
1 9 8 2 -87.1758 1.8306104706098087
1 9 1 5 -75.5722 2.02253412315468
1 9 1 9 -64.87 1.8306104706098087
1 9 8 5 -85.4439 0.7535492018748609
1 9 7 4 -84.9088 0.31961585322723524
1 9 5 7 -79.5586 1.8543377546204012
1 9 0 6 -72.47 0.4518638216531902
1 9 9 6 -86.12 1.8543377546204012
1 9 4 2 -84.0836 2.341681953932289
1 9 2 0 -85.81 2.574836982024013
1 9 2 5 -76.3364 0.7535492018748609
1 9 3 6 -75.466 0.4518638216531902
1 9 7 9 -83.52 0.4142809311761813
1 9 2 6 -72.4963 1.8626419592629413
1 9 5 8 -79.2316 1.8306104706098087
1 9 4 7 -76.8636 0.4202676150502109
1 9 2 7 -66.602 1.8626419592629413
1 9 2 9 -64.87 0.4154391840750011
1 9 9 9 -85.26 0.4518638216531902
2 0 3 4 -78.9645 0.4518638216531902
2 0 8 2 -83.7994 1.8306104706098087
2 0 1 5 -80.9641 2.02253412315468
2 0 1 9 -85.92 1.8306104706098087
2 0 8 5 -85.6632 0.7535492018748609
2 0 7 4 -83.8059 0.31961585322723524
2 0 5 7 -85.2165 1.8543377546204012
2 0 0 6 -83.5 0.4518638216531902
2 0 9 6 -86.93 1.8543377546204012
2 0 4 2 -75.5387 2.341681953932289
2 0 2 0 -64.63 2.574836982024013
2 0 2 5 -80.8255 0.7535492018748609
2 0 3 6 -82.9083 0.4518638216531902
2 0 7 9 -88.19 0.4142809311761813
2 0 2 6 -82.6889 1.8626419592629413
2 0 5 8 -86.2919 1.8306104706098087
2 0 4 7 -84.7265 0.4202676150502109
2 0 2 7 -84.2145 1.8626419592629413
2 0 2 9 -85.94 0.4154391840750011
2 0 9 9 -88.66 0.4518638216531902
2 1 3 4 -76.4704 0.4518638216531902
2 1 8 2 -83.4875 1.8306104706098087
2 1 1 5 -78.9411 2.02253412315468
2 1 1 9 -84.9 1.8306104706098087
2 1 8 5 -85.0222 0.7535492018748609
2 1 7 4 -83.0574 0.31961585322723524
2 1 5 7 -84.1499 1.8543377546204012
2 1 0 6 -82.08 0.4518638216531902
2 1 9 6 -86.7 1.8543377546204012
2 1 4 2 -73.5674 2.341681953932289
2 1 2 0 -64.78 2.574836982024013
2 1 2 5 -78.7155 0.7535492018748609
2 1 3 6 -81.3295 0.4518638216531902
2 1 7 9 -87.41 0.4142809311761813
2 1 2 6 -81.0307 1.8626419592629413
2 1 5 8 -85.3289 1.8306104706098087
2 1 4 7 -83.5189 0.4202676150502109
2 1 2 7 -82.8559 1.8626419592629413
2 1 2 9 -84.91 0.4154391840750011
2 1 9 9 -87.93 0.4518638216531902
2 2 3 4 -73.2591 0.4518638216531902
2 2 8 2 -83.3484 1.8306104706098087
2 2 1 5 -76.3175 2.02253412315468
2 2 1 9 -83.73 1.8306104706098087
2 2 8 5 -84.4365 0.7535492018748609
2 2 7 4 -82.4004 0.31961585322723524
2 2 5 7 -82.9913 1.8543377546204012
2 2 0 6 -80.37 0.4518638216531902
2 2 9 6 -85.81 1.8543377546204012
2 2 4 2 -72.4989 2.341681953932289
2 2 2 0 -66.85 2.574836982024013
2 2 2 5 -75.9389 0.7535492018748609
2 2 3 6 -79.4393 0.4518638216531902
2 2 7 9 -86.64 0.4142809311761813
2 2 2 6 -78.9763 1.8626419592629413
2 2 5 8 -84.2807 1.8306104706098087
2 2 4 7 -82.1523 0.4202676150502109
2 2 2 7 -81.2335 1.8626419592629413
2 2 2 9 -83.75 0.4154391840750011
2 2 9 9 -87.68 0.4518638216531902
2 3 3 4 -68.4447 0.4518638216531902
2 3 8 2 -83.405 1.8306104706098087
2 3 1 5 -72.3821 2.02253412315468
2 3 1 9 -82.39 1.8306104706098087
2 3 8 5 -83.9395 0.7535492018748609
2 3 7 4 -81.9103 0.31961585322723524
2 3 5 7 -81.7258 1.8543377546204012
2 3 0 6 -78.22 0.4518638216531902
2 3 9 6 -85.61 1.8543377546204012
2 3 4 2 -72.9769 2.341681953932289
2 3 2 0 -72.87 2.574836982024013
2 3 2 5 -71.7232 0.7535492018748609
2 3 3 6 -77.0841 0.4518638216531902
2 3 7 9 -85.61 0.4142809311761813
2 3 2 6 -76.288 1.8626419592629413
2 3 5 8 -83.1177 1.8306104706098087
2 3 4 7 -80.5905 0.4202676150502109
2 3 2 7 -79.2324 1.8626419592629413
2 3 2 9 -82.41 0.4154391840750011
2 3 9 9 -86.88 0.4518638216531902
2 4 3 4 -64.4416 0.4518638216531902
2 4 8 2 -83.6437 1.8306104706098087
2 4 1 5 -66.7074 2.02253412315468
2 4 1 9 -80.79 1.8306104706098087
2 4 8 5 -83.5734 0.7535492018748609
2 4 7 4 -81.6547 0.31961585322723524
2 4 5 7 -80.371 1.8543377546204012
2 4 0 6 -75.61 0.4518638216531902
2 4 9 6 -84.66 1.8543377546204012
2 4 4 2 -74.6065 2.341681953932289
2 4 2 0 -76.39 2.574836982024013
2 4 2 5 -65.1531 0.7535492018748609
2 4 3 6 -74.0557 0.4518638216531902
2 4 7 9 -84.56 0.4142809311761813
2 4 2 6 -72.3451 1.8626419592629413
2 4 5 8 -81.8699 1.8306104706098087
2 4 4 7 -78.8022 0.4202676150502109
2 4 2 7 -76.6244 1.8626419592629413
2 4 2 9 -80.83 0.4154391840750011
2 4 9 9 -86.65 0.4518638216531902
2 5 3 4 -64.6572 0.4518638216531902
2 5 8 2 -84.0416 1.8306104706098087
2 5 1 5 -62.464 2.02253412315468
2 5 1 9 -78.84 1.8306104706098087
2 5 8 5 -83.3767 0.7535492018748609
2 5 7 4 -81.6651 0.31961585322723524
2 5 5 7 -78.995 1.8543377546204012
2 5 0 6 -70.83 0.4518638216531902
2 5 9 6 -84.52 1.8543377546204012
2 5 4 2 -76.7231 2.341681953932289
2 5 2 0 -78.89 2.574836982024013
2 5 2 5 -60.696600000000004 0.7535492018748609
2 5 3 6 -69.5347 0.4518638216531902
2 5 7 9 -84.24 0.4142809311761813
2 5 2 6 -65.7056 1.8626419592629413
2 5 5 8 -80.5246 1.8306104706098087
2 5 4 7 -76.7337 0.4202676150502109
2 5 2 7 -72.9004 1.8626419592629413
2 5 2 9 -78.89 0.4154391840750011
2 5 9 9 -85.77 0.4518638216531902
2 6 3 4 -69.0183 0.4518638216531902
2 6 8 2 -84.5637 1.8306104706098087
2 6 1 5 -62.1344 2.02253412315468
2 6 1 9 -76.31 1.8306104706098087
2 6 8 5 -83.3617 0.7535492018748609
2 6 7 4 -81.9528 0.31961585322723524
2 6 5 7 -77.7433 1.8543377546204012
2 6 0 6 -70.78 0.4518638216531902
2 6 9 6 -84.44 1.8543377546204012
2 6 4 2 -78.7951 2.341681953932289
2 6 2 0 -80.83 2.574836982024013
2 6 2 5 -60.308499999999995 0.7535492018748609
2 6 3 6 -65.0226 0.4518638216531902
2 6 7 9 -83.05 0.4142809311761813
2 6 2 6 -60.8535 1.8626419592629413
2 6 5 8 -79.1442 1.8306104706098087
2 6 4 7 -74.613 0.4202676150502109
2 6 2 7 -66.4196 1.8626419592629413
2 6 2 9 -76.39 0.4154391840750011
2 6 9 9 -85.57 0.4518638216531902
2 7 3 4 -73.651 0.4518638216531902
2 7 8 2 -85.1685 1.8306104706098087
2 7 1 5 -66.1376 2.02253412315468
2 7 1 9 -72.73 1.8306104706098087
2 7 8 5 -83.5435 0.7535492018748609
2 7 7 4 -82.4588 0.31961585322723524
2 7 5 7 -76.8592 1.8543377546204012
2 7 0 6 -70.86 0.4518638216531902
2 7 9 6 -84.43 1.8543377546204012
2 7 4 2 -80.5828 2.341681953932289
2 7 2 0 -82.41 2.574836982024013
2 7 2 5 -64.5028 0.7535492018748609
2 7 3 6 -64.2654 0.4518638216531902
2 7 7 9 -82.79 0.4142809311761813
2 7 2 6 -60.044 1.8626419592629413
2 7 5 8 -77.8745 1.8306104706098087
2 7 4 7 -72.942 0.4202676150502109
2 7 2 7 -61.1931 1.8626419592629413
2 7 2 9 -72.87 0.4154391840750011
2 7 9 9 -84.63 0.4518638216531902
2 8 3 4 -76.7657 0.4518638216531902
2 8 8 2 -85.8028 1.8306104706098087
2 8 1 5 -72.1433 2.02253412315468
2 8 1 9 -66.53 1.8306104706098087
2 8 8 5 -83.8882 0.7535492018748609
2 8 7 4 -83.1231 0.31961585322723524
2 8 5 7 -76.639 1.8543377546204012
2 8 0 6 -70.85 0.4518638216531902
2 8 9 6 -84.47 1.8543377546204012
2 8 4 2 -82.1483 2.341681953932289
2 8 2 0 -83.75 2.574836982024013
2 8 2 5 -71.0625 0.7535492018748609
2 8 3 6 -67.7775 0.4518638216531902
2 8 7 9 -81.48 0.4142809311761813
2 8 2 6 -63.8951 1.8626419592629413
2 8 5 8 -76.9325 1.8306104706098087
2 8 4 7 -72.4958 0.4202676150502109
2 8 2 7 -59.7093 1.8626419592629413
2 8 2 9 -66.85 0.4154391840750011
2 8 9 9 -84.5 0.4518638216531902
2 9 3 4 -79.2081 0.4518638216531902
2 9 8 2 -86.477 1.8306104706098087
2 9 1 5 -75.9975 2.02253412315468
2 9 1 9 -70.78 1.8306104706098087
2 9 8 5 -84.3707 0.7535492018748609
2 9 7 4 -83.8893 0.31961585322723524
2 9 5 7 -77.1774 1.8543377546204012
2 9 0 6 -75.4 0.4518638216531902
2 9 9 6 -84.58 1.8543377546204012
2 9 4 2 -83.5163 2.341681953932289
2 9 2 0 -84.91 2.574836982024013
2 9 2 5 -75.5878 0.7535492018748609
2 9 3 6 -72.8787 0.4518638216531902
2 9 7 9 -81.35 0.4142809311761813
2 9 2 6 -70.3451 1.8626419592629413
2 9 5 8 -76.633 1.8306104706098087
2 9 4 7 -73.6035 0.4202676150502109
2 9 2 7 -63.2928 1.8626419592629413
2 9 2 9 -64.88 0.4154391840750011
2 9 9 9 -84.43 0.4518638216531902
3 0 3 4 -78.4624 0.4518638216531902
3 0 8 2 -82.4343 1.8306104706098087
3 0 1 5 -81.4441 2.02253412315468
3 0 1 9 -86.77 1.8306104706098087
3 0 8 5 -84.7967 0.7535492018748609
3 0 7 4 -82.6865 0.31961585322723524
3 0 5 7 -84.7697 1.8543377546204012
3 0 0 6 -83.16 0.4518638216531902
3 0 9 6 -86.32 1.8543377546204012
3 0 4 2 -72.7326 2.341681953932289
3 0 2 0 -64.63 2.574836982024013
3 0 2 5 -80.9263 0.7535492018748609
3 0 3 6 -82.6977 0.4518638216531902
3 0 7 9 -87.71 0.4142809311761813
3 0 2 6 -82.7531 1.8626419592629413
3 0 5 8 -85.9377 1.8306104706098087
3 0 4 7 -84.4092 0.4202676150502109
3 0 2 7 -84.2911 1.8626419592629413
3 0 2 9 -86.77 0.4154391840750011
3 0 9 9 -88.19 0.4518638216531902
3 1 3 4 -75.6071 0.4518638216531902
3 1 8 2 -82.0097 1.8306104706098087
3 1 1 5 -79.6657 2.02253412315468
3 1 1 9 -84.21 1.8306104706098087
3 1 8 5 -84.0116 0.7535492018748609
3 1 7 4 -81.7181 0.31961585322723524
3 1 5 7 -83.5783 1.8543377546204012
3 1 0 6 -83.16 0.4518638216531902
3 1 9 6 -86.17 1.8543377546204012
3 1 4 2 -68.1204 2.341681953932289
3 1 2 0 -64.75 2.574836982024013
3 1 2 5 -78.8836 0.7535492018748609
3 1 3 6 -81.0417 0.4518638216531902
3 1 7 9 -86.87 0.4142809311761813
3 1 2 6 -81.1303 1.8626419592629413
3 1 5 8 -84.8926 1.8306104706098087
3 1 4 7 -83.0975 0.4202676150502109
3 1 2 7 -82.9105 1.8626419592629413
3 1 2 9 -84.88 0.4154391840750011
3 1 9 9 -87.39 0.4518638216531902
3 2 3 4 -71.1084 0.4518638216531902
3 2 8 2 -81.8181 1.8306104706098087
3 2 1 5 -77.5378 2.02253412315468
3 2 1 9 -83.49 1.8306104706098087
3 2 8 5 -83.2688 0.7535492018748609
3 2 7 4 -80.8287 0.31961585322723524
3 2 5 7 -82.2317 1.8543377546204012
3 2 0 6 -80.21 0.4518638216531902
3 2 9 6 -85.01 1.8543377546204012
3 2 4 2 -64.9478 2.341681953932289
3 2 2 0 -66.29 2.574836982024013
3 2 2 5 -76.2295 0.7535492018748609
3 2 3 6 -78.9967 0.4518638216531902
3 2 7 9 -86.04 0.4142809311761813
3 2 2 6 -79.1383 1.8626419592629413
3 2 5 8 -83.7148 1.8306104706098087
3 2 4 7 -81.5736 0.4202676150502109
3 2 2 7 -81.3189 1.8626419592629413
3 2 2 9 -83.7 0.4154391840750011
3 2 9 9 -87.13 0.4518638216531902
3 3 3 4 -64.6073 0.4518638216531902
3 3 8 2 -81.8952 1.8306104706098087
3 3 1 5 -75.0411 2.02253412315468
3 3 1 9 -83.39 1.8306104706098087
3 3 8 5 -82.6236 0.7535492018748609
3 3 7 4 -80.1352 0.31961585322723524
3 3 5 7 -80.6949 1.8543377546204012
3 3 0 6 -77.63 0.4518638216531902
3 3 9 6 -84.03 1.8543377546204012
3 3 4 2 -66.2019 2.341681953932289
3 3 2 0 -72.56 2.574836982024013
3 3 2 5 -72.4928 0.7535492018748609
3 3 3 6 -76.3234 0.4518638216531902
3 3 7 9 -84.93 0.4142809311761813
3 3 2 6 -76.5602 1.8626419592629413
3 3 5 8 -82.3841 1.8306104706098087
3 3 4 7 -79.7591 0.4202676150502109
3 3 2 7 -79.384 1.8626419592629413
3 3 2 9 -82.35 0.4154391840750011
3 3 9 9 -86.26 0.4518638216531902
3 4 3 4 -59.985299999999995 0.4518638216531902
3 4 8 2 -82.2196 1.8306104706098087
3 4 1 5 -72.1107 2.02253412315468
3 4 1 9 -81.96 1.8306104706098087
3 4 8 5 -82.1257 0.7535492018748609
3 4 7 4 -79.7609 0.31961585322723524
3 4 5 7 -78.9512 1.8543377546204012
3 4 0 6 -77.23 0.4518638216531902
3 4 9 6 -83.8 1.8543377546204012
3 4 4 2 -70.7815 2.341681953932289
3 4 2 0 -76.22 2.574836982024013
3 4 2 5 -66.4512 0.7535492018748609
3 4 3 6 -72.4403 0.4518638216531902
3 4 7 9 -83.87 0.4142809311761813
3 4 2 6 -73.0167 1.8626419592629413
3 4 5 8 -80.8704 1.8306104706098087
3 4 4 7 -77.5028 0.4202676150502109
3 4 2 7 -76.8823 1.8626419592629413
3 4 2 9 -80.75 0.4154391840750011
3 4 9 9 -85.3 0.4518638216531902
3 5 3 4 -60.265100000000004 0.4518638216531902
3 5 8 2 -82.7471 1.8306104706098087
3 5 1 5 -69.3803 2.02253412315468
3 5 1 9 -80.21 1.8306104706098087
3 5 8 5 -81.8539 0.7535492018748609
3 5 7 4 -79.7848 0.31961585322723524
3 5 5 7 -76.9846 1.8543377546204012
3 5 0 6 -74.18 0.4518638216531902
3 5 9 6 -83.63 1.8543377546204012
3 5 4 2 -74.6861 2.341681953932289
3 5 2 0 -78.78 2.574836982024013
3 5 2 5 -61.7037 0.7535492018748609
3 5 3 6 -65.8633 0.4518638216531902
3 5 7 9 -83.38 0.4142809311761813
3 5 2 6 -67.1945 1.8626419592629413
3 5 5 8 -79.1504 1.8306104706098087
3 5 4 7 -74.6667 0.4202676150502109
3 5 2 7 -73.501 1.8626419592629413
3 5 2 9 -78.77 0.4154391840750011
3 5 9 9 -85.01 0.4518638216531902
3 6 3 4 -65.1372 0.4518638216531902
3 6 8 2 -83.4184 1.8306104706098087
3 6 1 5 -69.1013 2.02253412315468
3 6 1 9 -75.72 1.8306104706098087
3 6 8 5 -81.8399 0.7535492018748609
3 6 7 4 -80.197 0.31961585322723524
3 6 5 7 -74.9506 1.8543377546204012
3 6 0 6 -74.15 0.4518638216531902
3 6 9 6 -83.53 1.8543377546204012
3 6 4 2 -77.4997 2.341681953932289
3 6 2 0 -80.75 2.574836982024013
3 6 2 5 -61.3198 0.7535492018748609
3 6 3 6 -60.876000000000005 0.4518638216531902
3 6 7 9 -82.04 0.4142809311761813
3 6 2 6 -62.106300000000005 1.8626419592629413
3 6 5 8 -77.2146 1.8306104706098087
3 6 4 7 -70.7757 0.4202676150502109
3 6 2 7 -67.8722 1.8626419592629413
3 6 2 9 -76.2 0.4154391840750011
3 6 9 9 -83.97 0.4518638216531902
3 7 3 4 -71.8098 0.4518638216531902
3 7 8 2 -84.1467 1.8306104706098087
3 7 1 5 -71.692 2.02253412315468
3 7 1 9 -74.9 1.8306104706098087
3 7 8 5 -82.0876 0.7535492018748609
3 7 7 4 -80.9117 0.31961585322723524
3 7 5 7 -73.3866 1.8543377546204012
3 7 0 6 -73.97 0.4518638216531902
3 7 9 6 -83.56 1.8543377546204012
3 7 4 2 -79.756 2.341681953932289
3 7 2 0 -82.36 2.574836982024013
3 7 2 5 -65.6925 0.7535492018748609
3 7 3 6 -59.515299999999996 0.4518638216531902
3 7 7 9 -80.49 0.4142809311761813
3 7 2 6 -61.069599999999994 1.8626419592629413
3 7 5 8 -75.1656 1.8306104706098087
3 7 4 7 -66.2418 0.4202676150502109
3 7 2 7 -62.5021 1.8626419592629413
3 7 2 9 -72.52 0.4154391840750011
3 7 9 9 -83.75 0.4518638216531902
3 8 3 4 -75.9814 0.4518638216531902
3 8 8 2 -84.9637 1.8306104706098087
3 8 1 5 -74.7222 2.02253412315468
3 8 1 9 -74.59 1.8306104706098087
3 8 8 5 -82.5543 0.7535492018748609
3 8 7 4 -81.8153 0.31961585322723524
3 8 5 7 -72.9723 1.8543377546204012
3 8 0 6 -74.24 0.4518638216531902
3 8 9 6 -83.56 1.8543377546204012
3 8 4 2 -81.5773 2.341681953932289
3 8 2 0 -83.71 2.574836982024013
3 8 2 5 -71.9031 0.7535492018748609
3 8 3 6 -63.9451 0.4518638216531902
3 8 7 9 -80.17 0.4142809311761813
3 8 2 6 -65.0513 1.8626419592629413
3 8 5 8 -73.5592 1.8306104706098087
3 8 4 7 -64.9191 0.4202676150502109
3 8 2 7 -60.8845 1.8626419592629413
3 8 2 9 -66.58 0.4154391840750011
3 8 9 9 -83.6 0.4518638216531902
3 9 3 4 -78.7395 0.4518638216531902
3 9 8 2 -85.7505 1.8306104706098087
3 9 1 5 -77.2351 2.02253412315468
3 9 1 9 -70.64 1.8306104706098087
3 9 8 5 -83.1877 0.7535492018748609
3 9 7 4 -82.794 0.31961585322723524
3 9 5 7 -73.9826 1.8543377546204012
3 9 0 6 -74.9 0.4518638216531902
3 9 9 6 -83.71 1.8543377546204012
3 9 4 2 -83.1021 2.341681953932289
3 9 2 0 -84.88 2.574836982024013
3 9 2 5 -75.8927 0.7535492018748609
3 9 3 6 -70.4576 0.4518638216531902
3 9 7 9 -80.02 0.4142809311761813
3 9 2 6 -71.2646 1.8626419592629413
3 9 5 8 -72.9567 1.8306104706098087
3 9 4 7 -67.9943 0.4202676150502109
3 9 2 7 -64.478 1.8626419592629413
3 9 2 9 -64.88 0.4154391840750011
3 9 9 9 -83.52 0.4518638216531902
4 0 3 4 -78.5768 0.4518638216531902
4 0 8 2 -80.8445 1.8306104706098087
4 0 1 5 -82.1614 2.02253412315468
4 0 1 9 -86.63 1.8306104706098087
4 0 8 5 -83.9003 0.7535492018748609
4 0 7 4 -81.5406 0.31961585322723524
4 0 5 7 -84.433 1.8543377546204012
4 0 0 6 -84.28 0.4518638216531902
4 0 9 6 -85.56 1.8543377546204012
4 0 4 2 -69.8844 2.341681953932289
4 0 2 0 -70.53 2.574836982024013
4 0 2 5 -81.3803 0.7535492018748609
4 0 3 6 -82.7457 0.4518638216531902
4 0 7 9 -87.27 0.4142809311761813
4 0 2 6 -83.0723 1.8626419592629413
4 0 5 8 -85.6887 1.8306104706098087
4 0 4 7 -84.2405 0.4202676150502109
4 0 2 7 -84.5019 1.8626419592629413
4 0 2 9 -86.73 0.4154391840750011
4 0 9 9 -87.54 0.4518638216531902
4 1 3 4 -75.8166 0.4518638216531902
4 1 8 2 -80.2397 1.8306104706098087
4 1 1 5 -80.6828 2.02253412315468
4 1 1 9 -85.66 1.8306104706098087
4 1 8 5 -82.9313 0.7535492018748609
4 1 7 4 -80.2501 0.31961585322723524
4 1 5 7 -83.1312 1.8543377546204012
4 1 0 6 -83.0 0.4518638216531902
4 1 9 6 -84.33 1.8543377546204012
4 1 4 2 -63.414100000000005 2.341681953932289
4 1 2 0 -70.59 2.574836982024013
4 1 2 5 -79.5725 0.7535492018748609
4 1 3 6 -81.1055 0.4518638216531902
4 1 7 9 -86.36 0.4142809311761813
4 1 2 6 -81.5639 1.8626419592629413
4 1 5 8 -84.5652 1.8306104706098087
4 1 4 7 -82.8756 0.4202676150502109
4 1 2 7 -83.2212 1.8626419592629413
4 1 2 9 -85.79 0.4154391840750011
4 1 9 9 -86.88 0.4518638216531902
4 2 3 4 -71.3638 0.4518638216531902
4 2 8 2 -79.9599 1.8306104706098087
4 2 1 5 -79.06 2.02253412315468
4 2 1 9 -84.57 1.8306104706098087
4 2 8 5 -81.9824 0.7535492018748609
4 2 7 4 -79.0015 0.31961585322723524
4 2 5 7 -81.6261 1.8543377546204012
4 2 0 6 -81.05 0.4518638216531902
4 2 9 6 -84.31 1.8543377546204012
4 2 4 2 -59.6699 2.341681953932289
4 2 2 0 -71.39 2.574836982024013
4 2 2 5 -77.4017 0.7535492018748609
4 2 3 6 -79.094 0.4518638216531902
4 2 7 9 -85.34 0.4142809311761813
4 2 2 6 -79.7866 1.8626419592629413
4 2 5 8 -83.2823 1.8306104706098087
4 2 4 7 -81.2603 0.4202676150502109
4 2 2 7 -81.7484 1.8626419592629413
4 2 2 9 -84.73 0.4154391840750011
4 2 9 9 -86.55 0.4518638216531902
4 3 3 4 -65.39 0.4518638216531902
4 3 8 2 -80.0706 1.8306104706098087
4 3 1 5 -77.2059 2.02253412315468
4 3 1 9 -83.32 1.8306104706098087
4 3 8 5 -81.0992 0.7535492018748609
4 3 7 4 -77.9658 0.31961585322723524
4 3 5 7 -79.8329 1.8543377546204012
4 3 0 6 -81.01 0.4518638216531902
4 3 9 6 -83.12 1.8543377546204012
4 3 4 2 -61.26349999999999 2.341681953932289
4 3 2 0 -75.32 2.574836982024013
4 3 2 5 -74.7958 0.7535492018748609
4 3 3 6 -76.4846 0.4518638216531902
4 3 7 9 -84.18 0.4142809311761813
4 3 2 6 -77.6273 1.8626419592629413
4 3 5 8 -81.8011 1.8306104706098087
4 3 4 7 -79.2739 0.4202676150502109
4 3 2 7 -80.0066 1.8626419592629413
4 3 2 9 -83.53 0.4154391840750011
4 3 9 9 -85.56 0.4518638216531902
4 4 3 4 -60.730000000000004 0.4518638216531902
4 4 8 2 -80.5373 1.8306104706098087
4 4 1 5 -75.6176 2.02253412315468
4 4 1 9 -83.02 1.8306104706098087
4 4 8 5 -80.4074 0.7535492018748609
4 4 7 4 -77.3499 0.31961585322723524
4 4 5 7 -77.6316 1.8543377546204012
4 4 0 6 -79.2 0.4518638216531902
4 4 9 6 -82.84 1.8543377546204012
4 4 4 2 -66.8407 2.341681953932289
4 4 2 0 -78.35 2.574836982024013
4 4 2 5 -71.6061 0.7535492018748609
4 4 3 6 -72.8092 0.4518638216531902
4 4 7 9 -82.9 0.4142809311761813
4 4 2 6 -75.0811 1.8626419592629413
4 4 5 8 -80.0457 1.8306104706098087
4 4 4 7 -76.6903 0.4202676150502109
4 4 2 7 -77.8976 1.8626419592629413
4 4 2 9 -82.12 0.4154391840750011
4 4 9 9 -84.56 0.4518638216531902
4 5 3 4 -61.3673 0.4518638216531902
4 5 8 2 -81.28 1.8306104706098087
4 5 1 5 -74.4784 2.02253412315468
4 5 1 9 -80.26 1.8306104706098087
4 5 8 5 -80.0121 0.7535492018748609
4 5 7 4 -77.3814 0.31961585322723524
4 5 5 7 -74.9067 1.8543377546204012
4 5 0 6 -78.76 0.4518638216531902
4 5 9 6 -81.52 1.8543377546204012
4 5 4 2 -73.0795 2.341681953932289
4 5 2 0 -80.46 2.574836982024013
4 5 2 5 -68.3862 0.7535492018748609
4 5 3 6 -66.6712 0.4518638216531902
4 5 7 9 -81.37 0.4142809311761813
4 5 2 6 -71.9129 1.8626419592629413
4 5 5 8 -77.9024 1.8306104706098087
4 5 4 7 -73.059 0.4202676150502109
4 5 2 7 -75.5233 1.8626419592629413
4 5 2 9 -80.42 0.4154391840750011
4 5 9 9 -84.24 0.4518638216531902
4 6 3 4 -65.9781 0.4518638216531902
4 6 8 2 -82.1936 1.8306104706098087
4 6 1 5 -74.41 2.02253412315468
4 6 1 9 -79.63 1.8306104706098087
4 6 8 5 -79.991 0.7535492018748609
4 6 7 4 -78.038 0.31961585322723524
4 6 5 7 -71.3393 1.8543377546204012
4 6 0 6 -76.58 0.4518638216531902
4 6 9 6 -81.37 1.8543377546204012
4 6 4 2 -76.6949 2.341681953932289
4 6 2 0 -80.69 2.574836982024013
4 6 2 5 -68.1141 0.7535492018748609
4 6 3 6 -61.688900000000004 0.4518638216531902
4 6 7 9 -80.9 0.4142809311761813
4 6 2 6 -68.7997 1.8626419592629413
4 6 5 8 -75.2276 1.8306104706098087
4 6 4 7 -66.7851 0.4202676150502109
4 6 2 7 -72.2847 1.8626419592629413
4 6 2 9 -78.29 0.4154391840750011
4 6 9 9 -83.05 0.4518638216531902
4 7 3 4 -72.266 0.4518638216531902
4 7 8 2 -83.1313 1.8306104706098087
4 7 1 5 -75.4424 2.02253412315468
4 7 1 9 -77.43 1.8306104706098087
4 7 8 5 -80.3439 0.7535492018748609
4 7 7 4 -79.1172 0.31961585322723524
4 7 5 7 -67.1247 1.8543377546204012
4 7 0 6 -76.47 0.4518638216531902
4 7 9 6 -81.33 1.8543377546204012
4 7 4 2 -79.276 2.341681953932289
4 7 2 0 -83.55 2.574836982024013
4 7 2 5 -71.12 0.7535492018748609
4 7 3 6 -60.502399999999994 0.4518638216531902
4 7 7 9 -78.98 0.4142809311761813
4 7 2 6 -67.9517 1.8626419592629413
4 7 5 8 -71.8293 1.8306104706098087
4 7 4 7 -61.3818 0.4202676150502109
4 7 2 7 -69.1477 1.8626419592629413
4 7 2 9 -72.21 0.4154391840750011
4 7 9 9 -82.79 0.4518638216531902
4 8 3 4 -76.1639 0.4518638216531902
4 8 8 2 -84.1053 1.8306104706098087
4 8 1 5 -77.0778 2.02253412315468
4 8 1 9 -76.87 1.8306104706098087
4 8 8 5 -81.0097 0.7535492018748609
4 8 7 4 -80.3817 0.31961585322723524
4 8 5 7 -65.8638 1.8543377546204012
4 8 0 6 -78.77 0.4518638216531902
4 8 9 6 -81.41 1.8543377546204012
4 8 4 2 -81.2654 2.341681953932289
4 8 2 0 -84.75 2.574836982024013
4 8 2 5 -74.4115 0.7535492018748609
4 8 3 6 -64.7539 0.4518638216531902
4 8 7 9 -78.68 0.4142809311761813
4 8 2 6 -70.7131 1.8626419592629413
4 8 5 8 -67.4293 1.8306104706098087
4 8 4 7 -59.6006 0.4202676150502109
4 8 2 7 -67.9001 1.8626419592629413
4 8 2 9 -74.59 0.4154391840750011
4 8 9 9 -81.48 0.4518638216531902
4 9 3 4 -78.838 0.4518638216531902
4 9 8 2 -85.045 1.8306104706098087
4 9 1 5 -78.6385 2.02253412315468
4 9 1 9 -74.08 1.8306104706098087
4 9 8 5 -81.8696 0.7535492018748609
4 9 7 4 -81.6646 0.31961585322723524
4 9 5 7 -68.763 1.8543377546204012
4 9 0 6 -78.85 0.4518638216531902
4 9 9 6 -81.6 1.8543377546204012
4 9 4 2 -82.8784 2.341681953932289
4 9 2 0 -85.81 2.574836982024013
4 9 2 5 -77.1228 0.7535492018748609
4 9 3 6 -71.0151 0.4518638216531902
4 9 7 9 -76.53 0.4142809311761813
4 9 2 6 -74.0977 1.8626419592629413
4 9 5 8 -65.7846 1.8306104706098087
4 9 4 7 -63.5891 0.4202676150502109
4 9 2 7 -70.3016 1.8626419592629413
4 9 2 9 -70.65 0.4154391840750011
4 9 9 9 -81.35 0.4518638216531902
5 0 3 4 -79.2398 0.4518638216531902
5 0 8 2 -78.9586 1.8306104706098087
5 0 1 5 -83.0141 2.02253412315468
5 0 1 9 -87.14 1.8306104706098087
5 0 8 5 -83.009 0.7535492018748609
5 0 7 4 -80.3749 0.31961585322723524
5 0 5 7 -84.2503 1.8543377546204012
5 0 0 6 -84.83 0.4518638216531902
5 0 9 6 -84.88 1.8543377546204012
5 0 4 2 -70.0421 2.341681953932289
5 0 2 0 -74.01 2.574836982024013
5 0 2 5 -82.0826 0.7535492018748609
5 0 3 6 -83.0222 0.4518638216531902
5 0 7 9 -86.6 0.4142809311761813
5 0 2 6 -83.5544 1.8626419592629413
5 0 5 8 -85.5426 1.8306104706098087
5 0 4 7 -84.2504 0.4202676150502109
5 0 2 7 -84.8586 1.8626419592629413
5 0 2 9 -86.67 0.4154391840750011
5 0 9 9 -86.98 0.4518638216531902
5 1 3 4 -76.9424 0.4518638216531902
5 1 8 2 -78.0477 1.8306104706098087
5 1 1 5 -81.7993 2.02253412315468
5 1 1 9 -86.4 1.8306104706098087
5 1 8 5 -81.8047 0.7535492018748609
5 1 7 4 -78.6811 0.31961585322723524
5 1 5 7 -82.8882 1.8543377546204012
5 1 0 6 -83.51 0.4518638216531902
5 1 9 6 -83.85 1.8543377546204012
5 1 4 2 -63.794 2.341681953932289
5 1 2 0 -74.05 2.574836982024013
5 1 2 5 -80.57 0.7535492018748609
5 1 3 6 -81.5019 0.4518638216531902
5 1 7 9 -85.63 0.4142809311761813
5 1 2 6 -82.2322 1.8626419592629413
5 1 5 8 -84.3831 1.8306104706098087
5 1 4 7 -82.8938 0.4202676150502109
5 1 2 7 -83.7013 1.8626419592629413
5 1 2 9 -85.71 0.4154391840750011
5 1 9 9 -86.25 0.4518638216531902
5 2 3 4 -74.0882 0.4518638216531902
5 2 8 2 -77.6067 1.8306104706098087
5 2 1 5 -80.5673 2.02253412315468
5 2 1 9 -85.3 1.8306104706098087
5 2 8 5 -80.5585 0.7535492018748609
5 2 7 4 -76.821 0.31961585322723524
5 2 5 7 -81.28 1.8543377546204012
5 2 0 6 -83.51 0.4518638216531902
5 2 9 6 -83.59 1.8543377546204012
5 2 4 2 -59.906800000000004 2.341681953932289
5 2 2 0 -74.53 2.574836982024013
5 2 2 5 -78.8449 0.7535492018748609
5 2 3 6 -79.694 0.4518638216531902
5 2 7 9 -84.53 0.4142809311761813
5 2 2 6 -80.7478 1.8626419592629413
5 2 5 8 -83.0428 1.8306104706098087
5 2 4 7 -81.2767 0.4202676150502109
5 2 2 7 -82.3883 1.8626419592629413
5 2 2 9 -84.63 0.4154391840750011
5 2 9 9 -86.0 0.4518638216531902
5 3 3 4 -70.3301 0.4518638216531902
5 3 8 2 -77.7868 1.8306104706098087
5 3 1 5 -79.3482 2.02253412315468
5 3 1 9 -84.18 1.8306104706098087
5 3 8 5 -79.3401 0.7535492018748609
5 3 7 4 -75.0865 0.31961585322723524
5 3 5 7 -79.3048 1.8543377546204012
5 3 0 6 -81.91 0.4518638216531902
5 3 9 6 -82.02 1.8543377546204012
5 3 4 2 -61.688500000000005 2.341681953932289
5 3 2 0 -77.38 2.574836982024013
5 3 2 5 -77.0745 0.7535492018748609
5 3 3 6 -77.4865 0.4518638216531902
5 3 7 9 -83.26 0.4142809311761813
5 3 2 6 -79.0383 1.8626419592629413
5 3 5 8 -81.4654 1.8306104706098087
5 3 4 7 -79.3051 0.4202676150502109
5 3 2 7 -80.9197 1.8626419592629413
5 3 2 9 -83.39 0.4154391840750011
5 3 9 9 -84.91 0.4518638216531902
5 4 3 4 -67.1971 0.4518638216531902
5 4 8 2 -78.513 1.8306104706098087
5 4 1 5 -78.3218 2.02253412315468
5 4 1 9 -83.76 1.8306104706098087
5 4 8 5 -78.315 0.7535492018748609
5 4 7 4 -73.9984 0.31961585322723524
5 4 5 7 -76.7476 1.8543377546204012
5 4 0 6 -81.91 0.4518638216531902
5 4 9 6 -80.57 1.8543377546204012
5 4 4 2 -67.0875 2.341681953932289
5 4 2 0 -79.59 2.574836982024013
5 4 2 5 -75.2813 0.7535492018748609
5 4 3 6 -74.7422 0.4518638216531902
5 4 7 9 -81.76 0.4142809311761813
5 4 2 6 -77.2642 1.8626419592629413
5 4 5 8 -79.5376 1.8306104706098087
5 4 4 7 -76.739 0.4202676150502109
5 4 2 7 -79.2513 1.8626419592629413
5 4 2 9 -81.96 0.4154391840750011
5 4 9 9 -83.76 0.4518638216531902
5 5 3 4 -67.4036 0.4518638216531902
5 5 8 2 -79.5917 1.8306104706098087
5 5 1 5 -77.7007 2.02253412315468
5 5 1 9 -82.45 1.8306104706098087
5 5 8 5 -77.685 0.7535492018748609
5 5 7 4 -74.0501 0.31961585322723524
5 5 5 7 -73.205 1.8543377546204012
5 5 0 6 -80.25 0.4518638216531902
5 5 9 6 -80.24 1.8543377546204012
5 5 4 2 -73.2278 2.341681953932289
5 5 2 0 -80.18 2.574836982024013
5 5 2 5 -74.0731 0.7535492018748609
5 5 3 6 -70.8465 0.4518638216531902
5 5 7 9 -81.4 0.4142809311761813
5 5 2 6 -75.4774 1.8626419592629413
5 5 5 8 -77.0428 1.8306104706098087
5 5 4 7 -73.2277 0.4202676150502109
5 5 2 7 -77.4598 1.8626419592629413
5 5 2 9 -80.26 0.4154391840750011
5 5 9 9 -82.44 0.4518638216531902
5 6 3 4 -70.9629 0.4518638216531902
5 6 8 2 -80.8775 1.8306104706098087
5 6 1 5 -77.6557 2.02253412315468
5 6 1 9 -80.91 1.8306104706098087
5 6 8 5 -77.6497 0.7535492018748609
5 6 7 4 -75.2425 0.31961585322723524
5 6 5 7 -67.0942 1.8543377546204012
5 6 0 6 -80.04 0.4518638216531902
5 6 9 6 -80.04 1.8543377546204012
5 6 4 2 -76.7468 2.341681953932289
5 6 2 0 -82.05 2.574836982024013
5 6 2 5 -73.9965 0.7535492018748609
5 6 3 6 -67.9027 0.4518638216531902
5 6 7 9 -79.79 0.4142809311761813
5 6 2 6 -74.1581 1.8626419592629413
5 6 5 8 -73.6775 1.8306104706098087
5 6 4 7 -67.0509 0.4202676150502109
5 6 2 7 -75.6903 1.8626419592629413
5 6 2 9 -79.63 0.4154391840750011
5 6 9 9 -82.02 0.4518638216531902
5 7 3 4 -74.4455 0.4518638216531902
5 7 8 2 -82.0689 1.8306104706098087
5 7 1 5 -78.2295 2.02253412315468
5 7 1 9 -79.17 1.8306104706098087
5 7 8 5 -78.2116 0.7535492018748609
5 7 7 4 -77.0193 0.31961585322723524
5 7 5 7 -61.4032 1.8543377546204012
5 7 0 6 -79.99 0.4518638216531902
5 7 9 6 -79.99 1.8543377546204012
5 7 4 2 -79.305 2.341681953932289
5 7 2 0 -83.48 2.574836982024013
5 7 2 5 -75.0818 0.7535492018748609
5 7 3 6 -66.9174 0.4518638216531902
5 7 7 9 -77.42 0.4142809311761813
5 7 2 6 -73.9421 1.8626419592629413
5 7 5 8 -67.8259 1.8306104706098087
5 7 4 7 -61.76819999999999 0.4202676150502109
5 7 2 7 -74.2675 1.8626419592629413
5 7 2 9 -77.43 0.4154391840750011
5 7 9 9 -80.49 0.4518638216531902
5 8 3 4 -77.2012 0.4518638216531902
5 8 8 2 -83.2568 1.8306104706098087
5 8 1 5 -79.2105 2.02253412315468
5 8 1 9 -78.68 1.8306104706098087
5 8 8 5 -79.2 0.7535492018748609
5 8 7 4 -78.8543 0.31961585322723524
5 8 5 7 -59.985600000000005 1.8543377546204012
5 8 0 6 -80.09 0.4518638216531902
5 8 9 6 -80.12 1.8543377546204012
5 8 4 2 -81.2825 2.341681953932289
5 8 2 0 -84.53 2.574836982024013
5 8 2 5 -76.808 0.7535492018748609
5 8 3 6 -70.0504 0.4518638216531902
5 8 7 9 -74.58 0.4142809311761813
5 8 2 6 -74.92 1.8626419592629413
5 8 5 8 -62.3142 1.8306104706098087
5 8 4 7 -60.3189 0.4202676150502109
5 8 2 7 -73.9128 1.8626419592629413
5 8 2 9 -74.59 0.4154391840750011
5 8 9 9 -80.18 0.4518638216531902
5 9 3 4 -79.4825 0.4518638216531902
5 9 8 2 -84.3702 1.8306104706098087
5 9 1 5 -80.4159 2.02253412315468
5 9 1 9 -78.45 1.8306104706098087
5 9 8 5 -80.3963 0.7535492018748609
5 9 7 4 -80.5457 0.31961585322723524
5 9 5 7 -63.8274 1.8543377546204012
5 9 0 6 -80.33 0.4518638216531902
5 9 9 6 -80.33 1.8543377546204012
5 9 4 2 -82.8937 2.341681953932289
5 9 2 0 -85.63 2.574836982024013
5 9 2 5 -78.6611 0.7535492018748609
5 9 3 6 -73.8849 0.4518638216531902
5 9 7 9 -74.07 0.4142809311761813
5 9 2 6 -76.6022 1.8626419592629413
5 9 5 8 -59.982600000000005 1.8306104706098087
5 9 4 7 -63.786100000000005 0.4202676150502109
5 9 2 7 -74.7682 1.8626419592629413
5 9 2 9 -74.07 0.4154391840750011
5 9 9 9 -80.02 0.4518638216531902
6 0 3 4 -80.2666 0.4518638216531902
6 0 8 2 -76.7059 1.8306104706098087
6 0 1 5 -83.9009 2.02253412315468
6 0 1 9 -84.07 1.8306104706098087
6 0 8 5 -82.1557 0.7535492018748609
6 0 7 4 -79.3477 0.31961585322723524
6 0 5 7 -84.2407 1.8543377546204012
6 0 0 6 -85.5 0.4518638216531902
6 0 9 6 -84.12 1.8543377546204012
6 0 4 2 -72.9486 2.341681953932289
6 0 2 0 -76.49 2.574836982024013
6 0 2 5 -82.9218 0.7535492018748609
6 0 3 6 -83.4952 0.4518638216531902
6 0 7 9 -86.75 0.4142809311761813
6 0 2 6 -84.1822 1.8626419592629413
6 0 5 8 -85.5418 1.8306104706098087
6 0 4 7 -84.4306 0.4202676150502109
6 0 2 7 -85.3335 1.8626419592629413
6 0 2 9 -87.24 0.4154391840750011
6 0 9 9 -87.25 0.4518638216531902
6 1 3 4 -78.4817 0.4518638216531902
6 1 8 2 -75.1304 1.8306104706098087
6 1 1 5 -82.93 2.02253412315468
6 1 1 9 -86.09 1.8306104706098087
6 1 8 5 -80.6777 0.7535492018748609
6 1 7 4 -77.0995 0.31961585322723524
6 1 5 7 -82.8737 1.8543377546204012
6 1 0 6 -84.34 0.4518638216531902
6 1 9 6 -82.72 1.8543377546204012
6 1 4 2 -68.2338 2.341681953932289
6 1 2 0 -76.52 2.574836982024013
6 1 2 5 -81.6726 0.7535492018748609
6 1 3 6 -82.1535 0.4518638216531902
6 1 7 9 -85.82 0.4142809311761813
6 1 2 6 -83.0456 1.8626419592629413
6 1 5 8 -84.3767 1.8306104706098087
6 1 4 7 -83.1373 0.4202676150502109
6 1 2 7 -84.2941 1.8626419592629413
6 1 2 9 -86.3 0.4154391840750011
6 1 9 9 -86.34 0.4518638216531902
6 2 3 4 -76.5079 0.4518638216531902
6 2 8 2 -74.3242 1.8306104706098087
6 2 1 5 -81.9833 2.02253412315468
6 2 1 9 -85.83 1.8306104706098087
6 2 8 5 -79.0316 0.7535492018748609
6 2 7 4 -74.4367 0.31961585322723524
6 2 5 7 -81.2637 1.8543377546204012
6 2 0 6 -84.32 0.4518638216531902
6 2 9 6 -81.38 1.8543377546204012
6 2 4 2 -65.9884 2.341681953932289
6 2 2 0 -78.67 2.574836982024013
6 2 2 5 -80.4046 0.7535492018748609
6 2 3 6 -80.6199 0.4518638216531902
6 2 7 9 -84.63 0.4142809311761813
6 2 2 6 -81.8265 1.8626419592629413
6 2 5 8 -83.0322 1.8306104706098087
6 2 4 7 -81.628 0.4202676150502109
6 2 2 7 -83.1689 1.8626419592629413
6 2 2 9 -85.29 0.4154391840750011
6 2 9 9 -85.3 0.4518638216531902
6 3 3 4 -74.7259 0.4518638216531902
6 3 8 2 -74.6419 1.8306104706098087
6 3 1 5 -81.1163 2.02253412315468
6 3 1 9 -85.62 1.8306104706098087
6 3 8 5 -77.2745 0.7535492018748609
6 3 7 4 -71.1718 0.31961585322723524
6 3 5 7 -79.2773 1.8543377546204012
6 3 0 6 -83.13 0.4518638216531902
6 3 9 6 -81.01 1.8543377546204012
6 3 4 2 -67.0723 2.341681953932289
6 3 2 0 -79.07 2.574836982024013
6 3 2 5 -79.1362 0.7535492018748609
6 3 3 6 -78.9123 0.4518638216531902
6 3 7 9 -83.4 0.4142809311761813
6 3 2 6 -80.5437 1.8626419592629413
6 3 5 8 -81.4512 1.8306104706098087
6 3 4 7 -79.8398 0.4202676150502109
6 3 2 7 -81.9611 1.8626419592629413
6 3 2 9 -83.07 0.4154391840750011
6 3 9 9 -84.18 0.4518638216531902
6 4 3 4 -73.5736 0.4518638216531902
6 4 8 2 -75.9266 1.8306104706098087
6 4 1 5 -80.4147 2.02253412315468
6 4 1 9 -83.76 1.8306104706098087
6 4 8 5 -75.6 0.7535492018748609
6 4 7 4 -68.1893 0.31961585322723524
6 4 5 7 -76.6935 1.8543377546204012
6 4 0 6 -82.85 0.4518638216531902
6 4 9 6 -79.19 1.8543377546204012
6 4 4 2 -71.314 2.341681953932289
6 4 2 0 -80.9 2.574836982024013
6 4 2 5 -78.059 0.7535492018748609
6 4 3 6 -77.0123 0.4518638216531902
6 4 7 9 -81.96 0.4142809311761813
6 4 2 6 -79.2764 1.8626419592629413
6 4 5 8 -79.5161 1.8306104706098087
6 4 4 7 -77.6404 0.4202676150502109
6 4 2 7 -80.6853 1.8626419592629413
6 4 2 9 -82.71 0.4154391840750011
6 4 9 9 -82.9 0.4518638216531902
6 5 3 4 -73.6475 0.4518638216531902
6 5 8 2 -77.6686 1.8306104706098087
6 5 1 5 -80.0191 2.02253412315468
6 5 1 9 -83.39 1.8306104706098087
6 5 8 5 -74.4677 0.7535492018748609
6 5 7 4 -68.366 0.31961585322723524
6 5 5 7 -73.0779 1.8543377546204012
6 5 0 6 -81.52 0.4518638216531902
6 5 9 6 -78.75 1.8543377546204012
6 5 4 2 -74.9378 2.341681953932289
6 5 2 0 -81.38 2.574836982024013
6 5 2 5 -77.3865 0.7535492018748609
6 5 3 6 -75.1173 0.4518638216531902
6 5 7 9 -80.26 0.4142809311761813
6 5 2 6 -78.1598 1.8626419592629413
6 5 5 8 -77.0053 1.8306104706098087
6 5 4 7 -74.9835 0.4202676150502109
6 5 2 7 -79.4096 1.8626419592629413
6 5 2 9 -82.44 0.4154391840750011
6 5 9 9 -81.37 0.4518638216531902
6 6 3 4 -74.9006 0.4518638216531902
6 6 8 2 -79.411 1.8306104706098087
6 6 1 5 -79.9971 2.02253412315468
6 6 1 9 -82.05 1.8306104706098087
6 6 8 5 -74.3944 0.7535492018748609
6 6 7 4 -71.4653 0.31961585322723524
6 6 5 7 -66.7954 1.8543377546204012
6 6 0 6 -81.37 0.4518638216531902
6 6 9 6 -76.58 1.8543377546204012
6 6 4 2 -77.6284 2.341681953932289
6 6 2 0 -82.81 2.574836982024013
6 6 2 5 -77.3499 0.7535492018748609
6 6 3 6 -73.7349 0.4518638216531902
6 6 7 9 -78.15 0.4142809311761813
6 6 2 6 -77.4348 1.8626419592629413
6 6 5 8 -73.6057 1.8306104706098087
6 6 4 7 -71.0747 0.4202676150502109
6 6 2 7 -78.261 1.8626419592629413
6 6 2 9 -81.01 0.4154391840750011
6 6 9 9 -80.9 0.4518638216531902
6 7 3 4 -76.768 0.4518638216531902
6 7 8 2 -81.0254 1.8306104706098087
6 7 1 5 -80.3484 2.02253412315468
6 7 1 9 -81.72 1.8306104706098087
6 7 8 5 -75.4125 0.7535492018748609
6 7 7 4 -74.7826 0.31961585322723524
6 7 5 7 -61.5701 1.8543377546204012
6 7 0 6 -81.33 0.4518638216531902
6 7 9 6 -76.47 1.8543377546204012
6 7 4 2 -79.8295 2.341681953932289
6 7 2 0 -84.15 2.574836982024013
6 7 2 5 -77.9595 0.7535492018748609
6 7 3 6 -73.5094 0.4518638216531902
6 7 7 9 -75.57 0.4142809311761813
6 7 2 6 -77.3261 1.8626419592629413
6 7 5 8 -67.4819 1.8306104706098087
6 7 4 7 -67.1244 0.4202676150502109
6 7 2 7 -77.4935 1.8626419592629413
6 7 2 9 -79.09 0.4154391840750011
6 7 9 9 -79.08 0.4518638216531902
6 8 3 4 -78.6879 0.4518638216531902
6 8 8 2 -82.4647 1.8306104706098087
6 8 1 5 -81.0153 2.02253412315468
6 8 1 9 -80.19 1.8306104706098087
6 8 8 5 -77.0711 0.7535492018748609
6 8 7 4 -77.3549 0.31961585322723524
6 8 5 7 -59.503 1.8543377546204012
6 8 0 6 -81.4 0.4518638216531902
6 8 9 6 -76.66 1.8543377546204012
6 8 4 2 -81.6243 2.341681953932289
6 8 2 0 -85.35 2.574836982024013
6 8 2 5 -78.9931 0.7535492018748609
6 8 3 6 -74.5472 0.4518638216531902
6 8 7 9 -71.83 0.4142809311761813
6 8 2 6 -77.8635 1.8626419592629413
6 8 5 8 -62.158199999999994 1.8306104706098087
6 8 4 7 -65.8839 0.4202676150502109
6 8 2 7 -77.3051 1.8626419592629413
6 8 2 9 -78.68 0.4154391840750011
6 8 9 9 -78.68 0.4518638216531902
6 9 3 4 -80.4453 0.4518638216531902
6 9 8 2 -83.7564 1.8306104706098087
6 9 1 5 -81.874 2.02253412315468
6 9 1 9 -80.02 1.8306104706098087
6 9 8 5 -78.831 0.7535492018748609
6 9 7 4 -79.562 0.31961585322723524
6 9 5 7 -63.4807 1.8543377546204012
6 9 0 6 -82.85 0.4518638216531902
6 9 9 6 -78.99 1.8543377546204012
6 9 4 2 -83.1386 2.341681953932289
6 9 2 0 -86.38 2.574836982024013
6 9 2 5 -80.2387 0.7535492018748609
6 9 3 6 -76.3427 0.4518638216531902
6 9 7 9 -70.64 0.4142809311761813
6 9 2 6 -78.862 1.8626419592629413
6 9 5 8 -59.550799999999995 1.8306104706098087
6 9 4 7 -68.8325 0.4202676150502109
6 9 2 7 -77.7763 1.8626419592629413
6 9 2 9 -76.53 0.4154391840750011
6 9 9 9 -76.53 0.4518638216531902
7 0 3 4 -81.4077 0.4518638216531902
7 0 8 2 -74.0464 1.8306104706098087
7 0 1 5 -84.7961 2.02253412315468
7 0 1 9 -87.44 1.8306104706098087
7 0 8 5 -81.4473 0.7535492018748609
7 0 7 4 -78.6216 0.31961585322723524
7 0 5 7 -84.4056 1.8543377546204012
7 0 0 6 -86.11 0.4518638216531902
7 0 9 6 -83.22 1.8543377546204012
7 0 4 2 -75.8817 2.341681953932289
7 0 2 0 -80.0 2.574836982024013
7 0 2 5 -83.8004 0.7535492018748609
7 0 3 6 -84.1094 0.4518638216531902
7 0 7 9 -85.92 0.4142809311761813
7 0 2 6 -84.867 1.8626419592629413
7 0 5 8 -85.6653 1.8306104706098087
7 0 4 7 -84.7663 0.4202676150502109
7 0 2 7 -85.8726 1.8626419592629413
7 0 2 9 -87.16 0.4154391840750011
7 0 9 9 -86.58 0.4518638216531902
7 1 3 4 -80.078 0.4518638216531902
7 1 8 2 -71.0401 1.8306104706098087
7 1 1 5 -84.0145 2.02253412315468
7 1 1 9 -87.41 1.8306104706098087
7 1 8 5 -79.6616 0.7535492018748609
7 1 7 4 -75.891 0.31961585322723524
7 1 5 7 -83.0998 1.8543377546204012
7 1 0 6 -86.11 0.4518638216531902
7 1 9 6 -81.7 1.8543377546204012
7 1 4 2 -73.9944 2.341681953932289
7 1 2 0 -80.02 2.574836982024013
7 1 2 5 -82.8162 0.7535492018748609
7 1 3 6 -82.9527 0.4518638216531902
7 1 7 9 -84.89 0.4142809311761813
7 1 2 6 -83.9061 1.8626419592629413
7 1 5 8 -84.5376 1.8306104706098087
7 1 4 7 -83.5773 0.4202676150502109
7 1 2 7 -84.9734 1.8626419592629413
7 1 2 9 -86.23 0.4154391840750011
7 1 9 9 -85.6 0.4518638216531902
7 2 3 4 -78.7774 0.4518638216531902
7 2 8 2 -68.8636 1.8306104706098087
7 2 1 5 -83.2712 2.02253412315468
7 2 1 9 -86.56 1.8306104706098087
7 2 8 5 -77.5355 0.7535492018748609
7 2 7 4 -71.8882 0.31961585322723524
7 2 5 7 -81.5798 1.8543377546204012
7 2 0 6 -85.1 0.4518638216531902
7 2 9 6 -79.83 1.8543377546204012
7 2 4 2 -72.9821 2.341681953932289
7 2 2 0 -80.19 2.574836982024013
7 2 2 5 -81.8348 0.7535492018748609
7 2 3 6 -81.6971 0.4518638216531902
7 2 7 9 -83.72 0.4142809311761813
7 2 2 6 -82.9222 1.8626419592629413
7 2 5 8 -83.252 1.8306104706098087
7 2 4 7 -82.2247 0.4202676150502109
7 2 2 7 -84.0107 1.8626419592629413
7 2 2 9 -85.17 0.4154391840750011
7 2 9 9 -84.5 0.4518638216531902
7 3 3 4 -77.6914 0.4518638216531902
7 3 8 2 -69.7515 1.8306104706098087
7 3 1 5 -82.6315 2.02253412315468
7 3 1 9 -85.7 1.8306104706098087
7 3 8 5 -74.9962 0.7535492018748609
7 3 7 4 -65.6913 0.31961585322723524
7 3 5 7 -79.7612 1.8543377546204012
7 3 0 6 -84.93 0.4518638216531902
7 3 9 6 -79.75 1.8543377546204012
7 3 4 2 -73.3985 2.341681953932289
7 3 2 0 -80.49 2.574836982024013
7 3 2 5 -80.9261 0.7535492018748609
7 3 3 6 -80.3727 0.4518638216531902
7 3 7 9 -82.37 0.4142809311761813
7 3 2 6 -81.9372 1.8626419592629413
7 3 5 8 -81.7578 1.8306104706098087
7 3 4 7 -80.6969 0.4202676150502109
7 3 2 7 -83.0339 1.8626419592629413
7 3 2 9 -85.7 0.4154391840750011
7 3 9 9 -83.22 0.4518638216531902
7 4 3 4 -77.043 0.4518638216531902
7 4 8 2 -72.7492 1.8306104706098087
7 4 1 5 -82.1316 2.02253412315468
7 4 1 9 -85.35 1.8306104706098087
7 4 8 5 -72.1095 0.7535492018748609
7 4 7 4 -61.3275 0.31961585322723524
7 4 5 7 -77.4895 1.8543377546204012
7 4 0 6 -83.8 0.4518638216531902
7 4 9 6 -77.4 1.8543377546204012
7 4 4 2 -74.9571 2.341681953932289
7 4 2 0 -82.04 2.574836982024013
7 4 2 5 -80.2071 0.7535492018748609
7 4 3 6 -79.05 0.4518638216531902
7 4 7 9 -80.77 0.4142809311761813
7 4 2 6 -81.0202 1.8626419592629413
7 4 5 8 -79.9729 1.8306104706098087
7 4 4 7 -78.9614 0.4202676150502109
7 4 2 7 -82.043 1.8626419592629413
7 4 2 9 -83.76 0.4154391840750011
7 4 9 9 -81.7 0.4518638216531902
7 5 3 4 -77.0739 0.4518638216531902
7 5 8 2 -75.5437 1.8306104706098087
7 5 1 5 -81.861 2.02253412315468
7 5 1 9 -84.25 1.8306104706098087
7 5 8 5 -69.28 0.7535492018748609
7 5 7 4 -61.6301 0.31961585322723524
7 5 5 7 -74.6396 1.8543377546204012
7 5 0 6 -83.63 0.4518638216531902
7 5 9 6 -74.74 1.8543377546204012
7 5 4 2 -76.986 2.341681953932289
7 5 2 0 -82.43 2.574836982024013
7 5 2 5 -79.7904 0.7535492018748609
7 5 3 6 -77.8915 0.4518638216531902
7 5 7 9 -78.81 0.4142809311761813
7 5 2 6 -80.2754 1.8626419592629413
7 5 5 8 -77.7554 1.8306104706098087
7 5 4 7 -77.0647 0.4202676150502109
7 5 2 7 -81.1158 1.8626419592629413
7 5 2 9 -83.39 0.4154391840750011
7 5 9 9 -80.29 0.4518638216531902
7 6 3 4 -77.7774 0.4518638216531902
7 6 8 2 -78.0348 1.8306104706098087
7 6 1 5 -81.8595 2.02253412315468
7 6 1 9 -83.09 1.8306104706098087
7 6 8 5 -69.0634 0.7535492018748609
7 6 7 4 -66.3217 0.31961585322723524
7 6 5 7 -70.1856 1.8543377546204012
7 6 0 6 -83.53 0.4518638216531902
7 6 9 6 -74.15 1.8543377546204012
7 6 4 2 -78.9394 2.341681953932289
7 6 2 0 -83.68 2.574836982024013
7 6 2 5 -79.7658 0.7535492018748609
7 6 3 6 -77.1249 0.4518638216531902
7 6 7 9 -76.26 0.4142809311761813
7 6 2 6 -79.815 1.8626419592629413
7 6 5 8 -75.0034 1.8306104706098087
7 6 4 7 -75.0074 0.4202676150502109
7 6 2 7 -80.3481 1.8626419592629413
7 6 2 9 -82.05 0.4154391840750011
7 6 9 9 -77.85 0.4518638216531902
7 7 3 4 -78.9163 0.4518638216531902
7 7 8 2 -80.0911 1.8306104706098087
7 7 1 5 -82.0881 2.02253412315468
7 7 1 9 -82.8 1.8306104706098087
7 7 8 5 -71.651 0.7535492018748609
7 7 7 4 -72.4711 0.31961585322723524
7 7 5 7 -66.3319 1.8543377546204012
7 7 0 6 -83.55 0.4518638216531902
7 7 9 6 -73.97 1.8543377546204012
7 7 4 2 -80.6833 2.341681953932289
7 7 2 0 -84.92 2.574836982024013
7 7 2 5 -80.1357 0.7535492018748609
7 7 3 6 -77.0116 0.4518638216531902
7 7 7 9 -72.63 0.4142809311761813
7 7 2 6 -79.7486 1.8626419592629413
7 7 5 8 -71.3381 1.8306104706098087
7 7 4 7 -73.375 0.4202676150502109
7 7 2 7 -79.8476 1.8626419592629413
7 7 2 9 -80.5 0.4154391840750011
7 7 9 9 -77.4 0.4518638216531902
7 8 3 4 -80.1982 0.4518638216531902
7 8 8 2 -81.8086 1.8306104706098087
7 8 1 5 -82.178 2.02253412315468
7 8 1 9 -82.61 1.8306104706098087
7 8 8 5 -74.6678 0.7535492018748609
7 8 7 4 -76.2383 0.31961585322723524
7 8 5 7 -64.9946 1.8543377546204012
7 8 0 6 -83.56 0.4518638216531902
7 8 9 6 -74.26 1.8543377546204012
7 8 4 2 -82.2305 2.341681953932289
7 8 2 0 -86.07 2.574836982024013
7 8 2 5 -80.864 0.7535492018748609
7 8 3 6 -77.5865 0.4518638216531902
7 8 7 9 -66.59 0.4142809311761813
7 8 2 6 -80.0846 1.8626419592629413
7 8 5 8 -66.796 1.8306104706098087
7 8 4 7 -73.0336 0.4202676150502109
7 8 2 7 -79.7344 1.8626419592629413
7 8 2 9 -80.19 0.4154391840750011
7 8 9 9 -74.58 0.4518638216531902
7 9 3 4 -81.5464 0.4518638216531902
7 9 8 2 -83.268 1.8306104706098087
7 9 1 5 -83.1915 2.02253412315468
7 9 1 9 -81.35 1.8306104706098087
7 9 8 5 -77.2295 0.7535492018748609
7 9 7 4 -78.891 0.31961585322723524
7 9 5 7 -67.9982 1.8543377546204012
7 9 0 6 -83.68 0.4518638216531902
7 9 9 6 -74.92 1.8543377546204012
7 9 4 2 -83.5734 2.341681953932289
7 9 2 0 -86.28 2.574836982024013
7 9 2 5 -81.7192 0.7535492018748609
7 9 3 6 -78.6339 0.4518638216531902
7 9 7 9 -64.89 0.4142809311761813
7 9 2 6 -80.7441 1.8626419592629413
7 9 5 8 -64.8664 1.8306104706098087
7 9 4 7 -74.0139 0.4202676150502109
7 9 2 7 -80.0273 1.8626419592629413
7 9 2 9 -80.02 0.4154391840750011
7 9 9 9 -74.07 0.4518638216531902
8 0 3 4 -82.5879 0.4518638216531902
8 0 8 2 -70.9028 1.8306104706098087
8 0 1 5 -79.856 2.02253412315468
8 0 1 9 -88.73 1.8306104706098087
8 0 8 5 -80.9647 0.7535492018748609
8 0 7 4 -78.4454 0.31961585322723524
8 0 5 7 -84.7214 1.8543377546204012
8 0 0 6 -86.72 0.4518638216531902
8 0 9 6 -83.54 1.8543377546204012
8 0 4 2 -78.2591 2.341681953932289
8 0 2 0 -81.33 2.574836982024013
8 0 2 5 -84.5351 0.7535492018748609
8 0 3 6 -84.9154 0.4518638216531902
8 0 7 9 -85.93 0.4142809311761813
8 0 2 6 -85.6196 1.8626419592629413
8 0 5 8 -85.9057 1.8306104706098087
8 0 4 7 -85.2204 0.4202676150502109
8 0 2 7 -86.4393 1.8626419592629413
8 0 2 9 -87.71 0.4154391840750011
8 0 9 9 -86.74 0.4518638216531902
8 1 3 4 -81.5669 0.4518638216531902
8 1 8 2 -64.9051 1.8306104706098087
8 1 1 5 -85.0294 2.02253412315468
8 1 1 9 -87.94 1.8306104706098087
8 1 8 5 -78.9322 0.7535492018748609
8 1 7 4 -75.5824 0.31961585322723524
8 1 5 7 -83.5167 1.8543377546204012
8 1 0 6 -86.71 0.4518638216531902
8 1 9 6 -82.13 1.8543377546204012
8 1 4 2 -77.1781 2.341681953932289
8 1 2 0 -81.35 2.574836982024013
8 1 2 5 -83.8982 0.7535492018748609
8 1 3 6 -83.8214 0.4518638216531902
8 1 7 9 -84.91 0.4142809311761813
8 1 2 6 -84.7916 1.8626419592629413
8 1 5 8 -84.8466 1.8306104706098087
8 1 4 7 -84.1564 0.4202676150502109
8 1 2 7 -85.6835 1.8626419592629413
8 1 2 9 -87.42 0.4154391840750011
8 1 9 9 -85.8 0.4518638216531902
8 2 3 4 -80.6476 0.4518638216531902
8 2 8 2 -62.3946 1.8306104706098087
8 2 1 5 -84.4378 2.02253412315468
8 2 1 9 -87.14 1.8306104706098087
8 2 8 5 -76.3157 0.7535492018748609
8 2 7 4 -71.0242 0.31961585322723524
8 2 5 7 -82.1622 1.8543377546204012
8 2 0 6 -85.82 0.4518638216531902
8 2 9 6 -80.44 1.8543377546204012
8 2 4 2 -76.652 2.341681953932289
8 2 2 0 -81.48 2.574836982024013
8 2 2 5 -83.1325 0.7535492018748609
8 2 3 6 -82.8023 0.4518638216531902
8 2 7 9 -83.75 0.4142809311761813
8 2 2 6 -83.9889 1.8626419592629413
8 2 5 8 -83.6665 1.8306104706098087
8 2 4 7 -82.9962 0.4202676150502109
8 2 2 7 -84.8784 1.8626419592629413
8 2 2 9 -86.61 0.4154391840750011
8 2 9 9 -84.74 0.4518638216531902
8 3 3 4 -79.9309 0.4518638216531902
8 3 8 2 -63.3558 1.8306104706098087
8 3 1 5 -83.9429 2.02253412315468
8 3 1 9 -86.31 1.8306104706098087
8 3 8 5 -72.6608 0.7535492018748609
8 3 7 4 -64.4067 0.31961585322723524
8 3 5 7 -80.5961 1.8543377546204012
8 3 0 6 -85.62 0.4518638216531902
8 3 9 6 -78.32 1.8543377546204012
8 3 4 2 -76.8697 2.341681953932289
8 3 2 0 -82.8 2.574836982024013
8 3 2 5 -82.4697 0.7535492018748609
8 3 3 6 -81.7906 0.4518638216531902
8 3 7 9 -82.41 0.4142809311761813
8 3 2 6 -83.2149 1.8626419592629413
8 3 5 8 -82.3213 1.8306104706098087
8 3 4 7 -81.7275 0.4202676150502109
8 3 2 7 -84.0785 1.8626419592629413
8 3 2 9 -85.62 0.4154391840750011
8 3 9 9 -83.54 0.4518638216531902
8 4 3 4 -79.5279 0.4518638216531902
8 4 8 2 -68.1343 1.8306104706098087
8 4 1 5 -83.5749 2.02253412315468
8 4 1 9 -86.01 1.8306104706098087
8 4 8 5 -66.8479 0.7535492018748609
8 4 7 4 -60.1113 0.31961585322723524
8 4 5 7 -78.7698 1.8543377546204012
8 4 0 6 -84.67 0.4518638216531902
8 4 9 6 -75.36 1.8543377546204012
8 4 4 2 -77.7457 2.341681953932289
8 4 2 0 -83.07 2.574836982024013
8 4 2 5 -81.9553 0.7535492018748609
8 4 3 6 -80.8388 0.4518638216531902
8 4 7 9 -80.82 0.4142809311761813
8 4 2 6 -82.5364 1.8626419592629413
8 4 5 8 -80.7793 1.8306104706098087
8 4 4 7 -80.3675 0.4202676150502109
8 4 2 7 -83.296 1.8626419592629413
8 4 2 9 -84.57 0.4154391840750011
8 4 9 9 -80.44 0.4518638216531902
8 5 3 4 -79.5491 0.4518638216531902
8 5 8 2 -73.6335 1.8306104706098087
8 5 1 5 -83.3817 2.02253412315468
8 5 1 9 -85.04 1.8306104706098087
8 5 8 5 -62.474999999999994 0.7535492018748609
8 5 7 4 -61.05929999999999 0.31961585322723524
8 5 5 7 -76.7814 1.8543377546204012
8 5 0 6 -84.53 0.4518638216531902
8 5 9 6 -71.76 1.8543377546204012
8 5 4 2 -78.9902 2.341681953932289
8 5 2 0 -84.26 2.574836982024013
8 5 2 5 -81.6751 0.7535492018748609
8 5 3 6 -80.0641 0.4518638216531902
8 5 7 9 -78.88 0.4142809311761813
8 5 2 6 -82.0047 1.8626419592629413
8 5 5 8 -78.9989 1.8306104706098087
8 5 4 7 -78.997 0.4202676150502109
8 5 2 7 -82.6052 1.8626419592629413
8 5 2 9 -84.33 0.4154391840750011
8 5 9 9 -80.44 0.4518638216531902
8 6 3 4 -79.9837 0.4518638216531902
8 6 8 2 -76.9628 1.8306104706098087
8 6 1 5 -83.3707 2.02253412315468
8 6 1 9 -84.81 1.8306104706098087
8 6 8 5 -62.272400000000005 0.7535492018748609
8 6 7 4 -65.1042 0.31961585322723524
8 6 5 7 -74.6254 1.8543377546204012
8 6 0 6 -84.44 0.4518638216531902
8 6 9 6 -70.78 1.8543377546204012
8 6 4 2 -80.3546 2.341681953932289
8 6 2 0 -84.57 2.574836982024013
8 6 2 5 -81.6551 0.7535492018748609
8 6 3 6 -79.5789 0.4518638216531902
8 6 7 9 -76.38 0.4142809311761813
8 6 2 6 -81.6958 1.8626419592629413
8 6 5 8 -77.0374 1.8306104706098087
8 6 4 7 -77.7407 0.4202676150502109
8 6 2 7 -82.0565 1.8626419592629413
8 6 2 9 -83.06 0.4154391840750011
8 6 9 9 -78.32 0.4518638216531902
8 7 3 4 -80.734 0.4518638216531902
8 7 8 2 -79.4336 1.8306104706098087
8 7 1 5 -83.5424 2.02253412315468
8 7 1 9 -83.76 1.8306104706098087
8 7 8 5 -66.149 0.7535492018748609
8 7 7 4 -71.7382 0.31961585322723524
8 7 5 7 -72.9711 1.8543377546204012
8 7 0 6 -84.42 0.4518638216531902
8 7 9 6 -64.45 1.8543377546204012
8 7 4 2 -81.7171 2.341681953932289
8 7 2 0 -85.62 2.574836982024013
8 7 2 5 -81.9081 0.7535492018748609
8 7 3 6 -79.5074 0.4518638216531902
8 7 7 9 -72.84 0.4142809311761813
8 7 2 6 -81.6469 1.8626419592629413
8 7 5 8 -74.8523 1.8306104706098087
8 7 4 7 -76.8698 0.4202676150502109
8 7 2 7 -81.7137 1.8626419592629413
8 7 2 9 -82.85 0.4154391840750011
8 7 9 9 -75.46 0.4518638216531902
8 8 3 4 -81.6717 0.4518638216531902
8 8 8 2 -81.3622 1.8306104706098087
8 8 1 5 -83.8984 2.02253412315468
8 8 1 9 -83.6 1.8306104706098087
8 8 8 5 -72.1423 0.7535492018748609
8 8 7 4 -75.9539 0.31961585322723524
8 8 5 7 -72.4923 1.8543377546204012
8 8 0 6 -84.47 0.4518638216531902
8 8 9 6 -71.24 1.8543377546204012
8 8 4 2 -82.9859 2.341681953932289
8 8 2 0 -86.57 2.574836982024013
8 8 2 5 -82.3959 0.7535492018748609
8 8 3 6 -79.8621 0.4518638216531902
8 8 7 9 -66.79 0.4142809311761813
8 8 2 6 -81.8669 1.8626419592629413
8 8 5 8 -73.1562 1.8306104706098087
8 8 4 7 -76.6529 0.4202676150502109
8 8 2 7 -81.6391 1.8626419592629413
8 8 2 9 -81.48 0.4154391840750011
8 8 9 9 -71.5 0.4518638216531902
8 9 3 4 -82.6758 0.4518638216531902
8 9 8 2 -82.95 1.8306104706098087
8 9 1 5 -84.4504 2.02253412315468
8 9 1 9 -83.52 1.8306104706098087
8 9 8 5 -75.995 0.7535492018748609
8 9 7 4 -78.7226 0.31961585322723524
8 9 5 7 -73.6329 1.8543377546204012
8 9 0 6 -84.57 0.4518638216531902
8 9 9 6 -71.98 1.8543377546204012
8 9 4 2 -84.1505 2.341681953932289
8 9 2 0 -86.87 2.574836982024013
8 9 2 5 -83.0519 0.7535492018748609
8 9 3 6 -80.5482 0.4518638216531902
8 9 7 9 -64.88 0.4142809311761813
8 9 2 6 -82.3362 1.8626419592629413
8 9 5 8 -72.4901 1.8306104706098087
8 9 4 7 -77.1856 0.4202676150502109
8 9 2 7 -81.8319 1.8626419592629413
8 9 2 9 -81.35 0.4154391840750011
8 9 9 9 -64.88 0.4518638216531902
9 0 3 4 -83.69 0.4518638216531902
9 0 8 2 -69.4835 1.8306104706098087
9 0 1 5 -86.5109 2.02253412315468
9 0 1 9 -89.17 1.8306104706098087
9 0 8 5 -80.8154 0.7535492018748609
9 0 7 4 -78.8893 0.31961585322723524
9 0 5 7 -85.1665 1.8543377546204012
9 0 0 6 -88.1 0.4518638216531902
9 0 9 6 -82.36 1.8543377546204012
9 0 4 2 -80.2587 2.341681953932289
9 0 2 0 -83.51 2.574836982024013
9 0 2 5 -85.5722 0.7535492018748609
9 0 3 6 -85.5145 0.4518638216531902
9 0 7 9 -86.72 0.4142809311761813
9 0 2 6 -86.3261 1.8626419592629413
9 0 5 8 -86.2526 1.8306104706098087
9 0 4 7 -85.7505 0.4202676150502109
9 0 2 7 -87.0946 1.8626419592629413
9 0 2 9 -88.2 0.4154391840750011
9 0 9 9 -85.91 0.4518638216531902
9 1 3 4 -82.9124 0.4518638216531902
9 1 8 2 -63.775800000000004 1.8306104706098087
9 1 1 5 -85.981 2.02253412315468
9 1 1 9 -88.44 1.8306104706098087
9 1 8 5 -78.7027 0.7535492018748609
9 1 7 4 -76.3366 0.31961585322723524
9 1 5 7 -84.0864 1.8543377546204012
9 1 0 6 -87.31 0.4518638216531902
9 1 9 6 -80.75 1.8543377546204012
9 1 4 2 -79.5686 2.341681953932289
9 1 2 0 -83.53 2.574836982024013
9 1 2 5 -84.9233 0.7535492018748609
9 1 3 6 -84.6951 0.4518638216531902
9 1 7 9 -85.78 0.4142809311761813
9 1 2 6 -85.6445 1.8626419592629413
9 1 5 8 -85.2762 1.8306104706098087
9 1 4 7 -84.8216 0.4202676150502109
9 1 2 7 -86.4035 1.8626419592629413
9 1 2 9 -87.94 0.4154391840750011
9 1 9 9 -84.88 0.4518638216531902
9 2 3 4 -82.2388 0.4518638216531902
9 2 8 2 -60.685100000000006 1.8306104706098087
9 2 1 5 -85.6958 2.02253412315468
9 2 1 9 -87.69 1.8306104706098087
9 2 8 5 -75.9218 0.7535492018748609
9 2 7 4 -72.8743 0.31961585322723524
9 2 5 7 -82.9058 1.8543377546204012
9 2 0 6 -87.16 0.4518638216531902
9 2 9 6 -78.78 1.8543377546204012
9 2 4 2 -79.2505 2.341681953932289
9 2 2 0 -83.61 2.574836982024013
9 2 2 5 -84.3077 0.7535492018748609
9 2 3 6 -83.8659 0.4518638216531902
9 2 7 9 -84.72 0.4142809311761813
9 2 2 6 -84.997 1.8626419592629413
9 2 5 8 -84.2146 1.8306104706098087
9 2 4 7 -83.8286 0.4202676150502109
9 2 2 7 -85.7162 1.8626419592629413
9 2 2 9 -87.17 0.4154391840750011
9 2 9 9 -83.71 0.4518638216531902
9 3 3 4 -81.7323 0.4518638216531902
9 3 8 2 -62.039199999999994 1.8306104706098087
9 3 1 5 -85.1041 2.02253412315468
9 3 1 9 -87.5 1.8306104706098087
9 3 8 5 -71.6935 0.7535492018748609
9 3 7 4 -67.9154 0.31961585322723524
9 3 5 7 -81.6026 1.8543377546204012
9 3 0 6 -86.32 0.4518638216531902
9 3 9 6 -76.22 1.8543377546204012
9 3 4 2 -79.3712 2.341681953932289
9 3 2 0 -83.77 2.574836982024013
9 3 2 5 -83.8078 0.7535492018748609
9 3 3 6 -83.0839 0.4518638216531902
9 3 7 9 -82.28 0.4142809311761813
9 3 2 6 -84.3813 1.8626419592629413
9 3 5 8 -83.0368 1.8306104706098087
9 3 4 7 -82.8012 0.4202676150502109
9 3 2 7 -85.0631 1.8626419592629413
9 3 2 9 -86.27 0.4154391840750011
9 3 9 9 -82.36 0.4518638216531902
9 4 3 4 -81.4696 0.4518638216531902
9 4 8 2 -66.4468 1.8306104706098087
9 4 1 5 -84.8219 2.02253412315468
9 4 1 9 -86.66 1.8306104706098087
9 4 8 5 -65.311 0.7535492018748609
9 4 7 4 -63.6923 0.31961585322723524
9 4 5 7 -80.2065 1.8543377546204012
9 4 0 6 -86.18 0.4518638216531902
9 4 9 6 -72.56 1.8543377546204012
9 4 4 2 -79.9115 2.341681953932289
9 4 2 0 -83.99 2.574836982024013
9 4 2 5 -83.4262 0.7535492018748609
9 4 3 6 -82.3816 0.4518638216531902
9 4 7 9 -80.65 0.4142809311761813
9 4 2 6 -83.8576 1.8626419592629413
9 4 5 8 -81.7607 1.8306104706098087
9 4 4 7 -81.756 0.4202676150502109
9 4 2 7 -84.4426 1.8626419592629413
9 4 2 9 -86.01 0.4154391840750011
9 4 9 9 -80.75 0.4518638216531902
9 5 3 4 -81.4861 0.4518638216531902
9 5 8 2 -72.9055 1.8306104706098087
9 5 1 5 -84.6676 2.02253412315468
9 5 1 9 -86.49 1.8306104706098087
9 5 8 5 -61.35209999999999 0.7535492018748609
9 5 7 4 -64.0613 0.31961585322723524
9 5 5 7 -78.7728 1.8543377546204012
9 5 0 6 -86.08 0.4518638216531902
9 5 9 6 -66.11 1.8543377546204012
9 5 4 2 -80.7504 2.341681953932289
9 5 2 0 -85.06 2.574836982024013
9 5 2 5 -83.225 0.7535492018748609
9 5 3 6 -81.8269 0.4518638216531902
9 5 7 9 -78.63 0.4142809311761813
9 5 2 6 -83.4609 1.8626419592629413
9 5 5 8 -80.3498 1.8306104706098087
9 5 4 7 -80.7557 0.4202676150502109
9 5 2 7 -83.9139 1.8626419592629413
9 5 2 9 -85.04 0.4154391840750011
9 5 9 9 -78.78 0.4518638216531902
9 6 3 4 -81.7719 0.4518638216531902
9 6 8 2 -76.6117 1.8306104706098087
9 6 1 5 -84.6594 2.02253412315468
9 6 1 9 -85.58 1.8306104706098087
9 6 8 5 -60.723699999999994 0.7535492018748609
9 6 7 4 -68.5007 0.31961585322723524
9 6 5 7 -77.4869 1.8543377546204012
9 6 0 6 -85.27 0.4518638216531902
9 6 9 6 -65.84 1.8543377546204012
9 6 4 2 -81.7511 2.341681953932289
9 6 2 0 -85.32 2.574836982024013
9 6 2 5 -83.2136 0.7535492018748609
9 6 3 6 -81.5062 0.4518638216531902
9 6 7 9 -75.97 0.4142809311761813
9 6 2 6 -83.2341 1.8626419592629413
9 6 5 8 -78.9343 1.8306104706098087
9 6 4 7 -79.9233 0.4202676150502109
9 6 2 7 -83.4976 1.8626419592629413
9 6 2 9 -84.81 0.4154391840750011
9 6 9 9 -76.22 0.4518638216531902
9 7 3 4 -82.3036 0.4518638216531902
9 7 8 2 -79.2293 1.8306104706098087
9 7 1 5 -84.7953 2.02253412315468
9 7 1 9 -85.42 1.8306104706098087
9 7 8 5 -64.604 0.7535492018748609
9 7 7 4 -73.3941 0.31961585322723524
9 7 5 7 -76.5375 1.8543377546204012
9 7 0 6 -85.25 0.4518638216531902
9 7 9 6 -66.2 1.8543377546204012
9 7 4 2 -82.7894 2.341681953932289
9 7 2 0 -86.27 2.574836982024013
9 7 2 5 -83.3966 0.7535492018748609
9 7 3 6 -81.4551 0.4518638216531902
9 7 7 9 -72.73 0.4142809311761813
9 7 2 6 -83.2017 1.8626419592629413
9 7 5 8 -77.6138 1.8306104706098087
9 7 4 7 -79.3739 0.4202676150502109
9 7 2 7 -83.2525 1.8626419592629413
9 7 2 9 -83.76 0.4154391840750011
9 7 9 9 -72.56 0.4518638216531902
9 8 3 4 -82.9895 0.4518638216531902
9 8 8 2 -81.2307 1.8306104706098087
9 8 1 5 -85.0694 2.02253412315468
9 8 1 9 -84.51 1.8306104706098087
9 8 8 5 -70.9913 0.7535492018748609
9 8 7 4 -76.6541 0.31961585322723524
9 8 5 7 -76.3057 1.8543377546204012
9 8 0 6 -86.11 0.4518638216531902
9 8 9 6 -66.2 1.8543377546204012
9 8 4 2 -83.8224 2.341681953932289
9 8 2 0 -87.28 2.574836982024013
9 8 2 5 -83.7444 0.7535492018748609
9 8 3 6 -81.6848 0.4518638216531902
9 8 7 9 -66.53 0.4142809311761813
9 8 2 6 -83.3739 1.8626419592629413
9 8 5 8 -76.6189 1.8306104706098087
9 8 4 7 -79.2521 0.4202676150502109
9 8 2 7 -83.1945 1.8626419592629413
9 8 2 9 -83.61 0.4154391840750011
9 8 9 9 -66.13 0.4518638216531902
9 9 3 4 -83.7771 0.4518638216531902
9 9 8 2 -82.8576 1.8306104706098087
9 9 1 5 -85.5655 2.02253412315468
9 9 1 9 -84.43 1.8306104706098087
9 9 8 5 -75.5715 0.7535492018748609
9 9 7 4 -79.1422 0.31961585322723524
9 9 5 7 -76.8827 1.8543377546204012
9 9 0 6 -86.11 0.4518638216531902
9 9 9 6 -72.59 1.8543377546204012
9 9 4 2 -84.8205 2.341681953932289
9 9 2 0 -87.43 2.574836982024013
9 9 2 5 -84.2395 0.7535492018748609
9 9 3 6 -82.169 0.4518638216531902
9 9 7 9 -70.78 0.4142809311761813
9 9 2 6 -83.7 1.8626419592629413
9 9 5 8 -76.3021 1.8306104706098087
9 9 4 7 -79.5694 0.4202676150502109
9 9 2 7 -83.3439 1.8626419592629413
9 9 2 9 -83.52 0.4154391840750011
9 9 9 9 -66.22 0.4518638216531902
