0 0 1 8 -85.6509 0.4154391840750011
0 0 6 3 -84.0637 1.8626419592629413
0 0 0 3 -76.4 1.8306104706098087
0 0 4 1 -79.278 1.045630193236076
0 0 4 7 -85.6624 0.31961585322723524
0 0 2 9 -86.7 0.6606851953374354
0 0 5 6 -85.431 1.045630193236076
0 0 0 9 -85.94 0.4142809311761813
0 0 8 0 -86.01 0.4154391840750011
0 0 9 6 -88.57 1.4346625681183898
0 0 9 1 -86.73 1.4346625681183898
0 0 2 5 -81.68 0.6606851953374354
0 0 0 2 -66.88 1.5204824599919968
0 0 7 4 -85.7922 1.8306104706098087
0 0 5 3 -82.6806 0.31961585322723524
0 0 2 2 -74.9451 0.4518638216531902
0 0 6 7 -87.009 1.8306104706098087
0 0 9 4 -87.6 0.4518638216531902
0 0 6 2 -83.5076 0.5181550542899774
0 0 8 9 -89.56 0.4202676150502109
0 1 1 8 -84.4774 0.4154391840750011
0 1 6 3 -83.5698 1.8626419592629413
0 1 0 3 -72.88 1.8306104706098087
0 1 4 1 -78.9854 1.045630193236076
0 1 4 7 -84.2646 0.31961585322723524
0 1 2 9 -85.75 0.6606851953374354
0 1 5 6 -84.5929 1.045630193236076
0 1 0 9 -84.91 0.4142809311761813
0 1 8 0 -86.02 0.4154391840750011
0 1 9 6 -87.87 1.4346625681183898
0 1 9 1 -86.7 1.4346625681183898
0 1 2 5 -79.9958 0.6606851953374354
0 1 0 2 -66.86 1.5204824599919968
0 1 7 4 -85.3068 1.8306104706098087
0 1 5 3 -81.9979 0.31961585322723524
0 1 2 2 -72.6644 0.4518638216531902
0 1 6 7 -86.3183 1.8306104706098087
0 1 9 4 -86.87 0.4518638216531902
0 1 6 2 -83.1593 0.5181550542899774
0 1 8 9 -88.91 0.4202676150502109
0 2 1 8 -83.1026 0.4154391840750011
0 2 6 3 -83.2055 1.8626419592629413
0 2 0 3 -66.88 1.8306104706098087
0 2 4 1 -79.1715 1.045630193236076
0 2 4 7 -83.7426 0.31961585322723524
0 2 2 9 -84.68 0.6606851953374354
0 2 5 6 -83.7519 1.045630193236076
0 2 0 9 -83.75 0.4142809311761813
0 2 8 0 -86.08 0.4154391840750011
0 2 9 6 -87.68 1.4346625681183898
0 2 9 1 -78.17 1.4346625681183898
0 2 2 5 -78.0252 0.6606851953374354
0 2 0 2 -64.52 1.5204824599919968
0 2 7 4 -84.9451 1.8306104706098087
0 2 5 3 -81.5011 0.31961585322723524
0 2 2 2 -71.2902 0.4518638216531902
0 2 6 7 -85.6228 1.8306104706098087
0 2 9 4 -86.78 0.4518638216531902
0 2 6 2 -83.0296 0.5181550542899774
0 2 8 9 -88.21 0.4202676150502109
0 3 1 8 -81.5607 0.4154391840750011
0 3 6 3 -83.0336 1.8626419592629413
0 3 0 3 -65.51 1.8306104706098087
0 3 4 1 -79.7764 1.045630193236076
0 3 4 7 -82.6839 0.31961585322723524
0 3 2 9 -83.46 0.6606851953374354
0 3 5 6 -82.9417 1.045630193236076
0 3 0 9 -82.41 0.4142809311761813
0 3 8 0 -86.17 0.4154391840750011
0 3 9 6 -86.97 1.4346625681183898
0 3 9 1 -76.27 1.4346625681183898
0 3 2 5 -75.7369 0.6606851953374354
0 3 0 2 -66.86 1.5204824599919968
0 3 7 4 -84.6733 1.8306104706098087
0 3 5 3 -81.2559 0.31961585322723524
0 3 2 2 -71.8928 0.4518638216531902
0 3 6 7 -84.9503 1.8306104706098087
0 3 9 4 -86.72 0.4518638216531902
0 3 6 2 -83.0984 0.5181550542899774
0 3 8 9 -88.01 0.4202676150502109
0 4 1 8 -79.7535 0.4154391840750011
0 4 6 3 -83.0692 1.8626419592629413
0 4 0 3 -66.38 1.8306104706098087
0 4 4 1 -80.6662 1.045630193236076
0 4 4 7 -79.599 0.31961585322723524
0 4 2 9 -82.03 0.6606851953374354
0 4 5 6 -82.2073 1.045630193236076
0 4 0 9 -80.83 0.4142809311761813
0 4 8 0 -86.31 0.4154391840750011
0 4 9 6 -86.85 1.4346625681183898
0 4 9 1 -86.86 1.4346625681183898
0 4 2 5 -73.4677 0.6606851953374354
0 4 0 2 -66.89 1.5204824599919968
0 4 7 4 -84.5283 1.8306104706098087
0 4 5 3 -81.299 0.31961585322723524
0 4 2 2 -73.9115 0.4518638216531902
0 4 6 7 -84.3365 1.8306104706098087
0 4 9 4 -86.7 0.4518638216531902
0 4 6 2 -83.3458 0.5181550542899774
0 4 8 9 -87.26 0.4202676150502109
0 5 1 8 -77.4526 0.4154391840750011
0 5 6 3 -83.307 1.8626419592629413
0 5 0 3 -66.87 1.8306104706098087
0 5 4 1 -81.7114 1.045630193236076
0 5 4 7 -80.574 0.31961585322723524
0 5 2 9 -80.3 0.6606851953374354
0 5 5 6 -81.6438 1.045630193236076
0 5 0 9 -78.89 0.4142809311761813
0 5 8 0 -87.18 0.4154391840750011
0 5 9 6 -86.76 1.4346625681183898
0 5 9 1 -86.98 1.4346625681183898
0 5 2 5 -71.5252 0.6606851953374354
0 5 0 2 -72.88 1.5204824599919968
0 5 7 4 -84.5371 1.8306104706098087
0 5 5 3 -81.6363 0.31961585322723524
0 5 2 2 -76.2609 0.4518638216531902
0 5 6 7 -83.7705 1.8306104706098087
0 5 9 4 -86.73 0.4518638216531902
0 5 6 2 -83.7607 0.5181550542899774
0 5 8 9 -87.06 0.4202676150502109
0 6 1 8 -74.4484 0.4154391840750011
0 6 6 3 -83.7112 1.8626419592629413
0 6 0 3 -72.88 1.8306104706098087
0 6 4 1 -82.7819 1.045630193236076
0 6 4 7 -79.695 0.31961585322723524
0 6 2 9 -78.15 0.6606851953374354
0 6 5 6 -81.3087 1.045630193236076
0 6 0 9 -76.39 0.4142809311761813
0 6 8 0 -87.3 0.4154391840750011
0 6 9 6 -86.71 1.4346625681183898
0 6 9 1 -87.72 1.4346625681183898
0 6 2 5 -71.3972 0.6606851953374354
0 6 0 2 -76.4 1.5204824599919968
0 6 7 4 -84.6904 1.8306104706098087
0 6 5 3 -82.2059 0.31961585322723524
0 6 2 2 -78.4761 0.4518638216531902
0 6 6 7 -83.3466 1.8306104706098087
0 6 9 4 -86.78 0.4518638216531902
0 6 6 2 -84.3201 0.5181550542899774
0 6 8 9 -86.28 0.4202676150502109
0 7 1 8 -69.9136 0.4154391840750011
0 7 6 3 -84.2456 1.8626419592629413
0 7 0 3 -76.4 1.8306104706098087
0 7 4 1 -83.8439 1.045630193236076
0 7 4 7 -79.1235 0.31961585322723524
0 7 2 9 -75.41 0.6606851953374354
0 7 5 6 -81.2534 1.045630193236076
0 7 0 9 -72.88 0.4142809311761813
0 7 8 0 -87.55 0.4154391840750011
0 7 9 6 -86.71 1.4346625681183898
0 7 9 1 -87.88 1.4346625681183898
0 7 2 5 -73.1737 0.6606851953374354
0 7 0 2 -78.89 1.5204824599919968
0 7 7 4 -84.9841 1.8306104706098087
0 7 5 3 -82.9381 0.31961585322723524
0 7 2 2 -80.3742 0.4518638216531902
0 7 6 7 -83.0901 1.8306104706098087
0 7 9 4 -86.88 0.4518638216531902
0 7 6 2 -84.9419 0.5181550542899774
0 7 8 9 -86.15 0.4202676150502109
0 8 1 8 -64.4823 0.4154391840750011
0 8 6 3 -84.8633 1.8626419592629413
0 8 0 3 -78.89 1.8306104706098087
0 8 4 1 -84.8449 1.045630193236076
0 8 4 7 -78.9874 0.31961585322723524
0 8 2 9 -74.58 0.6606851953374354
0 8 5 6 -81.4978 1.045630193236076
0 8 0 9 -66.89 0.4142809311761813
0 8 8 0 -88.25 0.4154391840750011
0 8 9 6 -86.73 1.4346625681183898
0 8 9 1 -88.76 1.4346625681183898
0 8 2 5 -75.4569 0.6606851953374354
0 8 0 2 -80.83 1.5204824599919968
0 8 7 4 -85.3859 1.8306104706098087
0 8 5 3 -83.7443 0.31961585322723524
0 8 2 2 -82.0074 0.4518638216531902
0 8 6 7 -83.0288 1.8306104706098087
0 8 9 4 -87.01 0.4518638216531902
0 8 6 2 -85.6295 0.5181550542899774
0 8 8 9 -86.06 0.4202676150502109
0 9 1 8 -62.9354 0.4154391840750011
0 9 6 3 -85.5482 1.8626419592629413
0 9 0 3 -80.83 1.8306104706098087
0 9 4 1 -85.7953 1.045630193236076
0 9 4 7 -79.3247 0.31961585322723524
0 9 2 9 -70.64 0.6606851953374354
0 9 5 6 -81.995 1.045630193236076
0 9 0 9 -64.91 0.4142809311761813
0 9 8 0 -88.99 0.4154391840750011
0 9 9 6 -86.8 1.4346625681183898
0 9 9 1 -88.77 1.4346625681183898
0 9 2 5 -77.7882 0.6606851953374354
0 9 0 2 -82.41 1.5204824599919968
0 9 7 4 -85.8572 1.8306104706098087
0 9 5 3 -84.5881 0.31961585322723524
0 9 2 2 -83.4049 0.4518638216531902
0 9 6 7 -83.1767 1.8306104706098087
0 9 9 4 -87.76 0.4518638216531902
0 9 6 2 -86.3093 0.5181550542899774
0 9 8 9 -86.01 0.4202676150502109
1 0 1 8 -85.5241 0.4154391840750011
1 0 6 3 -82.8346 1.8626419592629413
1 0 0 3 -76.15 1.8306104706098087
1 0 4 1 -76.7939 1.045630193236076
1 0 4 7 -85.1637 0.31961585322723524
1 0 2 9 -86.74 0.6606851953374354
1 0 5 6 -84.7108 1.045630193236076
1 0 0 9 -85.9 0.4142809311761813
1 0 8 0 -84.43 0.4154391840750011
1 0 9 6 -87.31 1.4346625681183898
1 0 9 1 -85.29 1.4346625681183898
1 0 2 5 -81.0925 0.6606851953374354
1 0 0 2 -72.43 1.5204824599919968
1 0 7 4 -84.8444 1.8306104706098087
1 0 5 3 -81.2961 0.31961585322723524
1 0 2 2 -72.0147 0.4518638216531902
1 0 6 7 -86.4061 1.8306104706098087
1 0 9 4 -86.35 0.4518638216531902
1 0 6 2 -82.1054 0.5181550542899774
1 0 8 9 -88.66 0.4202676150502109
1 1 1 8 -84.3561 0.4154391840750011
1 1 6 3 -82.1715 1.8626419592629413
1 1 0 3 -72.43 1.8306104706098087
1 1 4 1 -76.2956 1.045630193236076
1 1 4 7 -84.0904 0.31961585322723524
1 1 2 9 -85.8 0.6606851953374354
1 1 5 6 -83.721 1.045630193236076
1 1 0 9 -84.87 0.4142809311761813
1 1 8 0 -84.44 0.4154391840750011
1 1 9 6 -87.3 1.4346625681183898
1 1 9 1 -85.25 1.4346625681183898
1 1 2 5 -79.1394 0.6606851953374354
1 1 0 2 -66.79 1.5204824599919968
1 1 7 4 -84.2509 1.8306104706098087
1 1 5 3 -80.3533 0.31961585322723524
1 1 2 2 -66.6759 0.4518638216531902
1 1 6 7 -85.6003 1.8306104706098087
1 1 9 4 -86.2 0.4518638216531902
1 1 6 2 -81.6464 0.5181550542899774
1 1 8 9 -88.42 0.4202676150502109
1 2 1 8 -83.0089 0.4154391840750011
1 2 6 3 -81.6882 1.8626419592629413
1 2 0 3 -66.78 1.8306104706098087
1 2 4 1 -76.5959 1.045630193236076
1 2 4 7 -82.9071 0.31961585322723524
1 2 2 9 -84.75 0.6606851953374354
1 2 5 6 -82.6779 1.045630193236076
1 2 0 9 -83.69 0.4142809311761813
1 2 8 0 -84.52 0.4154391840750011
1 2 9 6 -86.49 1.4346625681183898
1 2 9 1 -85.27 1.4346625681183898
1 2 2 5 -76.652 0.6606851953374354
1 2 0 2 -65.93 1.5204824599919968
1 2 7 4 -83.7552 1.8306104706098087
1 2 5 3 -79.6244 0.31961585322723524
1 2 2 2 -63.337199999999996 0.4518638216531902
1 2 6 7 -84.7839 1.8306104706098087
1 2 9 4 -86.09 0.4518638216531902
1 2 6 2 -81.4407 0.5181550542899774
1 2 8 9 -87.69 0.4202676150502109
1 3 1 8 -81.4084 0.4154391840750011
1 3 6 3 -81.4513 1.8626419592629413
1 3 0 3 -66.82 1.8306104706098087
1 3 4 1 -77.5907 1.045630193236076
1 3 4 7 -81.607 0.31961585322723524
1 3 2 9 -82.31 0.6606851953374354
1 3 5 6 -81.6341 1.045630193236076
1 3 0 9 -82.34 0.4142809311761813
1 3 8 0 -85.44 0.4154391840750011
1 3 9 6 -86.31 1.4346625681183898
1 3 9 1 -86.17 1.4346625681183898
1 3 2 5 -73.3994 0.6606851953374354
1 3 0 2 -65.93 1.5204824599919968
1 3 7 4 -83.396 1.8306104706098087
1 3 5 3 -79.2587 0.31961585322723524
1 3 2 2 -64.6635 0.4518638216531902
1 3 6 7 -83.9618 1.8306104706098087
1 3 9 4 -86.09 0.4518638216531902
1 3 6 2 -81.5224 0.5181550542899774
1 3 8 9 -86.88 0.4202676150502109
1 4 1 8 -79.455 0.4154391840750011
1 4 6 3 -81.4927 1.8626419592629413
1 4 0 3 -65.91 1.8306104706098087
1 4 4 1 -78.9261 1.045630193236076
1 4 4 7 -80.2152 0.31961585322723524
1 4 2 9 -80.69 0.6606851953374354
1 4 5 6 -80.647 1.045630193236076
1 4 0 9 -80.72 0.4142809311761813
1 4 8 0 -85.6 0.4154391840750011
1 4 9 6 -86.16 1.4346625681183898
1 4 9 1 -86.18 1.4346625681183898
1 4 2 5 -68.5242 0.6606851953374354
1 4 0 2 -66.56 1.5204824599919968
1 4 7 4 -83.2072 1.8306104706098087
1 4 5 3 -79.3303 0.31961585322723524
1 4 2 2 -69.6496 0.4518638216531902
1 4 6 7 -83.1673 1.8306104706098087
1 4 9 4 -85.25 0.4518638216531902
1 4 6 2 -81.8721 0.5181550542899774
1 4 8 9 -86.65 0.4202676150502109
1 5 1 8 -76.9305 0.4154391840750011
1 5 6 3 -81.8143 1.8626419592629413
1 5 0 3 -65.9 1.8306104706098087
1 5 4 1 -80.3567 1.045630193236076
1 5 4 7 -79.6037 0.31961585322723524
1 5 2 9 -80.44 0.6606851953374354
1 5 5 6 -79.8298 1.045630193236076
1 5 0 9 -78.74 0.4142809311761813
1 5 8 0 -93.28 0.4154391840750011
1 5 9 6 -86.08 1.4346625681183898
1 5 9 1 -85.21 1.4346625681183898
1 5 2 5 -63.848200000000006 0.6606851953374354
1 5 0 2 -72.47 1.5204824599919968
1 5 7 4 -83.2209 1.8306104706098087
1 5 5 3 -79.829 0.31961585322723524
1 5 2 2 -74.3107 0.4518638216531902
1 5 6 7 -82.4307 1.8306104706098087
1 5 9 4 -85.28 0.4518638216531902
1 5 6 2 -82.4282 0.5181550542899774
1 5 8 9 -85.77 0.4202676150502109
1 6 1 8 -73.4056 0.4154391840750011
1 6 6 3 -82.3687 1.8626419592629413
1 6 0 3 -72.48 1.8306104706098087
1 6 4 1 -81.7463 1.045630193236076
1 6 4 7 -77.4778 0.31961585322723524
1 6 2 9 -78.32 0.6606851953374354
1 6 5 6 -79.3326 1.045630193236076
1 6 0 9 -76.15 0.4142809311761813
1 6 8 0 -86.69 0.4154391840750011
1 6 9 6 -85.27 1.4346625681183898
1 6 9 1 -86.5 1.4346625681183898
1 6 2 5 -63.692099999999996 0.6606851953374354
1 6 0 2 -76.17 1.5204824599919968
1 6 7 4 -83.4229 1.8306104706098087
1 6 5 3 -80.6415 0.31961585322723524
1 6 2 2 -77.2687 0.4518638216531902
1 6 6 7 -81.8704 1.8306104706098087
1 6 9 4 -85.36 0.4518638216531902
1 6 6 2 -83.1501 0.5181550542899774
1 6 8 9 -85.57 0.4202676150502109
1 7 1 8 -67.1265 0.4154391840750011
1 7 6 3 -83.0687 1.8626419592629413
1 7 0 3 -76.18 1.8306104706098087
1 7 4 1 -83.0339 1.045630193236076
1 7 4 7 -76.538 0.31961585322723524
1 7 2 9 -75.47 0.6606851953374354
1 7 5 6 -79.2585 1.045630193236076
1 7 0 9 -72.44 0.4142809311761813
1 7 8 0 -86.92 0.4154391840750011
1 7 9 6 -85.25 1.4346625681183898
1 7 9 1 -87.34 1.4346625681183898
1 7 2 5 -67.8821 0.6606851953374354
1 7 0 2 -78.76 1.5204824599919968
1 7 7 4 -83.8049 1.8306104706098087
1 7 5 3 -81.6208 0.31961585322723524
1 7 2 2 -79.6158 0.4518638216531902
1 7 6 7 -81.5215 1.8306104706098087
1 7 9 4 -86.21 0.4518638216531902
1 7 6 2 -83.9547 0.5181550542899774
1 7 8 9 -85.42 0.4202676150502109
1 8 1 8 -62.4952 0.4154391840750011
1 8 6 3 -83.8635 1.8626419592629413
1 8 0 3 -78.75 1.8306104706098087
1 8 4 1 -84.2079 1.045630193236076
1 8 4 7 -76.2921 0.31961585322723524
1 8 2 9 -71.83 0.6606851953374354
1 8 5 6 -79.618 1.045630193236076
1 8 0 9 -66.62 0.4142809311761813
1 8 8 0 -87.72 0.4154391840750011
1 8 9 6 -85.29 1.4346625681183898
1 8 9 1 -87.52 1.4346625681183898
1 8 2 5 -72.9593 0.6606851953374354
1 8 0 2 -80.73 1.5204824599919968
1 8 7 4 -84.3098 1.8306104706098087
1 8 5 3 -82.6615 0.31961585322723524
1 8 2 2 -81.4789 0.4518638216531902
1 8 6 7 -81.4387 1.8306104706098087
1 8 9 4 -86.36 0.4518638216531902
1 8 6 2 -84.7744 0.5181550542899774
1 8 8 9 -84.5 0.4202676150502109
1 9 1 8 -64.5 0.4154391840750011
1 9 6 3 -84.6782 1.8626419592629413
1 9 0 3 -80.73 1.8306104706098087
1 9 4 1 -85.2747 1.045630193236076
1 9 4 7 -76.8636 0.31961585322723524
1 9 2 9 -64.87 0.6606851953374354
1 9 5 6 -80.3391 1.045630193236076
1 9 0 9 -64.87 0.4142809311761813
1 9 8 0 -88.55 0.4154391840750011
1 9 9 6 -86.12 1.4346625681183898
1 9 9 1 -88.28 1.4346625681183898
1 9 2 5 -76.3364 0.6606851953374354
1 9 0 2 -82.34 1.5204824599919968
1 9 7 4 -84.9088 1.8306104706098087
1 9 5 3 -83.7085 0.31961585322723524
1 9 2 2 -83.0341 0.4518638216531902
1 9 6 7 -81.6457 1.8306104706098087
1 9 9 4 -86.54 0.4518638216531902
1 9 6 2 -85.591 0.5181550542899774
1 9 8 9 -84.43 0.4202676150502109
2 0 1 8 -85.7744 0.4154391840750011
2 0 6 3 -81.454 1.8626419592629413
2 0 0 3 -78.21 1.8306104706098087
2 0 4 1 -73.3905 1.045630193236076
2 0 4 7 -84.7265 0.31961585322723524
2 0 2 9 -85.94 0.6606851953374354
2 0 5 6 -84.0442 1.045630193236076
2 0 0 9 -82.2 0.4142809311761813
2 0 8 0 -83.51 0.4154391840750011
2 0 9 6 -86.93 1.4346625681183898
2 0 9 1 -84.47 1.4346625681183898
2 0 2 5 -80.8255 0.6606851953374354
2 0 0 2 -71.15 1.5204824599919968
2 0 7 4 -83.8059 1.8306104706098087
2 0 5 3 -79.7498 0.31961585322723524
2 0 2 2 -69.5674 0.4518638216531902
2 0 6 7 -85.8167 1.8306104706098087
2 0 9 4 -85.65 0.4518638216531902
2 0 6 2 -80.4594 0.5181550542899774
2 0 8 9 -88.19 0.4202676150502109
2 1 1 8 -84.428 0.4154391840750011
2 1 6 3 -80.5524 1.8626419592629413
2 1 0 3 -75.83 1.8306104706098087
2 1 4 1 -72.517 1.045630193236076
2 1 4 7 -83.5189 0.31961585322723524
2 1 2 9 -84.91 0.6606851953374354
2 1 5 6 -82.8553 1.045630193236076
2 1 0 9 -85.78 0.4142809311761813
2 1 8 0 -83.53 0.4154391840750011
2 1 9 6 -86.7 1.4346625681183898
2 1 9 1 -84.43 1.4346625681183898
2 1 2 5 -78.7155 0.6606851953374354
2 1 0 2 -71.09 1.5204824599919968
2 1 7 4 -83.0574 1.8306104706098087
2 1 5 3 -78.4059 0.31961585322723524
2 1 2 2 -63.517799999999994 0.4518638216531902
2 1 6 7 -84.8947 1.8306104706098087
2 1 9 4 -85.61 0.4518638216531902
2 1 6 2 -79.7973 0.5181550542899774
2 1 8 9 -87.93 0.4202676150502109
2 2 1 8 -83.1077 0.4154391840750011
2 2 6 3 -79.8511 1.8626419592629413
2 2 0 3 -71.01 1.8306104706098087
2 2 4 1 -73.1488 1.045630193236076
2 2 4 7 -82.1523 0.31961585322723524
2 2 2 9 -83.75 0.6606851953374354
2 2 5 6 -81.5743 1.045630193236076
2 2 0 9 -84.72 0.4142809311761813
2 2 8 0 -83.62 0.4154391840750011
2 2 9 6 -85.81 1.4346625681183898
2 2 9 1 -84.45 1.4346625681183898
2 2 2 5 -75.9389 0.6606851953374354
2 2 0 2 -64.53 1.5204824599919968
2 2 7 4 -82.4004 1.8306104706098087
2 2 5 3 -77.2921 0.31961585322723524
2 2 2 2 -60.0252 0.4518638216531902
2 2 6 7 -83.915 1.8306104706098087
2 2 9 4 -84.55 0.4518638216531902
2 2 6 2 -79.4872 0.5181550542899774
2 2 8 9 -87.13 0.4202676150502109
2 3 1 8 -81.539 0.4154391840750011
2 3 6 3 -79.5031 1.8626419592629413
2 3 0 3 -64.49 1.8306104706098087
2 3 4 1 -74.8358 1.045630193236076
2 3 4 7 -80.5905 0.31961585322723524
2 3 2 9 -82.41 0.6606851953374354
2 3 5 6 -80.2133 1.045630193236076
2 3 0 9 -83.66 0.4142809311761813
2 3 8 0 -83.78 0.4154391840750011
2 3 9 6 -85.61 1.4346625681183898
2 3 9 1 -84.52 1.4346625681183898
2 3 2 5 -71.7232 0.6606851953374354
2 3 0 2 -64.91 1.5204824599919968
2 3 7 4 -81.9103 1.8306104706098087
2 3 5 3 -76.6673 0.31961585322723524
2 3 2 2 -61.56999999999999 0.4518638216531902
2 3 6 7 -82.9134 1.8306104706098087
2 3 9 4 -84.46 0.4518638216531902
2 3 6 2 -79.6087 0.5181550542899774
2 3 8 9 -86.26 0.4202676150502109
2 4 1 8 -79.7351 0.4154391840750011
2 4 6 3 -79.5745 1.8626419592629413
2 4 0 3 -65.01 1.8306104706098087
2 4 4 1 -76.9683 1.045630193236076
2 4 4 7 -78.8022 0.31961585322723524
2 4 2 9 -80.83 0.6606851953374354
2 4 5 6 -78.8428 1.045630193236076
2 4 0 9 -80.77 0.4142809311761813
2 4 8 0 -84.05 0.4154391840750011
2 4 9 6 -84.66 1.4346625681183898
2 4 9 1 -84.66 1.4346625681183898
2 4 2 5 -65.1531 0.6606851953374354
2 4 0 2 -71.54 1.5204824599919968
2 4 7 4 -81.6547 1.8306104706098087
2 4 5 3 -76.7897 0.31961585322723524
2 4 2 2 -66.4542 0.4518638216531902
2 4 6 7 -81.893 1.8306104706098087
2 4 9 4 -84.42 0.4518638216531902
2 4 6 2 -80.1233 0.5181550542899774
2 4 8 9 -86.0 0.4202676150502109
2 5 1 8 -77.3759 0.4154391840750011
2 5 6 3 -80.0487 1.8626419592629413
2 5 0 3 -71.63 1.8306104706098087
2 5 4 1 -79.0034 1.045630193236076
2 5 4 7 -76.7337 0.31961585322723524
2 5 2 9 -78.89 0.6606851953374354
2 5 5 6 -77.6165 1.045630193236076
2 5 0 9 -78.05 0.4142809311761813
2 5 8 0 -85.07 0.4154391840750011
2 5 9 6 -84.52 1.4346625681183898
2 5 9 1 -85.62 1.4346625681183898
2 5 2 5 -60.696600000000004 0.6606851953374354
2 5 0 2 -75.4 1.5204824599919968
2 5 7 4 -81.6651 1.8306104706098087
2 5 5 3 -77.6023 0.31961585322723524
2 5 2 2 -72.9227 0.4518638216531902
2 5 6 7 -80.9301 1.8306104706098087
2 5 9 4 -84.46 0.4518638216531902
2 5 6 2 -80.9266 0.5181550542899774
2 5 8 9 -85.03 0.4202676150502109
2 6 1 8 -74.0988 0.4154391840750011
2 6 6 3 -80.8245 1.8626419592629413
2 6 0 3 -75.4 1.8306104706098087
2 6 4 1 -80.7603 1.045630193236076
2 6 4 7 -74.613 0.31961585322723524
2 6 2 9 -76.39 0.6606851953374354
2 6 5 6 -76.7973 1.045630193236076
2 6 0 9 -75.96 0.4142809311761813
2 6 8 0 -85.38 0.4154391840750011
2 6 9 6 -84.44 1.4346625681183898
2 6 9 1 -85.82 1.4346625681183898
2 6 2 5 -60.308499999999995 0.6606851953374354
2 6 0 2 -76.01 1.5204824599919968
2 6 7 4 -81.9528 1.8306104706098087
2 6 5 3 -78.8337 0.31961585322723524
2 6 2 2 -76.63 0.4518638216531902
2 6 6 7 -80.128 1.8306104706098087
2 6 9 4 -84.55 0.4518638216531902
2 6 6 2 -81.8922 0.5181550542899774
2 6 8 9 -84.8 0.4202676150502109
2 7 1 8 -68.6774 0.4154391840750011
2 7 6 3 -81.7726 1.8626419592629413
2 7 0 3 -76.02 1.8306104706098087
2 7 4 1 -82.3101 1.045630193236076
2 7 4 7 -72.942 0.31961585322723524
2 7 2 9 -72.87 0.6606851953374354
2 7 5 6 -76.6656 1.045630193236076
2 7 0 9 -72.08 0.4142809311761813
2 7 8 0 -86.3 0.4154391840750011
2 7 9 6 -84.43 1.4346625681183898
2 7 9 1 -86.92 1.4346625681183898
2 7 2 5 -64.5028 0.6606851953374354
2 7 0 2 -80.42 1.5204824599919968
2 7 7 4 -82.4588 1.8306104706098087
2 7 5 3 -80.1976 0.31961585322723524
2 7 2 2 -79.2391 0.4518638216531902
2 7 6 7 -79.6084 1.8306104706098087
2 7 9 4 -84.7 0.4518638216531902
2 7 6 2 -82.8968 0.5181550542899774
2 7 8 9 -83.75 0.4202676150502109
2 8 1 8 -63.68470000000001 0.4154391840750011
2 8 6 3 -82.7917 1.8626419592629413
2 8 0 3 -80.42 1.8306104706098087
2 8 4 1 -83.6557 1.045630193236076
2 8 4 7 -72.4958 0.31961585322723524
2 8 2 9 -66.85 0.6606851953374354
2 8 5 6 -77.2763 1.045630193236076
2 8 0 9 -70.77 0.4142809311761813
2 8 8 0 -87.18 0.4154391840750011
2 8 9 6 -84.47 1.4346625681183898
2 8 9 1 -86.93 1.4346625681183898
2 8 2 5 -71.0625 0.6606851953374354
2 8 0 2 -82.11 1.5204824599919968
2 8 7 4 -83.1231 1.8306104706098087
2 8 5 3 -81.5655 0.31961585322723524
2 8 2 2 -81.2382 0.4518638216531902
2 8 6 7 -79.4864 1.8306104706098087
2 8 9 4 -85.66 0.4518638216531902
2 8 6 2 -83.9161 0.5181550542899774
2 8 8 9 -83.6 0.4202676150502109
2 9 1 8 -61.828 0.4154391840750011
2 9 6 3 -83.8072 1.8626419592629413
2 9 0 3 -82.11 1.8306104706098087
2 9 4 1 -84.8508 1.045630193236076
2 9 4 7 -73.6035 0.31961585322723524
2 9 2 9 -64.88 0.6606851953374354
2 9 5 6 -78.3949 1.045630193236076
2 9 0 9 -70.78 0.4142809311761813
2 9 8 0 -88.07 0.4154391840750011
2 9 9 6 -84.58 1.4346625681183898
2 9 9 1 -87.82 1.4346625681183898
2 9 2 5 -75.5878 0.6606851953374354
2 9 0 2 -83.53 1.5204824599919968
2 9 7 4 -83.8893 1.8306104706098087
2 9 5 3 -82.8448 0.31961585322723524
2 9 2 2 -82.8603 0.4518638216531902
2 9 6 7 -79.7884 1.8306104706098087
2 9 9 4 -85.72 0.4518638216531902
2 9 6 2 -84.8881 0.5181550542899774
2 9 8 9 -83.52 0.4202676150502109
3 0 1 8 -85.7849 0.4154391840750011
3 0 6 3 -79.9305 1.8626419592629413
3 0 0 3 -77.78 1.8306104706098087
3 0 4 1 -67.7993 1.045630193236076
3 0 4 7 -84.4092 0.31961585322723524
3 0 2 9 -86.77 0.6606851953374354
3 0 5 6 -83.4369 1.045630193236076
3 0 0 9 -86.55 0.4142809311761813
3 0 8 0 -81.33 0.4154391840750011
3 0 9 6 -86.32 1.4346625681183898
3 0 9 1 -83.57 1.4346625681183898
3 0 2 5 -80.9263 0.6606851953374354
3 0 0 2 -77.23 1.5204824599919968
3 0 7 4 -82.6865 1.8306104706098087
3 0 5 3 -78.0997 0.31961585322723524
3 0 2 2 -70.7046 0.4518638216531902
3 0 6 7 -85.2728 1.8306104706098087
3 0 9 4 -85.13 0.4518638216531902
3 0 6 2 -78.4954 0.5181550542899774
3 0 8 9 -88.19 0.4202676150502109
3 1 1 8 -84.6624 0.4154391840750011
3 1 6 3 -78.6348 1.8626419592629413
3 1 0 3 -77.23 1.8306104706098087
3 1 4 1 -64.885 1.045630193236076
3 1 4 7 -83.0975 0.31961585322723524
3 1 2 9 -84.88 0.6606851953374354
3 1 5 6 -82.0695 1.045630193236076
3 1 0 9 -85.57 0.4142809311761813
3 1 8 0 -81.36 0.4154391840750011
3 1 9 6 -86.17 1.4346625681183898
3 1 9 1 -82.49 1.4346625681183898
3 1 2 5 -78.8836 0.6606851953374354
3 1 0 2 -74.33 1.5204824599919968
3 1 7 4 -81.7181 1.8306104706098087
3 1 5 3 -76.0449 0.31961585322723524
3 1 2 2 -64.6112 0.4518638216531902
3 1 6 7 -84.2264 1.8306104706098087
3 1 9 4 -83.84 0.4518638216531902
3 1 6 2 -77.4809 0.5181550542899774
3 1 8 9 -87.44 0.4202676150502109
3 2 1 8 -83.4112 0.4154391840750011
3 2 6 3 -77.585 1.8626419592629413
3 2 0 3 -74.29 1.8306104706098087
3 2 4 1 -66.5355 1.045630193236076
3 2 4 7 -81.5736 0.31961585322723524
3 2 2 9 -83.7 0.6606851953374354
3 2 5 6 -80.4993 1.045630193236076
3 2 0 9 -84.45 0.4142809311761813
3 2 8 0 -82.62 0.4154391840750011
3 2 9 6 -85.01 1.4346625681183898
3 2 9 1 -83.53 1.4346625681183898
3 2 2 5 -76.2295 0.6606851953374354
3 2 0 2 -73.98 1.5204824599919968
3 2 7 4 -80.8287 1.8306104706098087
3 2 5 3 -74.172 0.31961585322723524
3 2 2 2 -60.95569999999999 0.4518638216531902
3 2 6 7 -83.0821 1.8306104706098087
3 2 9 4 -83.66 0.4518638216531902
3 2 6 2 -76.9729 0.5181550542899774
3 2 8 9 -86.64 0.4202676150502109
3 3 1 8 -81.9808 0.4154391840750011
3 3 6 3 -76.9999 1.8626419592629413
3 3 0 3 -73.98 1.8306104706098087
3 3 4 1 -71.3144 1.045630193236076
3 3 4 7 -79.7591 0.31961585322723524
3 3 2 9 -82.35 0.6606851953374354
3 3 5 6 -78.742 1.045630193236076
3 3 0 9 -83.39 0.4142809311761813
3 3 8 0 -82.81 0.4154391840750011
3 3 9 6 -84.03 1.4346625681183898
3 3 9 1 -83.63 1.4346625681183898
3 3 2 5 -72.4928 0.6606851953374354
3 3 0 2 -74.1 1.5204824599919968
3 3 7 4 -80.1352 1.8306104706098087
3 3 5 3 -73.0376 0.31961585322723524
3 3 2 2 -62.599000000000004 0.4518638216531902
3 3 6 7 -81.8443 1.8306104706098087
3 3 9 4 -83.55 0.4518638216531902
3 3 6 2 -77.183 0.5181550542899774
3 3 8 9 -85.61 0.4202676150502109
3 4 1 8 -80.2962 0.4154391840750011
3 4 6 3 -77.1114 1.8626419592629413
3 4 0 3 -74.13 1.8306104706098087
3 4 4 1 -75.0202 1.045630193236076
3 4 4 7 -77.5028 0.31961585322723524
3 4 2 9 -80.75 0.6606851953374354
3 4 5 6 -76.7537 1.045630193236076
3 4 0 9 -81.96 0.4142809311761813
3 4 8 0 -83.08 0.4154391840750011
3 4 9 6 -83.8 1.4346625681183898
3 4 9 1 -83.79 1.4346625681183898
3 4 2 5 -66.4512 0.6606851953374354
3 4 0 2 -74.63 1.5204824599919968
3 4 7 4 -79.7609 1.8306104706098087
3 4 5 3 -73.2649 0.31961585322723524
3 4 2 2 -67.7225 0.4518638216531902
3 4 6 7 -80.5337 1.8306104706098087
3 4 9 4 -83.54 0.4518638216531902
3 4 6 2 -77.9959 0.5181550542899774
3 4 8 9 -84.56 0.4202676150502109
3 5 1 8 -78.2748 0.4154391840750011
3 5 6 3 -77.8729 1.8626419592629413
3 5 0 3 -74.68 1.8306104706098087
3 5 4 1 -77.7726 1.045630193236076
3 5 4 7 -74.6667 0.31961585322723524
3 5 2 9 -78.77 0.6606851953374354
3 5 5 6 -74.7532 1.045630193236076
3 5 0 9 -80.21 0.4142809311761813
3 5 8 0 -84.28 0.4154391840750011
3 5 9 6 -83.63 1.4346625681183898
3 5 9 1 -84.02 1.4346625681183898
3 5 2 5 -61.7037 0.6606851953374354
3 5 0 2 -77.34 1.5204824599919968
3 5 7 4 -79.7848 1.8306104706098087
3 5 5 3 -74.732 0.31961585322723524
3 5 2 2 -73.5458 0.4518638216531902
3 5 6 7 -79.1957 1.8306104706098087
3 5 9 4 -83.55 0.4518638216531902
3 5 6 2 -79.1896 0.5181550542899774
3 5 8 9 -84.24 0.4202676150502109
3 6 1 8 -75.8738 0.4154391840750011
3 6 6 3 -79.0399 1.8626419592629413
3 6 0 3 -77.34 1.8306104706098087
3 6 4 1 -79.9782 1.045630193236076
3 6 4 7 -70.7757 0.31961585322723524
3 6 2 9 -76.2 0.6606851953374354
3 6 5 6 -73.2878 1.045630193236076
3 6 0 9 -77.48 0.4142809311761813
3 6 8 0 -84.71 0.4154391840750011
3 6 9 6 -83.53 1.4346625681183898
3 6 9 1 -85.14 1.4346625681183898
3 6 2 5 -61.3198 0.6606851953374354
3 6 0 2 -79.83 1.5204824599919968
3 6 7 4 -80.197 1.8306104706098087
3 6 5 3 -76.728 0.31961585322723524
3 6 2 2 -76.8828 0.4518638216531902
3 6 6 7 -78.0011 1.8306104706098087
3 6 9 4 -83.66 0.4518638216531902
3 6 6 2 -80.5138 0.5181550542899774
3 6 8 9 -83.05 0.4202676150502109
3 7 1 8 -72.7283 0.4154391840750011
3 7 6 3 -80.3743 1.8626419592629413
3 7 0 3 -78.07 1.8306104706098087
3 7 4 1 -81.7628 1.045630193236076
3 7 4 7 -66.2418 0.31961585322723524
3 7 2 9 -72.52 0.6606851953374354
3 7 5 6 -73.0211 1.045630193236076
3 7 0 9 -77.43 0.4142809311761813
3 7 8 0 -85.63 0.4154391840750011
3 7 9 6 -83.56 1.4346625681183898
3 7 9 1 -85.36 1.4346625681183898
3 7 2 5 -65.6925 0.6606851953374354
3 7 0 2 -81.7 1.5204824599919968
3 7 7 4 -80.9117 1.8306104706098087
3 7 5 3 -78.7147 0.31961585322723524
3 7 2 2 -79.3871 0.4518638216531902
3 7 6 7 -77.1793 1.8306104706098087
3 7 9 4 -83.83 0.4518638216531902
3 7 6 2 -81.816 0.5181550542899774
3 7 8 9 -82.79 0.4202676150502109
3 8 1 8 -69.9214 0.4154391840750011
3 8 6 3 -81.6899 1.8626419592629413
3 8 0 3 -81.7 1.8306104706098087
3 8 4 1 -83.2564 1.045630193236076
3 8 4 7 -64.9191 0.31961585322723524
3 8 2 9 -66.58 0.6606851953374354
3 8 5 6 -74.1569 1.045630193236076
3 8 0 9 -74.59 0.4142809311761813
3 8 8 0 -86.61 0.4154391840750011
3 8 9 6 -83.56 1.4346625681183898
3 8 9 1 -86.31 1.4346625681183898
3 8 2 5 -71.9031 0.6606851953374354
3 8 0 2 -83.22 1.5204824599919968
3 8 7 4 -81.8153 1.8306104706098087
3 8 5 3 -80.494 0.31961585322723524
3 8 2 2 -81.3345 0.4518638216531902
3 8 6 7 -76.9717 1.8306104706098087
3 8 9 4 -84.07 0.4518638216531902
3 8 6 2 -83.0765 0.5181550542899774
3 8 8 9 -82.6 0.4202676150502109
3 9 1 8 -68.7652 0.4154391840750011
3 9 6 3 -82.9417 1.8626419592629413
3 9 0 3 -81.7 1.8306104706098087
3 9 4 1 -84.5438 1.045630193236076
3 9 4 7 -67.9943 0.31961585322723524
3 9 2 9 -64.88 0.6606851953374354
3 9 5 6 -76.0394 1.045630193236076
3 9 0 9 -74.08 0.4142809311761813
3 9 8 0 -87.54 0.4154391840750011
3 9 9 6 -83.71 1.4346625681183898
3 9 9 1 -87.3 1.4346625681183898
3 9 2 5 -75.8927 0.6606851953374354
3 9 0 2 -83.22 1.5204824599919968
3 9 7 4 -82.794 1.8306104706098087
3 9 5 3 -82.0619 0.31961585322723524
3 9 2 2 -82.9323 0.4518638216531902
3 9 6 7 -77.4821 1.8306104706098087
3 9 9 4 -85.14 0.4518638216531902
3 9 6 2 -84.2263 0.5181550542899774
3 9 8 9 -81.35 0.4202676150502109
4 0 1 8 -86.0488 0.4154391840750011
4 0 6 3 -78.2802 1.8626419592629413
4 0 0 3 -80.92 1.8306104706098087
4 0 4 1 -62.8892 1.045630193236076
4 0 4 7 -84.2405 0.31961585322723524
4 0 2 9 -86.73 0.6606851953374354
4 0 5 6 -82.974 1.045630193236076
4 0 0 9 -86.48 0.4142809311761813
4 0 8 0 -80.0 0.4154391840750011
4 0 9 6 -85.56 1.4346625681183898
4 0 9 1 -81.42 1.4346625681183898
4 0 2 5 -81.3803 0.6606851953374354
4 0 0 2 -78.9 1.5204824599919968
4 0 7 4 -81.5406 1.8306104706098087
4 0 5 3 -76.474 0.31961585322723524
4 0 2 2 -73.619 0.4518638216531902
4 0 6 7 -84.8125 1.8306104706098087
4 0 9 4 -84.34 0.4518638216531902
4 0 6 2 -76.1215 0.5181550542899774
4 0 8 9 -87.76 0.4202676150502109
4 1 1 8 -84.9862 0.4154391840750011
4 1 6 3 -76.3231 1.8626419592629413
4 1 0 3 -78.87 1.8306104706098087
4 1 4 1 -60.0056 1.045630193236076
4 1 4 7 -82.8756 0.31961585322723524
4 1 2 9 -85.79 0.6606851953374354
4 1 5 6 -81.4429 1.045630193236076
4 1 0 9 -87.11 0.4142809311761813
4 1 8 0 -80.02 0.4154391840750011
4 1 9 6 -84.33 1.4346625681183898
4 1 9 1 -81.33 1.4346625681183898
4 1 2 5 -79.5725 0.6606851953374354
4 1 0 2 -76.69 1.5204824599919968
4 1 7 4 -80.2501 1.8306104706098087
4 1 5 3 -73.4542 0.31961585322723524
4 1 2 2 -69.5685 0.4518638216531902
4 1 6 7 -83.6344 1.8306104706098087
4 1 9 4 -82.88 0.4518638216531902
4 1 6 2 -74.3736 0.5181550542899774
4 1 8 9 -86.88 0.4202676150502109
4 2 1 8 -83.9673 0.4154391840750011
4 2 6 3 -74.5429 1.8626419592629413
4 2 0 3 -76.67 1.8306104706098087
4 2 4 1 -61.8263 1.045630193236076
4 2 4 7 -81.2603 0.31961585322723524
4 2 2 9 -84.73 0.6606851953374354
4 2 5 6 -79.6144 1.045630193236076
4 2 0 9 -84.3 0.4142809311761813
4 2 8 0 -80.2 0.4154391840750011
4 2 9 6 -84.31 1.4346625681183898
4 2 9 1 -81.36 1.4346625681183898
4 2 2 5 -77.4017 0.6606851953374354
4 2 0 2 -76.48 1.5204824599919968
4 2 7 4 -79.0015 1.8306104706098087
4 2 5 3 -69.368 0.31961585322723524
4 2 2 2 -67.9766 0.4518638216531902
4 2 6 7 -82.314 1.8306104706098087
4 2 9 4 -82.88 0.4518638216531902
4 2 6 2 -73.4532 0.5181550542899774
4 2 8 9 -85.94 0.4202676150502109
4 3 1 8 -82.6208 0.4154391840750011
4 3 6 3 -73.5044 1.8626419592629413
4 3 0 3 -76.47 1.8306104706098087
4 3 4 1 -67.5273 1.045630193236076
4 3 4 7 -79.2739 0.31961585322723524
4 3 2 9 -83.53 0.6606851953374354
4 3 5 6 -77.3545 1.045630193236076
4 3 0 9 -83.02 0.4142809311761813
4 3 8 0 -80.61 0.4154391840750011
4 3 9 6 -83.12 1.4346625681183898
4 3 9 1 -81.5 1.4346625681183898
4 3 2 5 -74.7958 0.6606851953374354
4 3 0 2 -76.55 1.5204824599919968
4 3 7 4 -77.9658 1.8306104706098087
4 3 5 3 -65.9637 0.31961585322723524
4 3 2 2 -68.8623 0.4518638216531902
4 3 6 7 -80.8087 1.8306104706098087
4 3 9 4 -81.39 0.4518638216531902
4 3 6 2 -73.833 0.5181550542899774
4 3 8 9 -84.91 0.4202676150502109
4 4 1 8 -81.1723 0.4154391840750011
4 4 6 3 -73.7146 1.8626419592629413
4 4 0 3 -76.57 1.8306104706098087
4 4 4 1 -73.5521 1.045630193236076
4 4 4 7 -76.6903 0.31961585322723524
4 4 2 9 -82.12 0.6606851953374354
4 4 5 6 -74.5684 1.045630193236076
4 4 0 9 -83.02 0.4142809311761813
4 4 8 0 -82.05 0.4154391840750011
4 4 9 6 -82.84 1.4346625681183898
4 4 9 1 -83.08 1.4346625681183898
4 4 2 5 -71.6061 0.6606851953374354
4 4 0 2 -76.9 1.5204824599919968
4 4 7 4 -77.3499 1.8306104706098087
4 4 5 3 -66.8024 0.31961585322723524
4 4 2 2 -72.3227 0.4518638216531902
4 4 6 7 -79.1081 1.8306104706098087
4 4 9 4 -81.33 0.4518638216531902
4 4 6 2 -75.2792 0.5181550542899774
4 4 8 9 -83.76 0.4202676150502109
4 5 1 8 -79.6114 0.4154391840750011
4 5 6 3 -75.0786 1.8626419592629413
4 5 0 3 -78.74 1.8306104706098087
4 5 4 1 -77.0036 1.045630193236076
4 5 4 7 -73.059 0.31961585322723524
4 5 2 9 -80.42 0.6606851953374354
4 5 5 6 -70.8001 1.045630193236076
4 5 0 9 -80.95 0.4142809311761813
4 5 8 0 -83.53 0.4154391840750011
4 5 9 6 -81.52 1.4346625681183898
4 5 9 1 -83.1 1.4346625681183898
4 5 2 5 -68.3862 0.6606851953374354
4 5 0 2 -79.14 1.5204824599919968
4 5 7 4 -77.3814 1.8306104706098087
4 5 5 3 -70.8055 0.31961585322723524
4 5 2 2 -75.3312 0.4518638216531902
4 5 6 7 -77.2157 1.8306104706098087
4 5 9 4 -81.38 0.4518638216531902
4 5 6 2 -77.1993 0.5181550542899774
4 5 8 9 -83.38 0.4202676150502109
4 6 1 8 -77.91 0.4154391840750011
4 6 6 3 -76.9711 1.8626419592629413
4 6 0 3 -79.17 1.8306104706098087
4 6 4 1 -79.4948 1.045630193236076
4 6 4 7 -66.7851 0.31961585322723524
4 6 2 9 -78.29 0.6606851953374354
4 6 5 6 -66.7969 1.045630193236076
4 6 0 9 -76.09 0.4142809311761813
4 6 8 0 -83.93 0.4154391840750011
4 6 9 6 -81.37 1.4346625681183898
4 6 9 1 -84.58 1.4346625681183898
4 6 2 5 -68.1141 0.6606851953374354
4 6 0 2 -79.58 1.5204824599919968
4 6 7 4 -78.038 1.8306104706098087
4 6 5 3 -74.5303 0.31961585322723524
4 6 2 2 -77.8987 0.4518638216531902
4 6 6 7 -75.2805 1.8306104706098087
4 6 9 4 -81.55 0.4518638216531902
4 6 6 2 -79.0737 0.5181550542899774
4 6 8 9 -82.04 0.4202676150502109
4 7 1 8 -76.1607 0.4154391840750011
4 7 6 3 -78.8941 1.8626419592629413
4 7 0 3 -79.58 1.8306104706098087
4 7 4 1 -81.4399 1.045630193236076
4 7 4 7 -61.3818 0.31961585322723524
4 7 2 9 -72.21 0.6606851953374354
4 7 5 6 -66.0363 1.045630193236076
4 7 0 9 -79.09 0.4142809311761813
4 7 8 0 -84.92 0.4154391840750011
4 7 9 6 -81.33 1.4346625681183898
4 7 9 1 -84.61 1.4346625681183898
4 7 2 5 -71.12 0.6606851953374354
4 7 0 2 -82.75 1.5204824599919968
4 7 7 4 -79.1172 1.8306104706098087
4 7 5 3 -77.3229 0.31961585322723524
4 7 2 2 -79.9987 0.4518638216531902
4 7 6 7 -73.8287 1.8306104706098087
4 7 9 4 -82.88 0.4518638216531902
4 7 6 2 -80.7827 0.5181550542899774
4 7 8 9 -81.71 0.4202676150502109
4 8 1 8 -74.7586 0.4154391840750011
4 8 6 3 -80.6175 1.8626419592629413
4 8 0 3 -82.75 1.8306104706098087
4 8 4 1 -83.0325 1.045630193236076
4 8 4 7 -59.6006 0.31961585322723524
4 8 2 9 -74.59 0.6606851953374354
4 8 5 6 -69.2243 1.045630193236076
4 8 0 9 -78.7 0.4142809311761813
4 8 8 0 -85.98 0.4154391840750011
4 8 9 6 -81.41 1.4346625681183898
4 8 9 1 -85.69 1.4346625681183898
4 8 2 5 -74.4115 0.6606851953374354
4 8 0 2 -82.94 1.5204824599919968
4 8 7 4 -80.3817 1.8306104706098087
4 8 5 3 -79.6083 0.31961585322723524
4 8 2 2 -81.7449 0.4518638216531902
4 8 6 7 -73.4545 1.8306104706098087
4 8 9 4 -82.99 0.4518638216531902
4 8 6 2 -82.3003 0.5181550542899774
4 8 8 9 -80.18 0.4202676150502109
4 9 1 8 -74.3213 0.4154391840750011
4 9 6 3 -82.1446 1.8626419592629413
4 9 0 3 -82.75 1.8306104706098087
4 9 4 1 -84.378 1.045630193236076
4 9 4 7 -63.5891 0.31961585322723524
4 9 2 9 -70.65 0.6606851953374354
4 9 5 6 -73.5722 1.045630193236076
4 9 0 9 -76.53 0.4142809311761813
4 9 8 0 -86.96 0.4154391840750011
4 9 9 6 -81.6 1.4346625681183898
4 9 9 1 -86.73 1.4346625681183898
4 9 2 5 -77.1228 0.6606851953374354
4 9 0 2 -84.14 1.5204824599919968
4 9 7 4 -81.6646 1.8306104706098087
4 9 5 3 -81.446 0.31961585322723524
4 9 2 2 -83.2297 0.4518638216531902
4 9 6 7 -74.3775 1.8306104706098087
4 9 9 4 -84.48 0.4518638216531902
4 9 6 2 -83.6354 0.5181550542899774
4 9 8 9 -80.02 0.4202676150502109
5 0 1 8 -86.4314 0.4154391840750011
5 0 6 3 -76.6409 1.8626419592629413
5 0 0 3 -81.92 1.8306104706098087
5 0 4 1 -63.5209 1.045630193236076
5 0 4 7 -84.2504 0.31961585322723524
5 0 2 9 -86.67 0.6606851953374354
5 0 5 6 -82.721 1.045630193236076
5 0 0 9 -87.14 0.4142809311761813
5 0 8 0 -78.42 0.4154391840750011
5 0 9 6 -84.88 1.4346625681183898
5 0 9 1 -80.11 1.4346625681183898
5 0 2 5 -82.0826 0.6606851953374354
5 0 0 2 -80.35 1.5204824599919968
5 0 7 4 -80.3749 1.8306104706098087
5 0 5 3 -75.3469 0.31961585322723524
5 0 2 2 -76.4143 0.4518638216531902
5 0 6 7 -84.4621 1.8306104706098087
5 0 9 4 -82.2 0.4518638216531902
5 0 6 2 -73.5092 0.5181550542899774
5 0 8 9 -87.2 0.4202676150502109
5 1 1 8 -85.5468 0.4154391840750011
5 1 6 3 -73.8418 1.8626419592629413
5 1 0 3 -80.33 1.8306104706098087
5 1 4 1 -60.174899999999994 1.045630193236076
5 1 4 7 -82.8938 0.31961585322723524
5 1 2 9 -85.71 0.6606851953374354
5 1 5 6 -81.0799 1.045630193236076
5 1 0 9 -83.93 0.4142809311761813
5 1 8 0 -78.45 0.4154391840750011
5 1 9 6 -83.85 1.4346625681183898
5 1 9 1 -79.99 1.4346625681183898
5 1 2 5 -80.57 0.6606851953374354
5 1 0 2 -80.1 1.5204824599919968
5 1 7 4 -78.6811 1.8306104706098087
5 1 5 3 -70.7771 0.31961585322723524
5 1 2 2 -74.7986 0.4518638216531902
5 1 6 7 -83.178 1.8306104706098087
5 1 9 4 -82.02 0.4518638216531902
5 1 6 2 -69.6328 0.5181550542899774
5 1 8 9 -86.3 0.4202676150502109
5 2 1 8 -84.4917 0.4154391840750011
5 2 6 3 -70.0619 1.8626419592629413
5 2 0 3 -80.09 1.8306104706098087
5 2 4 1 -62.3292 1.045630193236076
5 2 4 7 -81.2767 0.31961585322723524
5 2 2 9 -84.63 0.6606851953374354
5 2 5 6 -79.0525 1.045630193236076
5 2 0 9 -85.3 0.4142809311761813
5 2 8 0 -78.68 0.4154391840750011
5 2 9 6 -83.59 1.4346625681183898
5 2 9 1 -80.03 1.4346625681183898
5 2 2 5 -78.8449 0.6606851953374354
5 2 0 2 -79.99 1.5204824599919968
5 2 7 4 -76.821 1.8306104706098087
5 2 5 3 -64.4131 0.31961585322723524
5 2 2 2 -73.9132 0.4518638216531902
5 2 6 7 -81.6868 1.8306104706098087
5 2 9 4 -80.3 0.4518638216531902
5 2 6 2 -66.8726 0.5181550542899774
5 2 8 9 -85.3 0.4202676150502109
5 3 1 8 -83.4825 0.4154391840750011
5 3 6 3 -67.022 1.8626419592629413
5 3 0 3 -79.99 1.8306104706098087
5 3 4 1 -67.791 1.045630193236076
5 3 4 7 -79.3051 0.31961585322723524
5 3 2 9 -83.39 0.6606851953374354
5 3 5 6 -76.4192 1.045630193236076
5 3 0 9 -82.95 0.4142809311761813
5 3 8 0 -79.08 0.4154391840750011
5 3 9 6 -82.02 1.4346625681183898
5 3 9 1 -80.22 1.4346625681183898
5 3 2 5 -77.0745 0.6606851953374354
5 3 0 2 -80.03 1.5204824599919968
5 3 7 4 -75.0865 1.8306104706098087
5 3 5 3 -60.098600000000005 0.31961585322723524
5 3 2 2 -74.2578 0.4518638216531902
5 3 6 7 -79.9178 1.8306104706098087
5 3 9 4 -80.07 0.4518638216531902
5 3 6 2 -67.945 0.5181550542899774
5 3 8 9 -84.29 0.4202676150502109
5 4 1 8 -82.2224 0.4154391840750011
5 4 6 3 -67.6613 1.8626419592629413
5 4 0 3 -80.04 1.8306104706098087
5 4 4 1 -73.6847 1.045630193236076
5 4 4 7 -76.739 0.31961585322723524
5 4 2 9 -81.96 0.6606851953374354
5 4 5 6 -72.6714 1.045630193236076
5 4 0 9 -83.76 0.4142809311761813
5 4 8 0 -80.91 0.4154391840750011
5 4 9 6 -80.57 1.4346625681183898
5 4 9 1 -80.53 1.4346625681183898
5 4 2 5 -75.2813 0.6606851953374354
5 4 0 2 -80.22 1.5204824599919968
5 4 7 4 -73.9984 1.8306104706098087
5 4 5 3 -61.1657 0.31961585322723524
5 4 2 2 -75.6237 0.4518638216531902
5 4 6 7 -77.7522 1.8306104706098087
5 4 9 4 -79.99 0.4518638216531902
5 4 6 2 -71.8177 0.5181550542899774
5 4 8 9 -82.95 0.4202676150502109
5 5 1 8 -80.9755 0.4154391840750011
5 5 6 3 -71.3573 1.8626419592629413
5 5 0 3 -80.24 1.8306104706098087
5 5 4 1 -77.0455 1.045630193236076
5 5 4 7 -73.2277 0.31961585322723524
5 5 2 9 -80.26 0.6606851953374354
5 5 5 6 -66.3307 1.045630193236076
5 5 0 9 -82.45 0.4142809311761813
5 5 8 0 -81.44 0.4154391840750011
5 5 9 6 -80.24 1.4346625681183898
5 5 9 1 -82.16 1.4346625681183898
5 5 2 5 -74.0731 0.6606851953374354
5 5 0 2 -80.54 1.5204824599919968
5 5 7 4 -74.0501 1.8306104706098087
5 5 5 3 -66.3483 0.31961585322723524
5 5 2 2 -77.4435 0.4518638216531902
5 5 6 7 -75.1086 1.8306104706098087
5 5 9 4 -80.06 0.4518638216531902
5 5 6 2 -75.1127 0.5181550542899774
5 5 8 9 -82.44 0.4202676150502109
5 6 1 8 -79.739 0.4154391840750011
5 6 6 3 -74.7872 1.8626419592629413
5 6 0 3 -80.57 1.8306104706098087
5 6 4 1 -79.5342 1.045630193236076
5 6 4 7 -67.0509 0.31961585322723524
5 6 2 9 -79.63 0.6606851953374354
5 6 5 6 -61.2114 1.045630193236076
5 6 0 9 -82.05 0.4142809311761813
5 6 8 0 -83.03 0.4154391840750011
5 6 9 6 -80.04 1.4346625681183898
5 6 9 1 -82.48 1.4346625681183898
5 6 2 5 -73.9965 0.6606851953374354
5 6 0 2 -82.1 1.5204824599919968
5 6 7 4 -75.2425 1.8306104706098087
5 6 5 3 -72.6721 0.31961585322723524
5 6 2 2 -79.2537 0.4518638216531902
5 6 6 7 -71.8415 1.8306104706098087
5 6 9 4 -80.27 0.4518638216531902
5 6 6 2 -77.7398 0.5181550542899774
5 6 8 9 -80.9 0.4202676150502109
5 7 1 8 -78.635 0.4154391840750011
5 7 6 3 -77.4809 1.8626419592629413
5 7 0 3 -82.12 1.8306104706098087
5 7 4 1 -81.4659 1.045630193236076
5 7 4 7 -61.76819999999999 0.31961585322723524
5 7 2 9 -77.43 0.6606851953374354
5 7 5 6 -60.2619 1.045630193236076
5 7 0 9 -80.5 0.4142809311761813
5 7 8 0 -84.16 0.4154391840750011
5 7 9 6 -79.99 1.4346625681183898
5 7 9 1 -83.79 1.4346625681183898
5 7 2 5 -75.0818 0.6606851953374354
5 7 0 2 -83.62 1.5204824599919968
5 7 7 4 -77.0193 1.8306104706098087
5 7 5 3 -76.4264 0.31961585322723524
5 7 2 2 -80.9 0.4518638216531902
5 7 6 7 -68.0924 1.8306104706098087
5 7 9 4 -80.61 0.4518638216531902
5 7 6 2 -79.9142 0.5181550542899774
5 7 8 9 -79.08 0.4202676150502109
5 8 1 8 -77.8528 0.4154391840750011
5 8 6 3 -79.6979 1.8626419592629413
5 8 0 3 -83.62 1.8306104706098087
5 8 4 1 -83.046 1.045630193236076
5 8 4 7 -60.3189 0.31961585322723524
5 8 2 9 -74.59 0.6606851953374354
5 8 5 6 -64.4258 1.045630193236076
5 8 0 9 -80.19 0.4142809311761813
5 8 8 0 -85.28 0.4154391840750011
5 8 9 6 -80.12 1.4346625681183898
5 8 9 1 -85.0 1.4346625681183898
5 8 2 5 -76.808 0.6606851953374354
5 8 0 2 -83.82 1.5204824599919968
5 8 7 4 -78.8543 1.8306104706098087
5 8 5 3 -79.062 0.31961585322723524
5 8 2 2 -82.3854 0.4518638216531902
5 8 6 7 -66.8802 1.8306104706098087
5 8 9 4 -82.16 0.4518638216531902
5 8 6 2 -81.6854 0.5181550542899774
5 8 8 9 -78.68 0.4202676150502109
5 9 1 8 -77.6079 0.4154391840750011
5 9 6 3 -81.5026 1.8626419592629413
5 9 0 3 -83.84 1.8306104706098087
5 9 4 1 -84.388 1.045630193236076
5 9 4 7 -63.786100000000005 0.31961585322723524
5 9 2 9 -74.07 0.6606851953374354
5 9 5 6 -70.775 1.045630193236076
5 9 0 9 -80.02 0.4142809311761813
5 9 8 0 -86.31 0.4154391840750011
5 9 9 6 -80.33 1.4346625681183898
5 9 9 1 -86.09 1.4346625681183898
5 9 2 5 -78.6611 0.6606851953374354
5 9 0 2 -84.93 1.5204824599919968
5 9 7 4 -80.5457 1.8306104706098087
5 9 5 3 -81.0821 0.31961585322723524
5 9 2 2 -83.6952 0.4518638216531902
5 9 6 7 -69.5265 1.8306104706098087
5 9 9 4 -82.19 0.4518638216531902
5 9 6 2 -83.1739 0.5181550542899774
5 9 8 9 -78.45 0.4202676150502109
6 0 1 8 -86.806 0.4154391840750011
6 0 6 3 -75.442 1.8626419592629413
6 0 0 3 -82.92 1.8306104706098087
6 0 4 1 -67.9171 1.045630193236076
6 0 4 7 -84.4306 0.31961585322723524
6 0 2 9 -87.24 0.6606851953374354
6 0 5 6 -82.7069 1.045630193236076
6 0 0 9 -84.07 0.4142809311761813
6 0 8 0 -74.02 0.4154391840750011
6 0 9 6 -84.12 1.4346625681183898
6 0 9 1 -76.72 1.4346625681183898
6 0 2 5 -82.9218 0.6606851953374354
6 0 0 2 -82.77 1.5204824599919968
6 0 7 4 -79.3477 1.8306104706098087
6 0 5 3 -75.3238 0.31961585322723524
6 0 2 2 -78.7379 0.4518638216531902
6 0 6 7 -84.2649 1.8306104706098087
6 0 9 4 -81.03 0.4518638216531902
6 0 6 2 -70.3273 0.5181550542899774
6 0 8 9 -86.65 0.4202676150502109
6 1 1 8 -86.0419 0.4154391840750011
6 1 6 3 -71.0494 1.8626419592629413
6 1 0 3 -81.59 1.8306104706098087
6 1 4 1 -65.9948 1.045630193236076
6 1 4 7 -83.1373 0.31961585322723524
6 1 2 9 -86.3 0.6606851953374354
6 1 5 6 -81.063 1.045630193236076
6 1 0 9 -86.58 0.4142809311761813
6 1 8 0 -74.06 0.4154391840750011
6 1 9 6 -82.72 1.4346625681183898
6 1 9 1 -76.48 1.4346625681183898
6 1 2 5 -81.6726 0.6606851953374354
6 1 0 2 -81.41 1.5204824599919968
6 1 7 4 -77.0995 1.8306104706098087
6 1 5 3 -70.5068 0.31961585322723524
6 1 2 2 -77.7583 0.4518638216531902
6 1 6 7 -82.9108 1.8306104706098087
6 1 9 4 -81.03 0.4518638216531902
6 1 6 2 -64.0047 0.5181550542899774
6 1 8 9 -85.71 0.4202676150502109
6 2 1 8 -85.9784 0.4154391840750011
6 2 6 3 -64.7491 1.8626419592629413
6 2 0 3 -81.4 1.8306104706098087
6 2 4 1 -67.3858 1.045630193236076
6 2 4 7 -81.628 0.31961585322723524
6 2 2 9 -85.29 0.6606851953374354
6 2 5 6 -79.0216 1.045630193236076
6 2 0 9 -81.58 0.4142809311761813
6 2 8 0 -74.78 0.4154391840750011
6 2 9 6 -81.38 1.4346625681183898
6 2 9 1 -76.55 1.4346625681183898
6 2 2 5 -80.4046 0.6606851953374354
6 2 0 2 -81.33 1.5204824599919968
6 2 7 4 -74.4367 1.8306104706098087
6 2 5 3 -64.1766 0.31961585322723524
6 2 2 2 -77.307 0.4518638216531902
6 2 6 7 -81.2997 1.8306104706098087
6 2 9 4 -78.83 0.4518638216531902
6 2 6 2 -60.4162 0.5181550542899774
6 2 8 9 -84.63 0.4202676150502109
6 3 1 8 -84.2177 0.4154391840750011
6 3 6 3 -60.421499999999995 1.8626419592629413
6 3 0 3 -81.33 1.8306104706098087
6 3 4 1 -71.7317 1.045630193236076
6 3 4 7 -79.8398 0.31961585322723524
6 3 2 9 -83.07 0.6606851953374354
6 3 5 6 -76.3649 1.045630193236076
6 3 0 9 -85.62 0.4142809311761813
6 3 8 0 -77.4 0.4154391840750011
6 3 9 6 -81.01 1.4346625681183898
6 3 9 1 -79.08 1.4346625681183898
6 3 2 5 -79.1362 0.6606851953374354
6 3 0 2 -81.36 1.5204824599919968
6 3 7 4 -71.1718 1.8306104706098087
6 3 5 3 -59.738699999999994 0.31961585322723524
6 3 2 2 -77.4921 0.4518638216531902
6 3 6 7 -79.3374 1.8306104706098087
6 3 9 4 -78.81 0.4518638216531902
6 3 6 2 -62.094899999999996 0.5181550542899774
6 3 8 9 -83.4 0.4202676150502109
6 4 1 8 -83.2561 0.4154391840750011
6 4 6 3 -61.624300000000005 1.8626419592629413
6 4 0 3 -81.37 1.8306104706098087
6 4 4 1 -75.2471 1.045630193236076
6 4 4 7 -77.6404 0.31961585322723524
6 4 2 9 -82.71 0.6606851953374354
6 4 5 6 -72.516 1.045630193236076
6 4 0 9 -84.57 0.4142809311761813
6 4 8 0 -79.71 0.4154391840750011
6 4 9 6 -79.19 1.4346625681183898
6 4 9 1 -79.11 1.4346625681183898
6 4 2 5 -78.059 0.6606851953374354
6 4 0 2 -81.51 1.5204824599919968
6 4 7 4 -68.1893 1.8306104706098087
6 4 5 3 -60.9436 0.31961585322723524
6 4 2 2 -78.2703 0.4518638216531902
6 4 6 7 -76.8028 1.8306104706098087
6 4 9 4 -76.47 0.4518638216531902
6 4 6 2 -67.3807 0.5181550542899774
6 4 8 9 -81.96 0.4202676150502109
6 5 1 8 -82.2913 0.4154391840750011
6 5 6 3 -66.6812 1.8626419592629413
6 5 0 3 -81.53 1.8306104706098087
6 5 4 1 -77.8955 1.045630193236076
6 5 4 7 -74.9835 0.31961585322723524
6 5 2 9 -82.44 0.6606851953374354
6 5 5 6 -66.1388 1.045630193236076
6 5 0 9 -84.26 0.4142809311761813
6 5 8 0 -80.19 0.4154391840750011
6 5 9 6 -78.75 1.4346625681183898
6 5 9 1 -81.16 1.4346625681183898
6 5 2 5 -77.3865 0.6606851953374354
6 5 0 2 -82.84 1.5204824599919968
6 5 7 4 -68.366 1.8306104706098087
6 5 5 3 -66.0838 0.31961585322723524
6 5 2 2 -79.4014 0.4518638216531902
6 5 6 7 -73.312 1.8306104706098087
6 5 9 4 -76.59 0.4518638216531902
6 5 6 2 -73.3174 0.5181550542899774
6 5 8 9 -81.53 0.4202676150502109
6 6 1 8 -81.3881 0.4154391840750011
6 6 6 3 -72.815 1.8626419592629413
6 6 0 3 -82.85 1.8306104706098087
6 6 4 1 -80.0456 1.045630193236076
6 6 4 7 -71.0747 0.31961585322723524
6 6 2 9 -81.01 0.6606851953374354
6 6 5 6 -60.903000000000006 1.045630193236076
6 6 0 9 -83.06 0.4142809311761813
6 6 8 0 -81.96 0.4154391840750011
6 6 9 6 -76.58 1.4346625681183898
6 6 9 1 -81.42 1.4346625681183898
6 6 2 5 -77.3499 0.6606851953374354
6 6 0 2 -83.11 1.5204824599919968
6 6 7 4 -71.4653 1.8306104706098087
6 6 5 3 -72.5286 0.31961585322723524
6 6 2 2 -80.6766 0.4518638216531902
6 6 6 7 -67.4228 1.8306104706098087
6 6 9 4 -78.78 0.4518638216531902
6 6 6 2 -76.8112 0.5181550542899774
6 6 8 9 -79.79 0.4202676150502109
6 7 1 8 -80.6231 0.4154391840750011
6 7 6 3 -76.4823 1.8626419592629413
6 7 0 3 -83.13 1.8306104706098087
6 7 4 1 -81.8054 1.045630193236076
6 7 4 7 -67.1244 0.31961585322723524
6 7 2 9 -79.09 0.6606851953374354
6 7 5 6 -59.7804 1.045630193236076
6 7 0 9 -82.8 0.4142809311761813
6 7 8 0 -83.41 0.4154391840750011
6 7 9 6 -76.47 1.4346625681183898
6 7 9 1 -82.91 1.4346625681183898
6 7 2 5 -77.9595 0.6606851953374354
6 7 0 2 -83.42 1.5204824599919968
6 7 7 4 -74.7826 1.8306104706098087
6 7 5 3 -76.3799 0.31961585322723524
6 7 2 2 -81.9527 0.4518638216531902
6 7 6 7 -62.0343 1.8306104706098087
6 7 9 4 -79.22 0.4518638216531902
6 7 6 2 -79.3437 0.5181550542899774
6 7 8 9 -77.42 0.4202676150502109
6 8 1 8 -80.1198 0.4154391840750011
6 8 6 3 -79.0939 1.8626419592629413
6 8 0 3 -83.42 1.8306104706098087
6 8 4 1 -83.2927 1.045630193236076
6 8 4 7 -65.8839 0.31961585322723524
6 8 2 9 -78.68 0.6606851953374354
6 8 5 6 -64.2713 1.045630193236076
6 8 0 9 -81.48 0.4142809311761813
6 8 8 0 -84.64 0.4154391840750011
6 8 9 6 -76.66 1.4346625681183898
6 8 9 1 -84.2 1.4346625681183898
6 8 2 5 -78.9931 0.6606851953374354
6 8 0 2 -84.62 1.5204824599919968
6 8 7 4 -77.3549 1.8306104706098087
6 8 5 3 -79.0263 0.31961585322723524
6 8 2 2 -83.1721 0.4518638216531902
6 8 6 7 -60.24079999999999 1.8306104706098087
6 8 9 4 -81.04 0.4518638216531902
6 8 6 2 -81.305 0.5181550542899774
6 8 8 9 -76.86 0.4202676150502109
6 9 1 8 -79.9604 0.4154391840750011
6 9 6 3 -81.1083 1.8626419592629413
6 9 0 3 -84.65 1.8306104706098087
6 9 4 1 -84.5726 1.045630193236076
6 9 4 7 -68.8325 0.31961585322723524
6 9 2 9 -76.53 0.6606851953374354
6 9 5 6 -70.558 1.045630193236076
6 9 0 9 -81.35 0.4142809311761813
6 9 8 0 -85.72 0.4154391840750011
6 9 9 6 -78.99 1.4346625681183898
6 9 9 1 -85.37 1.4346625681183898
6 9 2 5 -80.2387 0.6606851953374354
6 9 0 2 -85.61 1.5204824599919968
6 9 7 4 -79.562 1.8306104706098087
6 9 5 3 -81.0667 0.31961585322723524
6 9 2 2 -84.294 0.4518638216531902
6 9 6 7 -64.0009 1.8306104706098087
6 9 9 4 -81.16 0.4518638216531902
6 9 6 2 -82.9112 0.5181550542899774
6 9 8 9 -74.07 0.4202676150502109
7 0 1 8 -87.3708 0.4154391840750011
7 0 6 3 -75.2353 1.8626419592629413
7 0 0 3 -83.86 1.8306104706098087
7 0 4 1 -73.8747 1.045630193236076
7 0 4 7 -84.7663 0.31961585322723524
7 0 2 9 -87.16 0.6606851953374354
7 0 5 6 -82.9411 1.045630193236076
7 0 0 9 -88.02 0.4142809311761813
7 0 8 0 -70.53 0.4154391840750011
7 0 9 6 -83.22 1.4346625681183898
7 0 9 1 -74.37 1.4346625681183898
7 0 2 5 -83.8004 0.6606851953374354
7 0 0 2 -83.69 1.5204824599919968
7 0 7 4 -78.6216 1.8306104706098087
7 0 5 3 -76.3102 0.31961585322723524
7 0 2 2 -80.6555 0.4518638216531902
7 0 6 7 -84.2303 1.8306104706098087
7 0 9 4 -79.89 0.4518638216531902
7 0 6 2 -69.681 0.5181550542899774
7 0 8 9 -86.7 0.4202676150502109
7 1 1 8 -86.6207 0.4154391840750011
7 1 6 3 -70.401 1.8626419592629413
7 1 0 3 -83.68 1.8306104706098087
7 1 4 1 -73.0187 1.045630193236076
7 1 4 7 -83.5773 0.31961585322723524
7 1 2 9 -86.23 0.6606851953374354
7 1 5 6 -81.3945 1.045630193236076
7 1 0 9 -87.41 0.4142809311761813
7 1 8 0 -70.61 0.4154391840750011
7 1 9 6 -81.7 1.4346625681183898
7 1 9 1 -74.0 1.4346625681183898
7 1 2 5 -82.8162 0.6606851953374354
7 1 0 2 -83.56 1.5204824599919968
7 1 7 4 -75.891 1.8306104706098087
7 1 5 3 -72.9827 0.31961585322723524
7 1 2 2 -80.0262 0.4518638216531902
7 1 6 7 -82.8662 1.8306104706098087
7 1 9 4 -77.72 0.4518638216531902
7 1 6 2 -63.30629999999999 0.5181550542899774
7 1 8 9 -85.75 0.4202676150502109
7 2 1 8 -86.1144 0.4154391840750011
7 2 6 3 -63.92829999999999 1.8626419592629413
7 2 0 3 -83.56 1.8306104706098087
7 2 4 1 -73.5686 1.045630193236076
7 2 4 7 -82.2247 0.31961585322723524
7 2 2 9 -85.17 0.6606851953374354
7 2 5 6 -79.5344 1.045630193236076
7 2 0 9 -80.72 0.4142809311761813
7 2 8 0 -71.41 0.4154391840750011
7 2 9 6 -79.83 1.4346625681183898
7 2 9 1 -74.09 1.4346625681183898
7 2 2 5 -81.8348 0.6606851953374354
7 2 0 2 -83.51 1.5204824599919968
7 2 7 4 -71.8882 1.8306104706098087
7 2 5 3 -68.8054 0.31961585322723524
7 2 2 2 -79.7343 0.4518638216531902
7 2 6 7 -81.243 1.8306104706098087
7 2 9 4 -77.4 0.4518638216531902
7 2 6 2 -59.1392 0.5181550542899774
7 2 8 9 -84.68 0.4202676150502109
7 3 1 8 -85.0679 0.4154391840750011
7 3 6 3 -59.758399999999995 1.8626419592629413
7 3 0 3 -82.49 1.8306104706098087
7 3 4 1 -75.1672 1.045630193236076
7 3 4 7 -80.6969 0.31961585322723524
7 3 2 9 -85.7 0.6606851953374354
7 3 5 6 -77.2031 1.045630193236076
7 3 0 9 -86.27 0.4142809311761813
7 3 8 0 -75.32 0.4154391840750011
7 3 9 6 -79.75 1.4346625681183898
7 3 9 1 -74.6 1.4346625681183898
7 3 2 5 -80.9261 0.6606851953374354
7 3 0 2 -83.53 1.5204824599919968
7 3 7 4 -65.6913 1.8306104706098087
7 3 5 3 -65.063 0.31961585322723524
7 3 2 2 -79.8452 0.4518638216531902
7 3 6 7 -79.2476 1.8306104706098087
7 3 9 4 -74.25 0.4518638216531902
7 3 6 2 -61.213899999999995 0.5181550542899774
7 3 8 9 -83.46 0.4202676150502109
7 4 1 8 -84.273 0.4154391840750011
7 4 6 3 -60.889300000000006 1.8626419592629413
7 4 0 3 -83.54 1.8306104706098087
7 4 4 1 -77.1983 1.045630193236076
7 4 4 7 -78.9614 0.31961585322723524
7 4 2 9 -83.76 0.6606851953374354
7 4 5 6 -74.0491 1.045630193236076
7 4 0 9 -85.35 0.4142809311761813
7 4 8 0 -78.18 0.4154391840750011
7 4 9 6 -77.4 1.4346625681183898
7 4 9 1 -77.54 1.4346625681183898
7 4 2 5 -80.2071 0.6606851953374354
7 4 0 2 -83.63 1.5204824599919968
7 4 7 4 -61.3275 1.8306104706098087
7 4 5 3 -65.8336 0.31961585322723524
7 4 2 2 -80.3383 0.4518638216531902
7 4 6 7 -76.6476 1.8306104706098087
7 4 9 4 -73.97 0.4518638216531902
7 4 6 2 -66.6143 0.5181550542899774
7 4 8 9 -82.03 0.4202676150502109
7 5 1 8 -83.5113 0.4154391840750011
7 5 6 3 -65.8879 1.8626419592629413
7 5 0 3 -83.64 1.8306104706098087
7 5 4 1 -79.142 1.045630193236076
7 5 4 7 -77.0647 0.31961585322723524
7 5 2 9 -83.39 0.6606851953374354
7 5 5 6 -69.7569 1.045630193236076
7 5 0 9 -85.04 0.4142809311761813
7 5 8 0 -80.35 0.4154391840750011
7 5 9 6 -74.74 1.4346625681183898
7 5 9 1 -79.94 1.4346625681183898
7 5 2 5 -79.7904 0.6606851953374354
7 5 0 2 -83.8 1.5204824599919968
7 5 7 4 -61.6301 1.8306104706098087
7 5 5 3 -70.2872 0.31961585322723524
7 5 2 2 -81.1089 0.4518638216531902
7 5 6 7 -73.0091 1.8306104706098087
7 5 9 4 -74.15 0.4518638216531902
7 5 6 2 -73.0116 0.5181550542899774
7 5 8 9 -80.29 0.4202676150502109
7 6 1 8 -82.8276 0.4154391840750011
7 6 6 3 -72.4343 1.8626419592629413
7 6 0 3 -83.81 1.8306104706098087
7 6 4 1 -80.8706 1.045630193236076
7 6 4 7 -75.0074 0.31961585322723524
7 6 2 9 -82.05 0.6606851953374354
7 6 5 6 -66.0129 1.045630193236076
7 6 0 9 -83.98 0.4142809311761813
7 6 8 0 -82.07 0.4154391840750011
7 6 9 6 -74.15 1.4346625681183898
7 6 9 1 -81.78 1.4346625681183898
7 6 2 5 -79.7658 0.6606851953374354
7 6 0 2 -84.02 1.5204824599919968
7 6 7 4 -66.3217 1.8306104706098087
7 6 5 3 -74.3137 0.31961585322723524
7 6 2 2 -82.0421 0.4518638216531902
7 6 6 7 -66.6068 1.8306104706098087
7 6 9 4 -74.74 0.4518638216531902
7 6 6 2 -76.6561 0.5181550542899774
7 6 8 9 -78.15 0.4202676150502109
7 7 1 8 -82.2805 0.4154391840750011
7 7 6 3 -76.331 1.8626419592629413
7 7 0 3 -84.04 1.8306104706098087
7 7 4 1 -82.3843 1.045630193236076
7 7 4 7 -73.375 0.31961585322723524
7 7 2 9 -80.5 0.6606851953374354
7 7 5 6 -65.1545 1.045630193236076
7 7 0 9 -83.76 0.4142809311761813
7 7 8 0 -83.49 0.4154391840750011
7 7 9 6 -73.97 1.4346625681183898
7 7 9 1 -83.27 1.4346625681183898
7 7 2 5 -80.1357 0.6606851953374354
7 7 0 2 -85.09 1.5204824599919968
7 7 7 4 -72.4711 1.8306104706098087
7 7 5 3 -77.2043 0.31961585322723524
7 7 2 2 -83.0258 0.4518638216531902
7 7 6 7 -61.174899999999994 1.8306104706098087
7 7 9 4 -77.58 0.4518638216531902
7 7 6 2 -79.2547 0.5181550542899774
7 7 8 9 -75.4 0.4202676150502109
7 8 1 8 -81.9231 0.4154391840750011
7 8 6 3 -79.0091 1.8626419592629413
7 8 0 3 -85.11 1.8306104706098087
7 8 4 1 -83.7119 1.045630193236076
7 8 4 7 -73.0336 0.31961585322723524
7 8 2 9 -80.19 0.6606851953374354
7 8 5 6 -68.5303 1.045630193236076
7 8 0 9 -83.6 0.4142809311761813
7 8 8 0 -84.71 0.4154391840750011
7 8 9 6 -74.26 1.4346625681183898
7 8 9 1 -83.27 1.4346625681183898
7 8 2 5 -80.864 0.6606851953374354
7 8 0 2 -86.22 1.5204824599919968
7 8 7 4 -76.2383 1.8306104706098087
7 8 5 3 -79.5369 0.31961585322723524
7 8 2 2 -84.0284 0.4518638216531902
7 8 6 7 -59.4333 1.8306104706098087
7 8 9 4 -79.94 0.4518638216531902
7 8 6 2 -81.249 0.5181550542899774
7 8 8 9 -71.5 0.4202676150502109
7 9 1 8 -81.8184 0.4154391840750011
7 9 6 3 -81.0481 1.8626419592629413
7 9 0 3 -85.39 1.8306104706098087
7 9 4 1 -84.8901 1.045630193236076
7 9 4 7 -74.0139 0.31961585322723524
7 9 2 9 -80.02 0.6606851953374354
7 9 5 6 -73.1662 1.045630193236076
7 9 0 9 -83.52 0.4142809311761813
7 9 8 0 -85.77 0.4154391840750011
7 9 9 6 -74.92 1.4346625681183898
7 9 9 1 -84.54 1.4346625681183898
7 9 2 5 -81.7192 0.6606851953374354
7 9 0 2 -86.33 1.5204824599919968
7 9 7 4 -78.891 1.8306104706098087
7 9 5 3 -81.391 0.31961585322723524
7 9 2 2 -84.9708 0.4518638216531902
7 9 6 7 -63.426100000000005 1.8306104706098087
7 9 9 4 -79.94 0.4518638216531902
7 9 6 2 -82.8744 0.5181550542899774
7 9 8 9 -70.65 0.4202676150502109
8 0 1 8 -87.5704 0.4154391840750011
8 0 6 3 -76.1576 1.8626419592629413
8 0 0 3 -85.53 1.8306104706098087
8 0 4 1 -77.1082 1.045630193236076
8 0 4 7 -85.2204 0.31961585322723524
8 0 2 9 -87.71 0.6606851953374354
8 0 5 6 -83.3834 1.045630193236076
8 0 0 9 -88.73 0.4142809311761813
8 0 8 0 -64.6 0.4154391840750011
8 0 9 6 -83.54 1.4346625681183898
8 0 9 1 -71.1 1.4346625681183898
8 0 2 5 -84.5351 0.6606851953374354
8 0 0 2 -84.57 1.5204824599919968
8 0 7 4 -78.4454 1.8306104706098087
8 0 5 3 -77.9045 0.31961585322723524
8 0 2 2 -82.2901 0.4518638216531902
8 0 6 7 -84.3781 1.8306104706098087
8 0 9 4 -78.32 0.4518638216531902
8 0 6 2 -72.3588 0.5181550542899774
8 0 8 9 -85.93 0.4202676150502109
8 1 1 8 -87.2587 0.4154391840750011
8 1 6 3 -72.8116 1.8626419592629413
8 1 0 3 -84.56 1.8306104706098087
8 1 4 1 -76.6534 1.045630193236076
8 1 4 7 -84.1564 0.31961585322723524
8 1 2 9 -87.42 0.6606851953374354
8 1 5 6 -81.9941 1.045630193236076
8 1 0 9 -76.14 0.4142809311761813
8 1 8 0 -64.76 0.4154391840750011
8 1 9 6 -82.13 1.4346625681183898
8 1 9 1 -64.57 1.4346625681183898
8 1 2 5 -83.8982 0.6606851953374354
8 1 0 2 -84.47 1.5204824599919968
8 1 7 4 -75.5824 1.8306104706098087
8 1 5 3 -75.818 0.31961585322723524
8 1 2 2 -81.8312 0.4518638216531902
8 1 6 7 -83.065 1.8306104706098087
8 1 9 4 -78.32 0.4518638216531902
8 1 6 2 -67.7643 0.5181550542899774
8 1 8 9 -84.9 0.4202676150502109
8 2 1 8 -86.5585 0.4154391840750011
8 2 6 3 -68.2772 1.8626419592629413
8 2 0 3 -84.46 1.8306104706098087
8 2 4 1 -76.9331 1.045630193236076
8 2 4 7 -82.9962 0.31961585322723524
8 2 2 9 -86.61 0.6606851953374354
8 2 5 6 -80.4013 1.045630193236076
8 2 0 9 -87.69 0.4142809311761813
8 2 8 0 -66.3 0.4154391840750011
8 2 9 6 -80.44 1.4346625681183898
8 2 9 1 -71.4 1.4346625681183898
8 2 2 5 -83.1325 0.6606851953374354
8 2 0 2 -84.43 1.5204824599919968
8 2 7 4 -71.0242 1.8306104706098087
8 2 5 3 -73.7455 0.31961585322723524
8 2 2 2 -81.6389 0.4518638216531902
8 2 6 7 -81.5239 1.8306104706098087
8 2 9 4 -75.36 0.4518638216531902
8 2 6 2 -64.0441 0.5181550542899774
8 2 8 9 -83.74 0.4202676150502109
8 3 1 8 -85.8902 0.4154391840750011
8 3 6 3 -64.3508 1.8626419592629413
8 3 0 3 -84.42 1.8306104706098087
8 3 4 1 -77.8702 1.045630193236076
8 3 4 7 -81.7275 0.31961585322723524
8 3 2 9 -85.62 0.6606851953374354
8 3 5 6 -78.5698 1.045630193236076
8 3 0 9 -86.89 0.4142809311761813
8 3 8 0 -72.8 0.4154391840750011
8 3 9 6 -78.32 1.4346625681183898
8 3 9 1 -71.48 1.4346625681183898
8 3 2 5 -82.4697 0.6606851953374354
8 3 0 2 -84.45 1.5204824599919968
8 3 7 4 -64.4067 1.8306104706098087
8 3 5 3 -72.57 0.31961585322723524
8 3 2 2 -81.7124 0.4518638216531902
8 3 6 7 -79.6831 1.8306104706098087
8 3 9 4 -70.94 0.4518638216531902
8 3 6 2 -65.4126 0.5181550542899774
8 3 8 9 -82.4 0.4202676150502109
8 4 1 8 -85.2357 0.4154391840750011
8 4 6 3 -65.0158 1.8626419592629413
8 4 0 3 -84.45 1.8306104706098087
8 4 4 1 -79.1358 1.045630193236076
8 4 4 7 -80.3675 0.31961585322723524
8 4 2 9 -84.57 0.6606851953374354
8 4 5 6 -76.5507 1.045630193236076
8 4 0 9 -86.66 0.4142809311761813
8 4 8 0 -76.35 0.4154391840750011
8 4 9 6 -75.36 1.4346625681183898
8 4 9 1 -75.56 1.4346625681183898
8 4 2 5 -81.9553 0.6606851953374354
8 4 0 2 -84.53 1.5204824599919968
8 4 7 4 -60.1113 1.8306104706098087
8 4 5 3 -72.8256 0.31961585322723524
8 4 2 2 -82.0512 0.4518638216531902
8 4 6 7 -77.3861 1.8306104706098087
8 4 9 4 -70.88 0.4518638216531902
8 4 6 2 -70.1626 0.5181550542899774
8 4 8 9 -80.81 0.4202676150502109
8 5 1 8 -84.6316 0.4154391840750011
8 5 6 3 -69.5513 1.8626419592629413
8 5 0 3 -84.53 1.8306104706098087
8 5 4 1 -80.51 1.045630193236076
8 5 4 7 -78.997 0.31961585322723524
8 5 2 9 -84.33 0.6606851953374354
8 5 5 6 -74.402 1.045630193236076
8 5 0 9 -85.77 0.4142809311761813
8 5 8 0 -78.87 0.4154391840750011
8 5 9 6 -71.76 1.4346625681183898
8 5 9 1 -78.38 1.4346625681183898
8 5 2 5 -81.6751 0.6606851953374354
8 5 0 2 -84.67 1.5204824599919968
8 5 7 4 -61.05929999999999 1.8306104706098087
8 5 5 3 -74.4034 0.31961585322723524
8 5 2 2 -82.6043 0.4518638216531902
8 5 6 7 -74.5638 1.8306104706098087
8 5 9 4 -65.1 0.4518638216531902
8 5 6 2 -74.522 0.5181550542899774
8 5 8 9 -78.86 0.4202676150502109
8 6 1 8 -84.0964 0.4154391840750011
8 6 6 3 -74.0804 1.8626419592629413
8 6 0 3 -84.68 1.8306104706098087
8 6 4 1 -81.8602 1.045630193236076
8 6 4 7 -77.7407 0.31961585322723524
8 6 2 9 -83.06 0.6606851953374354
8 6 5 6 -72.8047 1.045630193236076
8 6 0 9 -85.58 0.4142809311761813
8 6 8 0 -80.81 0.4154391840750011
8 6 9 6 -70.78 1.4346625681183898
8 6 9 1 -80.48 1.4346625681183898
8 6 2 5 -81.6551 0.6606851953374354
8 6 0 2 -85.61 1.5204824599919968
8 6 7 4 -65.1042 1.8306104706098087
8 6 5 3 -76.4968 0.31961585322723524
8 6 2 2 -83.2946 0.4518638216531902
8 6 6 7 -70.1286 1.8306104706098087
8 6 9 4 -71.72 0.4518638216531902
8 6 6 2 -77.3817 0.5181550542899774
8 6 8 9 -76.35 0.4202676150502109
8 7 1 8 -83.6815 0.4154391840750011
8 7 6 3 -77.0922 1.8626419592629413
8 7 0 3 -85.61 1.8306104706098087
8 7 4 1 -83.122 1.045630193236076
8 7 4 7 -76.8698 0.31961585322723524
8 7 2 9 -82.85 0.6606851953374354
8 7 5 6 -72.5502 1.045630193236076
8 7 0 9 -84.63 0.4142809311761813
8 7 8 0 -82.4 0.4154391840750011
8 7 9 6 -64.45 1.4346625681183898
8 7 9 1 -82.16 1.4346625681183898
8 7 2 5 -81.9081 0.6606851953374354
8 7 0 2 -85.82 1.5204824599919968
8 7 7 4 -71.7382 1.8306104706098087
8 7 5 3 -78.5752 0.31961585322723524
8 7 2 2 -84.0649 0.4518638216531902
8 7 6 7 -65.3996 1.8306104706098087
8 7 9 4 -75.57 0.4518638216531902
8 7 6 2 -79.6788 0.5181550542899774
8 7 8 9 -72.79 0.4202676150502109
8 8 1 8 -83.4306 0.4154391840750011
8 8 6 3 -79.4462 1.8626419592629413
8 8 0 3 -85.84 1.8306104706098087
8 8 4 1 -84.2741 1.045630193236076
8 8 4 7 -76.6529 0.31961585322723524
8 8 2 9 -81.48 0.6606851953374354
8 8 5 6 -73.8234 1.045630193236076
8 8 0 9 -84.5 0.4142809311761813
8 8 8 0 -83.74 0.4154391840750011
8 8 9 6 -71.24 1.4346625681183898
8 8 9 1 -83.56 1.4346625681183898
8 8 2 5 -82.3959 0.6606851953374354
8 8 0 2 -86.05 1.5204824599919968
8 8 7 4 -75.9539 1.8306104706098087
8 8 5 3 -80.3949 0.31961585322723524
8 8 2 2 -84.8731 0.4518638216531902
8 8 6 7 -64.076 1.8306104706098087
8 8 9 4 -78.38 0.4518638216531902
8 8 6 2 -81.5307 0.5181550542899774
8 8 8 9 -66.67 0.4202676150502109
8 9 1 8 -83.3487 0.4154391840750011
8 9 6 3 -81.3403 1.8626419592629413
8 9 0 3 -86.05 1.8306104706098087
8 9 4 1 -85.3349 1.045630193236076
8 9 4 7 -77.1856 0.31961585322723524
8 9 2 9 -81.35 0.6606851953374354
8 9 5 6 -75.7668 1.045630193236076
8 9 0 9 -84.43 0.4142809311761813
8 9 8 0 -84.91 0.4154391840750011
8 9 9 6 -71.98 1.4346625681183898
8 9 9 1 -84.76 1.4346625681183898
8 9 2 5 -83.0519 0.6606851953374354
8 9 0 2 -86.94 1.5204824599919968
8 9 7 4 -78.7226 1.8306104706098087
8 9 5 3 -81.9925 0.31961585322723524
8 9 2 2 -85.6765 0.4518638216531902
8 9 6 7 -67.31 1.8306104706098087
8 9 9 4 -80.48 0.4518638216531902
8 9 6 2 -83.0652 0.5181550542899774
8 9 8 9 -64.88 0.4202676150502109
9 0 1 8 -88.8542 0.4154391840750011
9 0 6 3 -77.7187 1.8626419592629413
9 0 0 3 -86.22 1.8306104706098087
9 0 4 1 -79.5334 1.045630193236076
9 0 4 7 -85.7505 0.31961585322723524
9 0 2 9 -88.2 0.6606851953374354
9 0 5 6 -83.9672 1.045630193236076
9 0 0 9 -89.17 0.4142809311761813
9 0 8 0 -64.66 0.4154391840750011
9 0 9 6 -82.36 1.4346625681183898
9 0 9 1 -65.83 1.4346625681183898
9 0 2 5 -85.5722 0.6606851953374354
9 0 0 2 -86.11 1.5204824599919968
9 0 7 4 -78.8893 1.8306104706098087
9 0 5 3 -79.5793 0.31961585322723524
9 0 2 2 -83.6671 0.4518638216531902
9 0 6 7 -84.6716 1.8306104706098087
9 0 9 4 -78.78 0.4518638216531902
9 0 6 2 -75.2481 0.5181550542899774
9 0 8 9 -85.94 0.4202676150502109
9 1 1 8 -87.8598 0.4154391840750011
9 1 6 3 -75.4836 1.8626419592629413
9 1 0 3 -86.1 1.8306104706098087
9 1 4 1 -79.2483 1.045630193236076
9 1 4 7 -84.8216 0.31961585322723524
9 1 2 9 -87.94 0.6606851953374354
9 1 5 6 -82.757 1.045630193236076
9 1 0 9 -78.46 0.4142809311761813
9 1 8 0 -64.75 0.4154391840750011
9 1 9 6 -80.75 1.4346625681183898
9 1 9 1 -65.78 1.4346625681183898
9 1 2 5 -84.9233 0.6606851953374354
9 1 0 2 -85.29 1.5204824599919968
9 1 7 4 -76.3366 1.8306104706098087
9 1 5 3 -78.1763 0.31961585322723524
9 1 2 2 -83.3361 0.4518638216531902
9 1 6 7 -83.4691 1.8306104706098087
9 1 9 4 -76.22 0.4518638216531902
9 1 6 2 -72.8665 0.5181550542899774
9 1 8 9 -84.91 0.4202676150502109
9 2 1 8 -87.2516 0.4154391840750011
9 2 6 3 -73.4074 1.8626419592629413
9 2 0 3 -85.28 1.8306104706098087
9 2 4 1 -79.4243 1.045630193236076
9 2 4 7 -83.8286 0.31961585322723524
9 2 2 9 -87.17 0.6606851953374354
9 2 5 6 -81.4536 1.045630193236076
9 2 0 9 -88.22 0.4142809311761813
9 2 8 0 -66.84 0.4154391840750011
9 2 9 6 -78.78 1.4346625681183898
9 2 9 1 -66.18 1.4346625681183898
9 2 2 5 -84.3077 0.6606851953374354
9 2 0 2 -85.25 1.5204824599919968
9 2 7 4 -72.8743 1.8306104706098087
9 2 5 3 -76.9923 0.31961585322723524
9 2 2 2 -83.197 0.4518638216531902
9 2 6 7 -82.0816 1.8306104706098087
9 2 9 4 -72.55 0.4518638216531902
9 2 6 2 -71.9831 0.5181550542899774
9 2 8 9 -83.75 0.4202676150502109
9 3 1 8 -86.6805 0.4154391840750011
9 3 6 3 -72.0269 1.8626419592629413
9 3 0 3 -85.25 1.8306104706098087
9 3 4 1 -80.0024 1.045630193236076
9 3 4 7 -82.8012 0.31961585322723524
9 3 2 9 -86.27 0.6606851953374354
9 3 5 6 -80.0517 1.045630193236076
9 3 0 9 -87.5 0.4142809311761813
9 3 8 0 -72.87 0.4154391840750011
9 3 9 6 -76.22 1.4346625681183898
9 3 9 1 -66.43 1.4346625681183898
9 3 2 5 -83.8078 0.6606851953374354
9 3 0 2 -85.27 1.5204824599919968
9 3 7 4 -67.9154 1.8306104706098087
9 3 5 3 -76.333 0.31961585322723524
9 3 2 2 -83.2493 0.4518638216531902
9 3 6 7 -80.4767 1.8306104706098087
9 3 9 4 -65.81 0.4518638216531902
9 3 6 2 -72.4931 0.5181550542899774
9 3 8 9 -82.41 0.4202676150502109
9 4 1 8 -86.1403 0.4154391840750011
9 4 6 3 -72.3037 1.8626419592629413
9 4 0 3 -85.27 1.8306104706098087
9 4 4 1 -80.8538 1.045630193236076
9 4 4 7 -81.756 0.31961585322723524
9 4 2 9 -86.01 0.6606851953374354
9 4 5 6 -78.6302 1.045630193236076
9 4 0 9 -87.27 0.4142809311761813
9 4 8 0 -76.39 0.4154391840750011
9 4 9 6 -72.56 1.4346625681183898
9 4 9 1 -72.68 1.4346625681183898
9 4 2 5 -83.4262 0.6606851953374354
9 4 0 2 -85.34 1.5204824599919968
9 4 7 4 -63.6923 1.8306104706098087
9 4 5 3 -76.4719 0.31961585322723524
9 4 2 2 -83.4961 0.4518638216531902
9 4 6 7 -78.6466 1.8306104706098087
9 4 9 4 -65.83 0.4518638216531902
9 4 6 2 -74.2787 0.5181550542899774
9 4 8 9 -80.83 0.4202676150502109
9 5 1 8 -85.6473 0.4154391840750011
9 5 6 3 -74.0271 1.8626419592629413
9 5 0 3 -85.35 1.8306104706098087
9 5 4 1 -81.8623 1.045630193236076
9 5 4 7 -80.7557 0.31961585322723524
9 5 2 9 -85.04 0.6606851953374354
9 5 5 6 -77.3456 1.045630193236076
9 5 0 9 -86.45 0.4142809311761813
9 5 8 0 -78.89 0.4154391840750011
9 5 9 6 -66.11 1.4346625681183898
9 5 9 1 -76.23 1.4346625681183898
9 5 2 5 -83.225 0.6606851953374354
9 5 0 2 -86.18 1.5204824599919968
9 5 7 4 -64.0613 1.8306104706098087
9 5 5 3 -77.3303 0.31961585322723524
9 5 2 2 -83.9099 0.4518638216531902
9 5 6 7 -76.5185 1.8306104706098087
9 5 9 4 -66.18 0.4518638216531902
9 5 6 2 -76.4964 0.5181550542899774
9 5 8 9 -78.89 0.4202676150502109
9 6 1 8 -85.2251 0.4154391840750011
9 6 6 3 -76.2555 1.8626419592629413
9 6 0 3 -86.19 1.8306104706098087
9 6 4 1 -82.9069 1.045630193236076
9 6 4 7 -79.9233 0.31961585322723524
9 6 2 9 -84.81 0.6606851953374354
9 6 5 6 -76.4723 1.045630193236076
9 6 0 9 -86.29 0.4142809311761813
9 6 8 0 -80.83 0.4154391840750011
9 6 9 6 -65.84 1.4346625681183898
9 6 9 1 -78.79 1.4346625681183898
9 6 2 5 -83.2136 0.6606851953374354
9 6 0 2 -86.33 1.5204824599919968
9 6 7 4 -68.5007 1.8306104706098087
9 6 5 3 -78.6168 0.31961585322723524
9 6 2 2 -84.4397 0.4518638216531902
9 6 6 7 -74.3073 1.8306104706098087
9 6 9 4 -66.2 0.4518638216531902
9 6 6 2 -78.6298 0.5181550542899774
9 6 8 9 -76.39 0.4202676150502109
9 7 1 8 -84.9083 0.4154391840750011
9 7 6 3 -78.4076 1.8626419592629413
9 7 0 3 -86.34 1.8306104706098087
9 7 4 1 -83.9338 1.045630193236076
9 7 4 7 -79.3739 0.31961585322723524
9 7 2 9 -83.76 0.6606851953374354
9 7 5 6 -76.3353 1.045630193236076
9 7 0 9 -86.15 0.4142809311761813
9 7 8 0 -82.41 0.4154391840750011
9 7 9 6 -66.2 1.4346625681183898
9 7 9 1 -80.76 1.4346625681183898
9 7 2 5 -83.3966 0.6606851953374354
9 7 0 2 -87.25 1.5204824599919968
9 7 7 4 -73.3941 1.8306104706098087
9 7 5 3 -80.0488 0.31961585322723524
9 7 2 2 -85.0524 0.4518638216531902
9 7 6 7 -72.3827 1.8306104706098087
9 7 9 4 -72.59 0.4518638216531902
9 7 6 2 -80.4853 0.5181550542899774
9 7 8 9 -72.87 0.4202676150502109
9 8 1 8 -84.7084 0.4154391840750011
9 8 6 3 -80.287 1.8626419592629413
9 8 0 3 -86.52 1.8306104706098087
9 8 4 1 -84.9221 1.045630193236076
9 8 4 7 -79.2521 0.31961585322723524
9 8 2 9 -83.61 0.6606851953374354
9 8 5 6 -76.9816 1.045630193236076
9 8 0 9 -86.06 0.4142809311761813
9 8 8 0 -83.75 0.4154391840750011
9 8 9 6 -66.2 1.4346625681183898
9 8 9 1 -83.72 1.4346625681183898
9 8 2 5 -83.7444 0.6606851953374354
9 8 0 2 -87.32 1.5204824599919968
9 8 7 4 -76.6541 1.8306104706098087
9 8 5 3 -81.4505 0.31961585322723524
9 8 2 2 -85.7188 0.4518638216531902
9 8 6 7 -71.9554 1.8306104706098087
9 8 9 4 -76.24 0.4518638216531902
9 8 6 2 -82.0814 0.5181550542899774
9 8 8 9 -66.85 0.4202676150502109
9 9 1 8 -84.6516 0.4154391840750011
9 9 6 3 -81.9148 1.8626419592629413
9 9 0 3 -87.33 1.8306104706098087
9 9 4 1 -85.8533 1.045630193236076
9 9 4 7 -79.5694 0.31961585322723524
9 9 2 9 -83.52 0.6606851953374354
9 9 5 6 -78.1692 1.045630193236076
9 9 0 9 -85.26 0.4142809311761813
9 9 8 0 -84.91 0.4154391840750011
9 9 9 6 -72.59 1.4346625681183898
9 9 9 1 -84.88 1.4346625681183898
9 9 2 5 -84.2395 0.6606851953374354
9 9 0 2 -87.52 1.5204824599919968
9 9 7 4 -79.1422 1.8306104706098087
9 9 5 3 -82.7589 0.31961585322723524
9 9 2 2 -86.4046 0.4518638216531902
9 9 6 7 -73.2496 1.8306104706098087
9 9 9 4 -78.79 0.4518638216531902
9 9 6 2 -83.469 0.5181550542899774
9 9 8 9 -64.51 0.4202676150502109
