0 0 7 3 -85.3522 1.8626419592629413
0 0 8 5 -87.3058 0.31961585322723524
0 0 7 9 -88.66 1.8306104706098087
0 0 1 3 -75.8729 2.341681953932289
0 0 4 3 -81.1356 1.8306104706098087
0 0 7 8 -88.3517 1.1200432714506303
0 0 8 3 -86.5207 0.4202676150502109
0 0 0 7 -83.75 2.02253412315468
0 0 8 0 -86.01 0.4142809311761813
0 0 7 7 -87.6949 2.574836982024013
0 0 7 5 -86.4057 1.045630193236076
0 0 9 4 -87.6 1.045630193236076
0 0 0 0 -64.66 2.574836982024013
0 0 1 8 -85.6509 0.4202676150502109
0 0 1 1 -65.5169 1.1200432714506303
0 0 0 4 -78.89 1.1200432714506303
0 0 6 6 -86.2416 1.4346625681183898
0 0 5 3 -82.6806 0.4202676150502109
0 0 3 8 -86.3662 0.5181550542899774
0 0 5 6 -85.431 1.8626419592629413
0 1 7 3 -84.9805 1.8626419592629413
0 1 8 5 -86.8609 0.31961585322723524
0 1 7 9 -88.43 1.8306104706098087
0 1 1 3 -72.1884 2.341681953932289
0 1 4 3 -80.1562 1.8306104706098087
0 1 7 8 -87.759 1.1200432714506303
0 1 8 3 -86.1259 0.4202676150502109
0 1 0 7 -82.41 2.02253412315468
0 1 8 0 -86.02 0.4142809311761813
0 1 7 7 -87.1038 2.574836982024013
0 1 7 5 -85.8722 1.045630193236076
0 1 9 4 -86.87 1.045630193236076
0 1 0 0 -64.76 2.574836982024013
0 1 1 8 -84.4774 0.4202676150502109
0 1 1 1 -63.06699999999999 1.1200432714506303
0 1 0 4 -76.39 1.1200432714506303
0 1 6 6 -85.5458 1.4346625681183898
0 1 5 3 -81.9979 0.4202676150502109
0 1 3 8 -85.1348 0.5181550542899774
0 1 5 6 -84.5929 1.8626419592629413
0 2 7 3 -84.6427 1.8626419592629413
0 2 8 5 -86.4506 0.31961585322723524
0 2 7 9 -87.68 1.8306104706098087
0 2 1 3 -66.6223 2.341681953932289
0 2 4 3 -79.3927 1.8306104706098087
0 2 7 8 -87.1792 1.1200432714506303
0 2 8 3 -85.8359 0.4202676150502109
0 2 0 7 -80.83 2.02253412315468
0 2 8 0 -86.08 0.4142809311761813
0 2 7 7 -86.5314 2.574836982024013
0 2 7 5 -85.3823 1.045630193236076
0 2 9 4 -86.78 1.045630193236076
0 2 0 0 -66.88 2.574836982024013
0 2 1 8 -83.1026 0.4202676150502109
0 2 1 1 -64.5724 1.1200432714506303
0 2 0 4 -72.87 1.1200432714506303
0 2 6 6 -84.8809 1.4346625681183898
0 2 5 3 -81.5011 0.4202676150502109
0 2 3 8 -83.7116 0.5181550542899774
0 2 5 6 -83.7519 1.8626419592629413
0 3 7 3 -84.5068 1.8626419592629413
0 3 8 5 -86.1345 0.31961585322723524
0 3 7 9 -86.88 1.8306104706098087
0 3 1 3 -62.7315 2.341681953932289
0 3 4 3 -79.0071 1.8306104706098087
0 3 7 8 -86.5917 1.1200432714506303
0 3 8 3 -85.7161 0.4202676150502109
0 3 0 7 -78.89 2.02253412315468
0 3 8 0 -86.17 0.4142809311761813
0 3 7 7 -85.9811 2.574836982024013
0 3 7 5 -84.9818 1.045630193236076
0 3 9 4 -86.72 1.045630193236076
0 3 0 0 -72.88 2.574836982024013
0 3 1 8 -81.5607 0.4202676150502109
0 3 1 1 -69.7651 1.1200432714506303
0 3 0 4 -66.85 1.1200432714506303
0 3 6 6 -84.2542 1.4346625681183898
0 3 5 3 -81.2559 0.4202676150502109
0 3 3 8 -82.9406 0.5181550542899774
0 3 5 6 -82.9417 1.8626419592629413
0 4 7 3 -84.5425 1.8626419592629413
0 4 8 5 -85.9154 0.31961585322723524
0 4 7 9 -86.65 1.8306104706098087
0 4 1 3 -63.557900000000004 2.341681953932289
0 4 4 3 -79.0791 1.8306104706098087
0 4 7 8 -86.0406 1.1200432714506303
0 4 8 3 -85.804 0.4202676150502109
0 4 0 7 -76.39 2.02253412315468
0 4 8 0 -86.31 0.4142809311761813
0 4 7 7 -85.487 2.574836982024013
0 4 7 5 -84.6894 1.045630193236076
0 4 9 4 -86.7 1.045630193236076
0 4 0 0 -76.4 2.574836982024013
0 4 1 8 -79.7535 0.4202676150502109
0 4 1 1 -74.4312 1.1200432714506303
0 4 0 4 -65.45 1.1200432714506303
0 4 6 6 -83.719 1.4346625681183898
0 4 5 3 -81.299 0.4202676150502109
0 4 3 8 -81.6434 0.5181550542899774
0 4 5 6 -82.2073 1.8626419592629413
0 5 7 3 -84.7132 1.8626419592629413
0 5 8 5 -85.7925 0.31961585322723524
0 5 7 9 -85.77 1.8306104706098087
0 5 1 3 -68.6012 2.341681953932289
0 5 4 3 -79.6049 1.8306104706098087
0 5 7 8 -85.5337 1.1200432714506303
0 5 8 3 -85.9297 0.4202676150502109
0 5 0 7 -72.87 2.02253412315468
0 5 8 0 -87.18 0.4142809311761813
0 5 7 7 -85.0635 2.574836982024013
0 5 7 5 -84.5375 1.045630193236076
0 5 9 4 -86.73 1.045630193236076
0 5 0 0 -78.89 2.574836982024013
0 5 1 8 -77.4526 0.4202676150502109
0 5 1 1 -77.4489 1.1200432714506303
0 5 0 4 -66.41 1.1200432714506303
0 5 6 6 -83.3097 1.4346625681183898
0 5 5 3 -81.6363 0.4202676150502109
0 5 3 8 -79.0271 0.5181550542899774
0 5 5 6 -81.6438 1.8626419592629413
0 6 7 3 -85.0186 1.8626419592629413
0 6 8 5 -85.7896 0.31961585322723524
0 6 7 9 -85.57 1.8306104706098087
0 6 1 3 -73.5856 2.341681953932289
0 6 4 3 -80.4534 1.8306104706098087
0 6 7 8 -85.1081 1.1200432714506303
0 6 8 3 -86.1612 0.4202676150502109
0 6 0 7 -66.87 2.02253412315468
0 6 8 0 -87.3 0.4142809311761813
0 6 7 7 -84.7417 2.574836982024013
0 6 7 5 -84.5253 1.045630193236076
0 6 9 4 -86.78 1.045630193236076
0 6 0 0 -80.83 2.574836982024013
0 6 1 8 -74.4484 0.4202676150502109
0 6 1 1 -79.7718 1.1200432714506303
0 6 0 4 -66.88 1.1200432714506303
0 6 6 6 -83.0728 1.4346625681183898
0 6 5 3 -82.2059 0.4202676150502109
0 6 3 8 -78.741 0.5181550542899774
0 6 5 6 -81.3087 1.8626419592629413
0 7 7 3 -85.4205 1.8626419592629413
0 7 8 5 -85.898 0.31961585322723524
0 7 7 9 -85.42 1.8306104706098087
0 7 1 3 -76.8393 2.341681953932289
0 7 4 3 -81.4709 1.8306104706098087
0 7 7 8 -84.7777 1.1200432714506303
0 7 8 3 -86.4896 0.4202676150502109
0 7 0 7 -66.87 2.02253412315468
0 7 8 0 -87.55 0.4142809311761813
0 7 7 7 -84.5571 2.574836982024013
0 7 7 5 -84.6667 1.045630193236076
0 7 9 4 -86.88 1.045630193236076
0 7 0 0 -82.42 2.574836982024013
0 7 1 8 -69.9136 0.4202676150502109
0 7 1 1 -81.62 1.1200432714506303
0 7 0 4 -72.88 1.1200432714506303
0 7 6 6 -83.0381 1.4346625681183898
0 7 5 3 -82.9381 0.4202676150502109
0 7 3 8 -77.3329 0.5181550542899774
0 7 5 6 -81.2534 1.8626419592629413
0 8 7 3 -85.9131 1.8626419592629413
0 8 8 5 -86.1051 0.31961585322723524
0 8 7 9 -84.5 1.8306104706098087
0 8 1 3 -79.3046 2.341681953932289
0 8 4 3 -82.5448 1.8306104706098087
0 8 7 8 -84.5739 1.1200432714506303
0 8 8 3 -86.8798 0.4202676150502109
0 8 0 7 -64.49 2.02253412315468
0 8 8 0 -88.25 0.4142809311761813
0 8 7 7 -84.5156 2.574836982024013
0 8 7 5 -84.9419 1.045630193236076
0 8 9 4 -87.01 1.045630193236076
0 8 0 0 -83.75 2.574836982024013
0 8 1 8 -64.4823 0.4202676150502109
0 8 1 1 -83.1628 1.1200432714506303
0 8 0 4 -76.39 1.1200432714506303
0 8 6 6 -83.2044 1.4346625681183898
0 8 5 3 -83.7443 0.4202676150502109
0 8 3 8 -76.2708 0.5181550542899774
0 8 5 6 -81.4978 1.8626419592629413
0 9 7 3 -86.4583 1.8626419592629413
0 9 8 5 -86.4125 0.31961585322723524
0 9 7 9 -84.43 1.8306104706098087
0 9 1 3 -81.2384 2.341681953932289
0 9 4 3 -83.5315 1.8306104706098087
0 9 7 8 -84.513 1.1200432714506303
0 9 8 3 -87.3298 0.4202676150502109
0 9 0 7 -66.85 2.02253412315468
0 9 8 0 -88.99 0.4142809311761813
0 9 7 7 -84.6242 2.574836982024013
0 9 7 5 -85.3295 1.045630193236076
0 9 9 4 -87.76 1.045630193236076
0 9 0 0 -84.91 2.574836982024013
0 9 1 8 -62.9354 0.4202676150502109
0 9 1 1 -84.4673 1.1200432714506303
0 9 0 4 -78.89 1.1200432714506303
0 9 6 6 -83.5558 1.4346625681183898
0 9 5 3 -84.5881 0.4202676150502109
0 9 3 8 -75.9213 0.5181550542899774
0 9 5 6 -81.995 1.8626419592629413
1 0 7 3 -84.1935 1.8626419592629413
1 0 8 5 -86.4953 0.31961585322723524
1 0 7 9 -88.73 1.8306104706098087
1 0 1 3 -75.1723 2.341681953932289
1 0 4 3 -79.5654 1.8306104706098087
1 0 7 8 -87.8328 1.1200432714506303
1 0 8 3 -85.3982 0.4202676150502109
1 0 0 7 -84.87 2.02253412315468
1 0 8 0 -84.43 0.4142809311761813
1 0 7 7 -87.0782 2.574836982024013
1 0 7 5 -85.5697 1.045630193236076
1 0 9 4 -86.35 1.045630193236076
1 0 0 0 -65.81 2.574836982024013
1 0 1 8 -85.5241 0.4202676150502109
1 0 1 1 -63.018600000000006 1.1200432714506303
1 0 0 4 -78.74 1.1200432714506303
1 0 6 6 -85.5173 1.4346625681183898
1 0 5 3 -81.2961 0.4202676150502109
1 0 3 8 -85.8644 0.5181550542899774
1 0 5 6 -84.7108 1.8626419592629413
1 1 7 3 -83.7055 1.8626419592629413
1 1 8 5 -85.9666 0.31961585322723524
1 1 7 9 -87.93 1.8306104706098087
1 1 1 3 -70.3361 2.341681953932289
1 1 4 3 -78.1642 1.8306104706098087
1 1 7 8 -87.1532 1.1200432714506303
1 1 8 3 -85.0312 0.4202676150502109
1 1 0 7 -82.33 2.02253412315468
1 1 8 0 -84.44 0.4142809311761813
1 1 7 7 -86.3994 2.574836982024013
1 1 7 5 -84.9135 1.045630193236076
1 1 9 4 -86.2 1.045630193236076
1 1 0 0 -64.74 2.574836982024013
1 1 1 8 -84.3561 0.4202676150502109
1 1 1 1 -64.55 1.1200432714506303
1 1 0 4 -76.15 1.1200432714506303
1 1 6 6 -84.6897 1.4346625681183898
1 1 5 3 -80.3533 0.4202676150502109
1 1 3 8 -84.8127 0.5181550542899774
1 1 5 6 -83.721 1.8626419592629413
1 2 7 3 -83.3591 1.8626419592629413
1 2 8 5 -85.4929 0.31961585322723524
1 2 7 9 -87.13 1.8306104706098087
1 2 1 3 -63.8121 2.341681953932289
1 2 4 3 -76.9856 1.8306104706098087
1 2 7 8 -86.4782 1.1200432714506303
1 2 8 3 -84.7732 0.4202676150502109
1 2 0 7 -80.72 2.02253412315468
1 2 8 0 -84.52 0.4142809311761813
1 2 7 7 -85.7249 2.574836982024013
1 2 7 5 -84.318 1.045630193236076
1 2 9 4 -86.09 1.045630193236076
1 2 0 0 -66.31 2.574836982024013
1 2 1 8 -83.0089 0.4202676150502109
1 2 1 1 -62.941100000000006 1.1200432714506303
1 2 0 4 -72.43 1.1200432714506303
1 2 6 6 -83.8666 1.4346625681183898
1 2 5 3 -79.6244 0.4202676150502109
1 2 3 8 -83.61 0.5181550542899774
1 2 5 6 -82.6779 1.8626419592629413
1 3 7 3 -83.1976 1.8626419592629413
1 3 8 5 -85.1062 0.31961585322723524
1 3 7 9 -86.22 1.8306104706098087
1 3 1 3 -60.5368 2.341681953932289
1 3 4 3 -76.3228 1.8306104706098087
1 3 7 8 -85.7995 1.1200432714506303
1 3 8 3 -84.6559 0.4202676150502109
1 3 0 7 -78.74 2.02253412315468
1 3 8 0 -85.44 0.4142809311761813
1 3 7 7 -85.0581 2.574836982024013
1 3 7 5 -83.8024 1.045630193236076
1 3 9 4 -86.09 1.045630193236076
1 3 0 0 -72.48 2.574836982024013
1 3 1 8 -81.4084 0.4202676150502109
1 3 1 1 -67.161 1.1200432714506303
1 3 0 4 -66.82 1.1200432714506303
1 3 6 6 -83.0804 1.4346625681183898
1 3 5 3 -79.2587 0.4202676150502109
1 3 3 8 -82.2376 0.5181550542899774
1 3 5 6 -81.6341 1.8626419592629413
1 4 7 3 -83.2309 1.8626419592629413
1 4 8 5 -84.8205 0.31961585322723524
1 4 7 9 -86.0 1.8306104706098087
1 4 1 3 -61.455299999999994 2.341681953932289
1 4 4 3 -76.4539 1.8306104706098087
1 4 7 8 -85.1283 1.1200432714506303
1 4 8 3 -84.6736 0.4202676150502109
1 4 0 7 -76.15 2.02253412315468
1 4 8 0 -85.6 0.4142809311761813
1 4 7 7 -84.4473 2.574836982024013
1 4 7 5 -83.4255 1.045630193236076
1 4 9 4 -85.25 1.045630193236076
1 4 0 0 -76.17 2.574836982024013
1 4 1 8 -79.455 0.4202676150502109
1 4 1 1 -73.4131 1.1200432714506303
1 4 0 4 -66.82 1.1200432714506303
1 4 6 6 -82.3708 1.4346625681183898
1 4 5 3 -79.3303 0.4202676150502109
1 4 3 8 -80.6665 0.5181550542899774
1 4 5 6 -80.647 1.8626419592629413
1 5 7 3 -83.46 1.8626419592629413
1 5 8 5 -84.6626 0.31961585322723524
1 5 7 9 -85.03 1.8306104706098087
1 5 1 3 -65.8005 2.341681953932289
1 5 4 3 -77.3143 1.8306104706098087
1 5 7 8 -84.5077 1.1200432714506303
1 5 8 3 -84.8417 0.4202676150502109
1 5 0 7 -72.42 2.02253412315468
1 5 8 0 -93.28 0.4142809311761813
1 5 7 7 -83.9065 2.574836982024013
1 5 7 5 -83.2199 1.045630193236076
1 5 9 4 -85.28 1.045630193236076
1 5 0 0 -78.75 2.574836982024013
1 5 1 8 -76.9305 0.4202676150502109
1 5 1 1 -76.9263 1.1200432714506303
1 5 0 4 -65.9 1.1200432714506303
1 5 6 6 -81.8254 1.4346625681183898
1 5 5 3 -79.829 0.4202676150502109
1 5 3 8 -82.4261 0.5181550542899774
1 5 5 6 -79.8298 1.8626419592629413
1 6 7 3 -83.8557 1.8626419592629413
1 6 8 5 -84.6586 0.31961585322723524
1 6 7 9 -84.8 1.8306104706098087
1 6 1 3 -72.3308 2.341681953932289
1 6 4 3 -78.6044 1.8306104706098087
1 6 7 8 -83.9652 1.1200432714506303
1 6 8 3 -85.136 0.4202676150502109
1 6 0 7 -72.43 2.02253412315468
1 6 8 0 -86.69 0.4142809311761813
1 6 7 7 -83.4967 2.574836982024013
1 6 7 5 -83.2049 1.045630193236076
1 6 9 4 -85.36 1.045630193236076
1 6 0 0 -80.73 2.574836982024013
1 6 1 8 -73.4056 0.4202676150502109
1 6 1 1 -79.4637 1.1200432714506303
1 6 0 4 -65.9 1.1200432714506303
1 6 6 6 -81.5016 1.4346625681183898
1 6 5 3 -80.6415 0.4202676150502109
1 6 3 8 -76.7522 0.5181550542899774
1 6 5 6 -79.3326 1.8626419592629413
1 7 7 3 -84.3713 1.8626419592629413
1 7 8 5 -84.7969 0.31961585322723524
1 7 7 9 -83.75 1.8306104706098087
1 7 1 3 -76.2864 2.341681953932289
1 7 4 3 -80.0397 1.8306104706098087
1 7 7 8 -83.5338 1.1200432714506303
1 7 8 3 -85.5369 0.4202676150502109
1 7 0 7 -66.76 2.02253412315468
1 7 8 0 -86.92 0.4142809311761813
1 7 7 7 -83.2481 2.574836982024013
1 7 7 5 -83.3931 1.045630193236076
1 7 9 4 -86.21 1.045630193236076
1 7 0 0 -82.34 2.574836982024013
1 7 1 8 -67.1265 0.4202676150502109
1 7 1 1 -81.4136 1.1200432714506303
1 7 0 4 -72.48 1.1200432714506303
1 7 6 6 -81.4489 1.4346625681183898
1 7 5 3 -81.6208 0.4202676150502109
1 7 3 8 -74.5379 0.5181550542899774
1 7 5 6 -79.2585 1.8626419592629413
1 8 7 3 -84.9785 1.8626419592629413
1 8 8 5 -85.0635 0.31961585322723524
1 8 7 9 -83.6 1.8306104706098087
1 8 1 3 -78.9782 2.341681953932289
1 8 4 3 -81.4479 1.8306104706098087
1 8 7 8 -83.2727 1.1200432714506303
1 8 8 3 -86.0184 0.4202676150502109
1 8 0 7 -65.91 2.02253412315468
1 8 8 0 -87.72 0.4142809311761813
1 8 7 7 -83.1886 2.574836982024013
1 8 7 5 -83.7502 1.045630193236076
1 8 9 4 -86.36 1.045630193236076
1 8 0 0 -83.7 2.574836982024013
1 8 1 8 -62.4952 0.4202676150502109
1 8 1 1 -83.0135 1.1200432714506303
1 8 0 4 -76.17 1.1200432714506303
1 8 6 6 -81.6836 1.4346625681183898
1 8 5 3 -82.6615 0.4202676150502109
1 8 3 8 -72.6555 0.5181550542899774
1 8 5 6 -79.618 1.8626419592629413
1 9 7 3 -85.6401 1.8626419592629413
1 9 8 5 -85.4439 0.31961585322723524
1 9 7 9 -83.52 1.8306104706098087
1 9 1 3 -81.0255 2.341681953932289
1 9 4 3 -82.7529 1.8306104706098087
1 9 7 8 -83.1842 1.1200432714506303
1 9 8 3 -86.5486 0.4202676150502109
1 9 0 7 -66.79 2.02253412315468
1 9 8 0 -88.55 0.4142809311761813
1 9 7 7 -83.332 2.574836982024013
1 9 7 5 -84.2421 1.045630193236076
1 9 9 4 -86.54 1.045630193236076
1 9 0 0 -84.87 2.574836982024013
1 9 1 8 -64.5 0.4202676150502109
1 9 1 1 -84.3632 1.1200432714506303
1 9 0 4 -78.75 1.1200432714506303
1 9 6 6 -82.1664 1.4346625681183898
1 9 5 3 -83.7085 0.4202676150502109
1 9 3 8 -71.8719 0.5181550542899774
1 9 5 6 -80.3391 1.8626419592629413
2 0 7 3 -82.9782 1.8626419592629413
2 0 8 5 -85.6632 0.31961585322723524
2 0 7 9 -88.19 1.8306104706098087
2 0 1 3 -75.6737 2.341681953932289
2 0 4 3 -77.9089 1.8306104706098087
2 0 7 8 -87.306 1.1200432714506303
2 0 8 3 -84.319 0.4202676150502109
2 0 0 7 -84.83 2.02253412315468
2 0 8 0 -83.51 0.4142809311761813
2 0 7 7 -86.4727 2.574836982024013
2 0 7 5 -84.6952 1.045630193236076
2 0 9 4 -85.65 1.045630193236076
2 0 0 0 -64.62 2.574836982024013
2 0 1 8 -85.7744 0.4202676150502109
2 0 1 1 -64.5614 1.1200432714506303
2 0 0 4 -80.37 1.1200432714506303
2 0 6 6 -84.7906 1.4346625681183898
2 0 5 3 -79.7498 0.4202676150502109
2 0 3 8 -85.6448 0.5181550542899774
2 0 5 6 -84.0442 1.8626419592629413
2 1 7 3 -82.3348 1.8626419592629413
2 1 8 5 -85.0222 0.31961585322723524
2 1 7 9 -87.41 1.8306104706098087
2 1 1 3 -71.5391 2.341681953932289
2 1 4 3 -75.7667 1.8306104706098087
2 1 7 8 -86.5607 1.1200432714506303
2 1 8 3 -83.8455 0.4202676150502109
2 1 0 7 -83.5 2.02253412315468
2 1 8 0 -83.53 0.4142809311761813
2 1 7 7 -85.6823 2.574836982024013
2 1 7 5 -83.8965 1.045630193236076
2 1 9 4 -85.61 1.045630193236076
2 1 0 0 -64.78 2.574836982024013
2 1 1 8 -84.428 0.4202676150502109
2 1 1 1 -62.435199999999995 1.1200432714506303
2 1 0 4 -78.22 1.1200432714506303
2 1 6 6 -83.8264 1.4346625681183898
2 1 5 3 -78.4059 0.4202676150502109
2 1 3 8 -84.5158 0.5181550542899774
2 1 5 6 -82.8553 1.8626419592629413
2 2 7 3 -81.8685 1.8626419592629413
2 2 8 5 -84.4365 0.31961585322723524
2 2 7 9 -86.64 1.8306104706098087
2 2 1 3 -65.5917 2.341681953932289
2 2 4 3 -73.7973 1.8306104706098087
2 2 7 8 -85.7709 1.1200432714506303
2 2 8 3 -83.5113 0.4202676150502109
2 2 0 7 -82.28 2.02253412315468
2 2 8 0 -83.62 0.4142809311761813
2 2 7 7 -84.8797 2.574836982024013
2 2 7 5 -83.1314 1.045630193236076
2 2 9 4 -84.55 1.045630193236076
2 2 0 0 -71.39 2.574836982024013
2 2 1 8 -83.1077 0.4202676150502109
2 2 1 1 -64.0636 1.1200432714506303
2 2 0 4 -75.76 1.1200432714506303
2 2 6 6 -82.7956 1.4346625681183898
2 2 5 3 -77.2921 0.4202676150502109
2 2 3 8 -83.2213 0.5181550542899774
2 2 5 6 -81.5743 1.8626419592629413
2 3 7 3 -81.6428 1.8626419592629413
2 3 8 5 -83.9395 0.31961585322723524
2 3 7 9 -85.61 1.8306104706098087
2 3 1 3 -62.087199999999996 2.341681953932289
2 3 4 3 -72.5594 1.8306104706098087
2 3 7 8 -84.9691 1.1200432714506303
2 3 8 3 -83.355 0.4202676150502109
2 3 0 7 -78.62 2.02253412315468
2 3 8 0 -83.78 0.4142809311761813
2 3 7 7 -84.0765 2.574836982024013
2 3 7 5 -82.4648 1.045630193236076
2 3 9 4 -84.46 1.045630193236076
2 3 0 0 -72.17 2.574836982024013
2 3 1 8 -81.539 0.4202676150502109
2 3 1 1 -68.7134 1.1200432714506303
2 3 0 4 -70.96 1.1200432714506303
2 3 6 6 -81.786 1.4346625681183898
2 3 5 3 -76.6673 0.4202676150502109
2 3 3 8 -81.707 0.5181550542899774
2 3 5 6 -80.2133 1.8626419592629413
2 4 7 3 -81.6834 1.8626419592629413
2 4 8 5 -83.5734 0.31961585322723524
2 4 7 9 -84.56 1.8306104706098087
2 4 1 3 -63.2799 2.341681953932289
2 4 4 3 -72.7912 1.8306104706098087
2 4 7 8 -84.1573 1.1200432714506303
2 4 8 3 -83.3859 0.4202676150502109
2 4 0 7 -78.21 2.02253412315468
2 4 8 0 -84.05 0.4142809311761813
2 4 7 7 -83.3011 2.574836982024013
2 4 7 5 -81.9519 1.045630193236076
2 4 9 4 -84.42 1.045630193236076
2 4 0 0 -78.29 2.574836982024013
2 4 1 8 -79.7351 0.4202676150502109
2 4 1 1 -74.1616 1.1200432714506303
2 4 0 4 -70.9 1.1200432714506303
2 4 6 6 -80.8335 1.4346625681183898
2 4 5 3 -76.7897 0.4202676150502109
2 4 3 8 -79.8917 0.5181550542899774
2 4 5 6 -78.8428 1.8626419592629413
2 5 7 3 -81.9921 1.8626419592629413
2 5 8 5 -83.3767 0.31961585322723524
2 5 7 9 -84.24 1.8306104706098087
2 5 1 3 -67.4884 2.341681953932289
2 5 4 3 -74.3872 1.8306104706098087
2 5 7 8 -83.3796 1.1200432714506303
2 5 8 3 -83.6085 0.4202676150502109
2 5 0 7 -75.96 2.02253412315468
2 5 8 0 -85.07 0.4142809311761813
2 5 7 7 -82.6006 2.574836982024013
2 5 7 5 -81.6665 1.045630193236076
2 5 9 4 -84.46 1.045630193236076
2 5 0 0 -80.42 2.574836982024013
2 5 1 8 -77.3759 0.4202676150502109
2 5 1 1 -77.2522 1.1200432714506303
2 5 0 4 -65.05 1.1200432714506303
2 5 6 6 -80.055 1.4346625681183898
2 5 5 3 -77.6023 0.4202676150502109
2 5 3 8 -77.646 0.5181550542899774
2 5 5 6 -77.6165 1.8626419592629413
2 6 7 3 -82.5216 1.8626419592629413
2 6 8 5 -83.3617 0.31961585322723524
2 6 7 9 -83.05 1.8306104706098087
2 6 1 3 -73.1805 2.341681953932289
2 6 4 3 -76.4731 1.8306104706098087
2 6 7 8 -82.6758 1.1200432714506303
2 6 8 3 -83.9829 0.4202676150502109
2 6 0 7 -72.08 2.02253412315468
2 6 8 0 -85.38 0.4142809311761813
2 6 7 7 -82.0515 2.574836982024013
2 6 7 5 -81.6512 1.045630193236076
2 6 9 4 -84.55 1.045630193236076
2 6 0 0 -82.12 2.574836982024013
2 6 1 8 -74.0988 0.4202676150502109
2 6 1 1 -79.667 1.1200432714506303
2 6 0 4 -71.72 1.1200432714506303
2 6 6 6 -79.5756 1.4346625681183898
2 6 5 3 -78.8337 0.4202676150502109
2 6 3 8 -74.8321 0.5181550542899774
2 6 5 6 -76.7973 1.8626419592629413
2 7 7 3 -83.2083 1.8626419592629413
2 7 8 5 -83.5435 0.31961585322723524
2 7 7 9 -82.79 1.8306104706098087
2 7 1 3 -76.6496 2.341681953932289
2 7 4 3 -78.5685 1.8306104706098087
2 7 7 8 -82.1034 1.1200432714506303
2 7 8 3 -84.4963 0.4202676150502109
2 7 0 7 -70.77 2.02253412315468
2 7 8 0 -86.3 0.4142809311761813
2 7 7 7 -81.7092 2.574836982024013
2 7 7 5 -81.9084 1.045630193236076
2 7 9 4 -84.7 1.045630193236076
2 7 0 0 -83.53 2.574836982024013
2 7 1 8 -68.6774 0.4202676150502109
2 7 1 1 -81.5545 1.1200432714506303
2 7 0 4 -75.41 1.1200432714506303
2 7 6 6 -79.5026 1.4346625681183898
2 7 5 3 -80.1976 0.4202676150502109
2 7 3 8 -70.864 0.5181550542899774
2 7 5 6 -76.6656 1.8626419592629413
2 8 7 3 -83.9725 1.8626419592629413
2 8 8 5 -83.8882 0.31961585322723524
2 8 7 9 -81.48 1.8306104706098087
2 8 1 3 -79.1941 2.341681953932289
2 8 4 3 -80.3919 1.8306104706098087
2 8 7 8 -81.7355 1.1200432714506303
2 8 8 3 -85.0871 0.4202676150502109
2 8 0 7 -64.46 2.02253412315468
2 8 8 0 -87.18 0.4142809311761813
2 8 7 7 -81.6306 2.574836982024013
2 8 7 5 -82.394 1.045630193236076
2 8 9 4 -85.66 1.045630193236076
2 8 0 0 -84.73 2.574836982024013
2 8 1 8 -63.68470000000001 0.4202676150502109
2 8 1 1 -83.1093 1.1200432714506303
2 8 0 4 -78.29 1.1200432714506303
2 8 6 6 -79.8487 1.4346625681183898
2 8 5 3 -81.5655 0.4202676150502109
2 8 3 8 -65.875 0.5181550542899774
2 8 5 6 -77.2763 1.8626419592629413
2 9 7 3 -84.7774 1.8626419592629413
2 9 8 5 -84.3707 0.31961585322723524
2 9 7 9 -81.35 1.8306104706098087
2 9 1 3 -81.1715 2.341681953932289
2 9 4 3 -81.9834 1.8306104706098087
2 9 7 8 -81.6254 1.1200432714506303
2 9 8 3 -85.7314 0.4202676150502109
2 9 0 7 -70.85 2.02253412315468
2 9 8 0 -88.07 0.4142809311761813
2 9 7 7 -81.8298 2.574836982024013
2 9 7 5 -83.048 1.045630193236076
2 9 9 4 -85.72 1.045630193236076
2 9 0 0 -85.79 2.574836982024013
2 9 1 8 -61.828 0.4202676150502109
2 9 1 1 -84.4315 1.1200432714506303
2 9 0 4 -78.29 1.1200432714506303
2 9 6 6 -80.5361 1.4346625681183898
2 9 5 3 -82.8448 0.4202676150502109
2 9 3 8 -63.99979999999999 0.5181550542899774
2 9 5 6 -78.3949 1.8626419592629413
3 0 7 3 -81.6165 1.8626419592629413
3 0 8 5 -84.7967 0.31961585322723524
3 0 7 9 -87.71 1.8306104706098087
3 0 1 3 -77.0178 2.341681953932289
3 0 4 3 -76.299 1.8306104706098087
3 0 7 8 -86.8223 1.1200432714506303
3 0 8 3 -83.1101 0.4202676150502109
3 0 0 7 -84.45 2.02253412315468
3 0 8 0 -81.33 0.4142809311761813
3 0 7 7 -85.8805 2.574836982024013
3 0 7 5 -83.7915 1.045630193236076
3 0 9 4 -85.13 1.045630193236076
3 0 0 0 -74.01 2.574836982024013
3 0 1 8 -85.7849 0.4202676150502109
3 0 1 1 -70.7293 1.1200432714506303
3 0 0 4 -80.21 1.1200432714506303
3 0 6 6 -84.0773 1.4346625681183898
3 0 5 3 -78.0997 0.4202676150502109
3 0 3 8 -85.5397 0.5181550542899774
3 0 5 6 -83.4369 1.8626419592629413
3 1 7 3 -80.7452 1.8626419592629413
3 1 8 5 -84.0116 0.31961585322723524
3 1 7 9 -86.87 1.8306104706098087
3 1 1 3 -74.3254 2.341681953932289
3 1 4 3 -73.1134 1.8306104706098087
3 1 7 8 -85.9776 1.1200432714506303
3 1 8 3 -82.4976 0.4202676150502109
3 1 0 7 -83.16 2.02253412315468
3 1 8 0 -81.36 0.4142809311761813
3 1 7 7 -84.9711 2.574836982024013
3 1 7 5 -82.8171 1.045630193236076
3 1 9 4 -83.84 1.045630193236076
3 1 0 0 -74.05 2.574836982024013
3 1 1 8 -84.6624 0.4202676150502109
3 1 1 1 -68.7513 1.1200432714506303
3 1 0 4 -77.73 1.1200432714506303
3 1 6 6 -82.9417 1.4346625681183898
3 1 5 3 -76.0449 0.4202676150502109
3 1 3 8 -84.3707 0.5181550542899774
3 1 5 6 -82.0695 1.8626419592629413
3 2 7 3 -80.0824 1.8626419592629413
3 2 8 5 -83.2688 0.31961585322723524
3 2 7 9 -86.04 1.8306104706098087
3 2 1 3 -71.4059 2.341681953932289
3 2 4 3 -68.5797 1.8306104706098087
3 2 7 8 -85.0757 1.1200432714506303
3 2 8 3 -82.0474 0.4202676150502109
3 2 0 7 -83.16 2.02253412315468
3 2 8 0 -82.62 0.4142809311761813
3 2 7 7 -84.0261 2.574836982024013
3 2 7 5 -81.8268 1.045630193236076
3 2 9 4 -83.66 1.045630193236076
3 2 0 0 -74.53 2.574836982024013
3 2 1 8 -83.4112 0.4202676150502109
3 2 1 1 -70.0306 1.1200432714506303
3 2 0 4 -77.23 1.1200432714506303
3 2 6 6 -81.6949 1.4346625681183898
3 2 5 3 -74.172 0.4202676150502109
3 2 3 8 -83.0225 0.5181550542899774
3 2 5 6 -80.4993 1.8626419592629413
3 3 7 3 -79.7412 1.8626419592629413
3 3 8 5 -82.6236 0.31961585322723524
3 3 7 9 -84.93 1.8306104706098087
3 3 1 3 -68.9874 2.341681953932289
3 3 4 3 -65.0699 1.8306104706098087
3 3 7 8 -84.1312 1.1200432714506303
3 3 8 3 -81.8274 0.4202676150502109
3 3 0 7 -81.62 2.02253412315468
3 3 8 0 -82.81 0.4142809311761813
3 3 7 7 -83.0276 2.574836982024013
3 3 7 5 -80.9211 1.045630193236076
3 3 9 4 -83.55 1.045630193236076
3 3 0 0 -77.34 2.574836982024013
3 3 1 8 -81.9808 0.4202676150502109
3 3 1 1 -73.0755 1.1200432714506303
3 3 0 4 -74.25 1.1200432714506303
3 3 6 6 -80.3746 1.4346625681183898
3 3 5 3 -73.0376 0.4202676150502109
3 3 3 8 -81.4302 0.5181550542899774
3 3 5 6 -78.742 1.8626419592629413
3 4 7 3 -79.8114 1.8626419592629413
3 4 8 5 -82.1257 0.31961585322723524
3 4 7 9 -83.87 1.8306104706098087
3 4 1 3 -69.5348 2.341681953932289
3 4 4 3 -65.8902 1.8306104706098087
3 4 7 8 -83.144 1.1200432714506303
3 4 8 3 -81.866 0.4202676150502109
3 4 0 7 -77.58 2.02253412315468
3 4 8 0 -83.08 0.4142809311761813
3 4 7 7 -82.0393 2.574836982024013
3 4 7 5 -80.2 1.045630193236076
3 4 9 4 -83.54 1.045630193236076
3 4 0 0 -79.83 2.574836982024013
3 4 1 8 -80.2962 0.4202676150502109
3 4 1 1 -75.8415 1.1200432714506303
3 4 0 4 -73.97 1.1200432714506303
3 4 6 6 -79.0558 1.4346625681183898
3 4 5 3 -73.2649 0.4202676150502109
3 4 3 8 -79.4856 0.5181550542899774
3 4 5 6 -76.7537 1.8626419592629413
3 5 7 3 -80.2656 1.8626419592629413
3 5 8 5 -81.8539 0.31961585322723524
3 5 7 9 -83.38 1.8306104706098087
3 5 1 3 -72.3538 2.341681953932289
3 5 4 3 -70.2566 1.8306104706098087
3 5 7 8 -82.1554 1.1200432714506303
3 5 8 3 -82.1665 0.4202676150502109
3 5 0 7 -77.53 2.02253412315468
3 5 8 0 -84.28 0.4142809311761813
3 5 7 7 -81.1099 2.574836982024013
3 5 7 5 -79.7854 1.045630193236076
3 5 9 4 -83.55 1.045630193236076
3 5 0 0 -80.18 2.574836982024013
3 5 1 8 -78.2748 0.4202676150502109
3 5 1 1 -78.2798 1.1200432714506303
3 5 0 4 -74.16 1.1200432714506303
3 5 6 6 -77.8877 1.4346625681183898
3 5 5 3 -74.732 0.4202676150502109
3 5 3 8 -76.9656 0.5181550542899774
3 5 5 6 -74.7532 1.8626419592629413
3 6 7 3 -81.0089 1.8626419592629413
3 6 8 5 -81.8399 0.31961585322723524
3 6 7 9 -82.04 1.8306104706098087
3 6 1 3 -75.2762 2.341681953932289
3 6 4 3 -74.3085 1.8306104706098087
3 6 7 8 -81.2132 1.1200432714506303
3 6 8 3 -82.6805 0.4202676150502109
3 6 0 7 -74.69 2.02253412315468
3 6 8 0 -84.71 0.4142809311761813
3 6 7 7 -80.3409 2.574836982024013
3 6 7 5 -79.7597 1.045630193236076
3 6 9 4 -83.66 1.045630193236076
3 6 0 0 -81.9 2.574836982024013
3 6 1 8 -75.8738 0.4202676150502109
3 6 1 1 -80.2928 1.1200432714506303
3 6 0 4 -74.74 1.1200432714506303
3 6 6 6 -77.1221 1.4346625681183898
3 6 5 3 -76.728 0.4202676150502109
3 6 3 8 -73.4884 0.5181550542899774
3 6 5 6 -73.2878 1.8626419592629413
3 7 7 3 -81.9181 1.8626419592629413
3 7 8 5 -82.0876 0.31961585322723524
3 7 7 9 -80.49 1.8306104706098087
3 7 1 3 -77.7717 2.341681953932289
3 7 4 3 -77.2123 1.8306104706098087
3 7 7 8 -80.4104 1.1200432714506303
3 7 8 3 -83.3424 0.4202676150502109
3 7 0 7 -74.12 2.02253412315468
3 7 8 0 -85.63 0.4142809311761813
3 7 7 7 -79.8418 2.574836982024013
3 7 7 5 -80.132 1.045630193236076
3 7 9 4 -83.83 1.045630193236076
3 7 0 0 -83.22 2.574836982024013
3 7 1 8 -72.7283 0.4202676150502109
3 7 1 1 -81.9762 1.1200432714506303
3 7 0 4 -77.34 1.1200432714506303
3 7 6 6 -76.993 1.4346625681183898
3 7 5 3 -78.7147 0.4202676150502109
3 7 3 8 -67.2994 0.5181550542899774
3 7 5 6 -73.0211 1.8626419592629413
3 8 7 3 -82.9063 1.8626419592629413
3 8 8 5 -82.5543 0.31961585322723524
3 8 7 9 -80.17 1.8306104706098087
3 8 1 3 -79.8877 2.341681953932289
3 8 4 3 -79.5324 1.8306104706098087
3 8 7 8 -79.8809 1.1200432714506303
3 8 8 3 -84.0868 0.4202676150502109
3 8 0 7 -73.97 2.02253412315468
3 8 8 0 -86.61 0.4142809311761813
3 8 7 7 -79.7255 2.574836982024013
3 8 7 5 -80.8227 1.045630193236076
3 8 9 4 -84.07 1.045630193236076
3 8 0 0 -84.5 2.574836982024013
3 8 1 8 -69.9214 0.4202676150502109
3 8 1 1 -83.4162 1.1200432714506303
3 8 0 4 -77.62 1.1200432714506303
3 8 6 6 -77.5736 1.4346625681183898
3 8 5 3 -80.494 0.4202676150502109
3 8 3 8 -61.7645 0.5181550542899774
3 8 5 6 -74.1569 1.8626419592629413
3 9 7 3 -83.9048 1.8626419592629413
3 9 8 5 -83.1877 0.31961585322723524
3 9 7 9 -80.02 1.8306104706098087
3 9 1 3 -81.6281 2.341681953932289
3 9 4 3 -81.3912 1.8306104706098087
3 9 7 8 -79.7169 1.1200432714506303
3 9 8 3 -84.8791 0.4202676150502109
3 9 0 7 -74.28 2.02253412315468
3 9 8 0 -87.54 0.4142809311761813
3 9 7 7 -80.0132 2.574836982024013
3 9 7 5 -81.7146 1.045630193236076
3 9 9 4 -85.14 1.045630193236076
3 9 0 0 -85.6 2.574836982024013
3 9 1 8 -68.7652 0.4202676150502109
3 9 1 1 -84.66 1.1200432714506303
3 9 0 4 -81.7 1.1200432714506303
3 9 6 6 -78.6275 1.4346625681183898
3 9 5 3 -82.0619 0.4202676150502109
3 9 3 8 -59.167100000000005 0.5181550542899774
3 9 5 6 -76.0394 1.8626419592629413
4 0 7 3 -80.1017 1.8626419592629413
4 0 8 5 -83.9003 0.31961585322723524
4 0 7 9 -87.27 1.8306104706098087
4 0 1 3 -78.7056 2.341681953932289
4 0 4 3 -75.2799 1.8306104706098087
4 0 7 8 -86.3875 1.1200432714506303
4 0 8 3 -81.7749 0.4202676150502109
4 0 0 7 -85.25 2.02253412315468
4 0 8 0 -80.0 0.4142809311761813
4 0 7 7 -85.329 2.574836982024013
4 0 7 5 -82.9078 1.045630193236076
4 0 9 4 -84.34 1.045630193236076
4 0 0 0 -76.49 2.574836982024013
4 0 1 8 -86.0488 0.4202676150502109
4 0 1 1 -75.0544 1.1200432714506303
4 0 0 4 -81.12 1.1200432714506303
4 0 6 6 -83.4951 1.4346625681183898
4 0 5 3 -76.474 0.4202676150502109
4 0 3 8 -85.5573 0.5181550542899774
4 0 5 6 -82.974 1.8626419592629413
4 1 7 3 -78.8609 1.8626419592629413
4 1 8 5 -82.9313 0.31961585322723524
4 1 7 9 -86.36 1.8306104706098087
4 1 1 3 -76.9153 2.341681953932289
4 1 4 3 -70.6602 1.8306104706098087
4 1 7 8 -85.4428 1.1200432714506303
4 1 8 3 -80.9306 0.4202676150502109
4 1 0 7 -84.24 2.02253412315468
4 1 8 0 -80.02 0.4142809311761813
4 1 7 7 -84.2928 2.574836982024013
4 1 7 5 -81.6729 1.045630193236076
4 1 9 4 -82.88 1.045630193236076
4 1 0 0 -76.52 2.574836982024013
4 1 1 8 -84.9862 0.4202676150502109
4 1 1 1 -74.3301 1.1200432714506303
4 1 0 4 -79.31 1.1200432714506303
4 1 6 6 -82.1516 1.4346625681183898
4 1 5 3 -73.4542 0.4202676150502109
4 1 3 8 -84.3981 0.5181550542899774
4 1 5 6 -81.4429 1.8626419592629413
4 2 7 3 -77.8633 1.8626419592629413
4 2 8 5 -81.9824 0.31961585322723524
4 2 7 9 -85.34 1.8306104706098087
4 2 1 3 -75.2845 2.341681953932289
4 2 4 3 -64.1549 1.8306104706098087
4 2 7 8 -84.4173 1.1200432714506303
4 2 8 3 -80.299 0.4202676150502109
4 2 0 7 -82.97 2.02253412315468
4 2 8 0 -80.2 0.4142809311761813
4 2 7 7 -83.1726 2.574836982024013
4 2 7 5 -80.3955 1.045630193236076
4 2 9 4 -82.88 1.045630193236076
4 2 0 0 -76.84 2.574836982024013
4 2 1 8 -83.9673 0.4202676150502109
4 2 1 1 -74.7495 1.1200432714506303
4 2 0 4 -78.84 1.1200432714506303
4 2 6 6 -80.6248 1.4346625681183898
4 2 5 3 -69.368 0.4202676150502109
4 2 3 8 -83.0697 0.5181550542899774
4 2 5 6 -79.6144 1.8626419592629413
4 3 7 3 -77.3179 1.8626419592629413
4 3 8 5 -81.0992 0.31961585322723524
4 3 7 9 -84.18 1.8306104706098087
4 3 1 3 -74.3764 2.341681953932289
4 3 4 3 -59.854 1.8306104706098087
4 3 7 8 -83.3021 1.1200432714506303
4 3 8 3 -79.9731 0.4202676150502109
4 3 0 7 -82.65 2.02253412315468
4 3 8 0 -80.61 0.4142809311761813
4 3 7 7 -81.956 2.574836982024013
4 3 7 5 -79.1314 1.045630193236076
4 3 9 4 -81.39 1.045630193236076
4 3 0 0 -79.07 2.574836982024013
4 3 1 8 -82.6208 0.4202676150502109
4 3 1 1 -76.1205 1.1200432714506303
4 3 0 4 -78.81 1.1200432714506303
4 3 6 6 -78.8918 1.4346625681183898
4 3 5 3 -65.9637 0.4202676150502109
4 3 3 8 -81.4946 0.5181550542899774
4 3 5 6 -77.3545 1.8626419592629413
4 4 7 3 -77.4268 1.8626419592629413
4 4 8 5 -80.4074 0.31961585322723524
4 4 7 9 -82.9 1.8306104706098087
4 4 1 3 -74.5484 2.341681953932289
4 4 4 3 -60.81999999999999 1.8306104706098087
4 4 7 8 -82.1005 1.1200432714506303
4 4 8 3 -80.0411 0.4202676150502109
4 4 0 7 -80.98 2.02253412315468
4 4 8 0 -82.05 0.4142809311761813
4 4 7 7 -80.6827 2.574836982024013
4 4 7 5 -78.0612 1.045630193236076
4 4 9 4 -81.33 1.045630193236076
4 4 0 0 -79.58 2.574836982024013
4 4 1 8 -81.1723 0.4202676150502109
4 4 1 1 -77.8665 1.1200432714506303
4 4 0 4 -76.47 1.1200432714506303
4 4 6 6 -76.9963 1.4346625681183898
4 4 5 3 -66.8024 0.4202676150502109
4 4 3 8 -79.5865 0.5181550542899774
4 4 5 6 -74.5684 1.8626419592629413
4 5 7 3 -78.1398 1.8626419592629413
4 5 8 5 -80.0121 0.31961585322723524
4 5 7 9 -81.37 1.8306104706098087
4 5 1 3 -75.768 2.341681953932289
4 5 4 3 -66.0762 1.8306104706098087
4 5 7 8 -80.8277 1.1200432714506303
4 5 8 3 -80.469 0.4202676150502109
4 5 0 7 -79.16 2.02253412315468
4 5 8 0 -83.53 0.4142809311761813
4 5 7 7 -79.4009 2.574836982024013
4 5 7 5 -77.3845 1.045630193236076
4 5 9 4 -81.38 1.045630193236076
4 5 0 0 -81.38 2.574836982024013
4 5 1 8 -79.6114 0.4202676150502109
4 5 1 1 -79.593 1.1200432714506303
4 5 0 4 -76.59 1.1200432714506303
4 5 6 6 -75.0984 1.4346625681183898
4 5 5 3 -70.8055 0.4202676150502109
4 5 3 8 -77.1184 0.5181550542899774
4 5 5 6 -70.8001 1.8626419592629413
4 6 7 3 -79.252 1.8626419592629413
4 6 8 5 -79.991 0.31961585322723524
4 6 7 9 -80.9 1.8306104706098087
4 6 1 3 -77.4694 2.341681953932289
4 6 4 3 -72.5311 1.8306104706098087
4 6 7 8 -79.5403 1.1200432714506303
4 6 8 3 -81.1838 0.4202676150502109
4 6 0 7 -78.73 2.02253412315468
4 6 8 0 -83.93 0.4142809311761813
4 6 7 7 -78.2668 2.574836982024013
4 6 7 5 -77.3408 1.045630193236076
4 6 9 4 -81.55 1.045630193236076
4 6 0 0 -82.75 2.574836982024013
4 6 1 8 -77.91 0.4202676150502109
4 6 1 1 -81.1964 1.1200432714506303
4 6 0 4 -78.77 1.1200432714506303
4 6 6 6 -73.7253 1.4346625681183898
4 6 5 3 -74.5303 0.4202676150502109
4 6 3 8 -73.8298 0.5181550542899774
4 6 5 6 -66.7969 1.8626419592629413
4 7 7 3 -80.5291 1.8626419592629413
4 7 8 5 -80.3439 0.31961585322723524
4 7 7 9 -78.98 1.8306104706098087
4 7 1 3 -79.2158 2.341681953932289
4 7 4 3 -76.3674 1.8306104706098087
4 7 7 8 -78.3793 1.1200432714506303
4 7 8 3 -82.0683 0.4202676150502109
4 7 0 7 -76.56 2.02253412315468
4 7 8 0 -84.92 0.4142809311761813
4 7 7 7 -77.485 2.574836982024013
4 7 7 5 -77.9505 1.045630193236076
4 7 9 4 -82.88 1.045630193236076
4 7 0 0 -84.14 2.574836982024013
4 7 1 8 -76.1607 0.4202676150502109
4 7 1 1 -82.6197 1.1200432714506303
4 7 0 4 -79.21 1.1200432714506303
4 7 6 6 -73.4933 1.4346625681183898
4 7 5 3 -77.3229 0.4202676150502109
4 7 3 8 -67.9907 0.5181550542899774
4 7 5 6 -66.0363 1.8626419592629413
4 8 7 3 -81.8089 1.8626419592629413
4 8 8 5 -81.0097 0.31961585322723524
4 8 7 9 -78.68 1.8306104706098087
4 8 1 3 -80.8501 2.341681953932289
4 8 4 3 -79.0296 1.8306104706098087
4 8 7 8 -77.5529 1.1200432714506303
4 8 8 3 -83.0301 0.4202676150502109
4 8 0 7 -76.47 2.02253412315468
4 8 8 0 -85.98 0.4142809311761813
4 8 7 7 -77.2916 2.574836982024013
4 8 7 5 -78.9856 1.045630193236076
4 8 9 4 -82.99 1.045630193236076
4 8 0 0 -84.4 2.574836982024013
4 8 1 8 -74.7586 0.4202676150502109
4 8 1 1 -83.8851 1.1200432714506303
4 8 0 4 -81.03 1.1200432714506303
4 8 6 6 -74.5409 1.4346625681183898
4 8 5 3 -79.6083 0.4202676150502109
4 8 3 8 -62.7638 0.5181550542899774
4 8 5 6 -69.2243 1.8626419592629413
4 9 7 3 -83.0339 1.8626419592629413
4 9 8 5 -81.8696 0.31961585322723524
4 9 7 9 -76.53 1.8306104706098087
4 9 1 3 -82.4374 2.341681953932289
4 9 4 3 -81.0635 1.8306104706098087
4 9 7 8 -77.2843 1.1200432714506303
4 9 8 3 -83.9989 0.4202676150502109
4 9 0 7 -76.67 2.02253412315468
4 9 8 0 -86.96 0.4142809311761813
4 9 7 7 -77.7649 2.574836982024013
4 9 7 5 -80.2447 1.045630193236076
4 9 9 4 -84.48 1.045630193236076
4 9 0 0 -86.35 2.574836982024013
4 9 1 8 -74.3213 0.4202676150502109
4 9 1 1 -85.0233 1.1200432714506303
4 9 0 4 -81.03 1.1200432714506303
4 9 6 6 -76.315 1.4346625681183898
4 9 5 3 -81.446 0.4202676150502109
4 9 3 8 -60.350899999999996 0.5181550542899774
4 9 5 6 -73.5722 1.8626419592629413
5 0 7 3 -78.4815 1.8626419592629413
5 0 8 5 -83.009 0.31961585322723524
5 0 7 9 -86.6 1.8306104706098087
5 0 1 3 -80.2953 2.341681953932289
5 0 4 3 -75.3499 1.8306104706098087
5 0 7 8 -86.0133 1.1200432714506303
5 0 8 3 -80.2788 0.4202676150502109
5 0 0 7 -85.0 2.02253412315468
5 0 8 0 -78.42 0.4142809311761813
5 0 7 7 -84.8611 2.574836982024013
5 0 7 5 -82.0733 1.045630193236076
5 0 9 4 -82.2 1.045630193236076
5 0 0 0 -80.0 2.574836982024013
5 0 1 8 -86.4314 0.4202676150502109
5 0 1 1 -77.9869 1.1200432714506303
5 0 0 4 -82.21 1.1200432714506303
5 0 6 6 -83.022 1.4346625681183898
5 0 5 3 -75.3469 0.4202676150502109
5 0 3 8 -85.7117 0.5181550542899774
5 0 5 6 -82.721 1.8626419592629413
5 1 7 3 -76.6138 1.8626419592629413
5 1 8 5 -81.8047 0.31961585322723524
5 1 7 9 -85.63 1.8306104706098087
5 1 1 3 -79.0934 2.341681953932289
5 1 4 3 -70.7833 1.8306104706098087
5 1 7 8 -84.9825 1.1200432714506303
5 1 8 3 -79.0935 0.4202676150502109
5 1 0 7 -84.83 2.02253412315468
5 1 8 0 -78.45 0.4142809311761813
5 1 7 7 -83.6966 2.574836982024013
5 1 7 5 -80.5563 1.045630193236076
5 1 9 4 -82.02 1.045630193236076
5 1 0 0 -80.02 2.574836982024013
5 1 1 8 -85.5468 0.4202676150502109
5 1 1 1 -77.6114 1.1200432714506303
5 1 0 4 -81.92 1.1200432714506303
5 1 6 6 -81.4981 1.4346625681183898
5 1 5 3 -70.7771 0.4202676150502109
5 1 3 8 -84.5952 0.5181550542899774
5 1 5 6 -81.0799 1.8626419592629413
5 2 7 3 -74.9258 1.8626419592629413
5 2 8 5 -80.5585 0.31961585322723524
5 2 7 9 -84.53 1.8306104706098087
5 2 1 3 -78.1351 2.341681953932289
5 2 4 3 -64.4756 1.8306104706098087
5 2 7 8 -83.8302 1.1200432714506303
5 2 8 3 -78.1359 0.4202676150502109
5 2 0 7 -84.83 2.02253412315468
5 2 8 0 -78.68 0.4142809311761813
5 2 7 7 -82.3898 2.574836982024013
5 2 7 5 -78.8785 1.045630193236076
5 2 9 4 -80.3 1.045630193236076
5 2 0 0 -80.19 2.574836982024013
5 2 1 8 -84.4917 0.4202676150502109
5 2 1 1 -77.8574 1.1200432714506303
5 2 0 4 -80.31 1.1200432714506303
5 2 6 6 -79.6947 1.4346625681183898
5 2 5 3 -64.4131 0.4202676150502109
5 2 3 8 -83.3244 0.5181550542899774
5 2 5 6 -79.0525 1.8626419592629413
5 3 7 3 -73.9377 1.8626419592629413
5 3 8 5 -79.3401 0.31961585322723524
5 3 7 9 -83.26 1.8306104706098087
5 3 1 3 -77.6365 2.341681953932289
5 3 4 3 -60.272499999999994 1.8306104706098087
5 3 7 8 -82.5423 1.1200432714506303
5 3 8 3 -77.6324 0.4202676150502109
5 3 0 7 -83.51 2.02253412315468
5 3 8 0 -79.08 0.4142809311761813
5 3 7 7 -80.9106 2.574836982024013
5 3 7 5 -77.0354 1.045630193236076
5 3 9 4 -80.07 1.045630193236076
5 3 0 0 -80.49 2.574836982024013
5 3 1 8 -83.4825 0.4202676150502109
5 3 1 1 -78.628 1.1200432714506303
5 3 0 4 -80.08 1.1200432714506303
5 3 6 6 -77.4894 1.4346625681183898
5 3 5 3 -60.098600000000005 0.4202676150502109
5 3 3 8 -81.8641 0.5181550542899774
5 3 5 6 -76.4192 1.8626419592629413
5 4 7 3 -74.1376 1.8626419592629413
5 4 8 5 -78.315 0.31961585322723524
5 4 7 9 -81.76 1.8306104706098087
5 4 1 3 -77.7404 2.341681953932289
5 4 4 3 -61.219899999999996 1.8306104706098087
5 4 7 8 -81.0852 1.1200432714506303
5 4 8 3 -77.7323 0.4202676150502109
5 4 0 7 -82.1 2.02253412315468
5 4 8 0 -80.91 0.4142809311761813
5 4 7 7 -79.2604 2.574836982024013
5 4 7 5 -75.2602 1.045630193236076
5 4 9 4 -79.99 1.045630193236076
5 4 0 0 -82.02 2.574836982024013
5 4 1 8 -82.2224 0.4202676150502109
5 4 1 1 -79.7267 1.1200432714506303
5 4 0 4 -79.99 1.1200432714506303
5 4 6 6 -74.7803 1.4346625681183898
5 4 5 3 -61.1657 0.4202676150502109
5 4 3 8 -80.1273 0.5181550542899774
5 4 5 6 -72.6714 1.8626419592629413
5 5 7 3 -75.4201 1.8626419592629413
5 5 8 5 -77.685 0.31961585322723524
5 5 7 9 -81.4 1.8306104706098087
5 5 1 3 -78.4092 2.341681953932289
5 5 4 3 -66.3461 1.8306104706098087
5 5 7 8 -79.4568 1.1200432714506303
5 5 8 3 -78.4025 0.4202676150502109
5 5 0 7 -80.55 2.02253412315468
5 5 8 0 -81.44 0.4142809311761813
5 5 7 7 -77.4555 2.574836982024013
5 5 7 5 -74.0587 1.045630193236076
5 5 9 4 -80.06 1.045630193236076
5 5 0 0 -82.44 2.574836982024013
5 5 1 8 -80.9755 0.4202676150502109
5 5 1 1 -80.9668 1.1200432714506303
5 5 0 4 -80.05 1.1200432714506303
5 5 6 6 -71.4134 1.4346625681183898
5 5 5 3 -66.3483 0.4202676150502109
5 5 3 8 -78.0161 0.5181550542899774
5 5 5 6 -66.3307 1.8626419592629413
5 6 7 3 -77.2408 1.8626419592629413
5 6 8 5 -77.6497 0.31961585322723524
5 6 7 9 -79.79 1.8306104706098087
5 6 1 3 -79.4621 2.341681953932289
5 6 4 3 -72.682 1.8306104706098087
5 6 7 8 -77.6593 1.1200432714506303
5 6 8 3 -79.4492 0.4202676150502109
5 6 0 7 -80.23 2.02253412315468
5 6 8 0 -83.03 0.4142809311761813
5 6 7 7 -75.6245 2.574836982024013
5 6 7 5 -73.9803 1.045630193236076
5 6 9 4 -80.27 1.045630193236076
5 6 0 0 -83.76 2.574836982024013
5 6 1 8 -79.739 0.4202676150502109
5 6 1 1 -82.2143 1.1200432714506303
5 6 0 4 -80.26 1.1200432714506303
5 6 6 6 -67.8197 1.4346625681183898
5 6 5 3 -72.6721 0.4202676150502109
5 6 3 8 -75.439 0.5181550542899774
5 6 5 6 -61.2114 1.8626419592629413
5 7 7 3 -79.0497 1.8626419592629413
5 7 8 5 -78.2116 0.31961585322723524
5 7 7 9 -77.42 1.8306104706098087
5 7 1 3 -80.6938 2.341681953932289
5 7 4 3 -76.4255 1.8306104706098087
5 7 7 8 -75.8215 1.1200432714506303
5 7 8 3 -80.6849 0.4202676150502109
5 7 0 7 -80.03 2.02253412315468
5 7 8 0 -84.16 0.4142809311761813
5 7 7 7 -74.2509 2.574836982024013
5 7 7 5 -75.0701 1.045630193236076
5 7 9 4 -80.61 1.045630193236076
5 7 0 0 -84.01 2.574836982024013
5 7 1 8 -78.635 0.4202676150502109
5 7 1 1 -83.3782 1.1200432714506303
5 7 0 4 -80.6 1.1200432714506303
5 7 6 6 -67.0223 1.4346625681183898
5 7 5 3 -76.4264 0.4202676150502109
5 7 3 8 -71.5964 0.5181550542899774
5 7 5 6 -60.2619 1.8626419592629413
5 8 7 3 -80.7272 1.8626419592629413
5 8 8 5 -79.2 0.31961585322723524
5 8 7 9 -74.58 1.8306104706098087
5 8 1 3 -81.9458 2.341681953932289
5 8 4 3 -79.0603 1.8306104706098087
5 8 7 8 -74.3596 1.1200432714506303
5 8 8 3 -81.9323 0.4202676150502109
5 8 0 7 -79.99 2.02253412315468
5 8 8 0 -85.28 0.4142809311761813
5 8 7 7 -73.8954 2.574836982024013
5 8 7 5 -76.8035 1.045630193236076
5 8 9 4 -82.16 1.045630193236076
5 8 0 0 -86.04 2.574836982024013
5 8 1 8 -77.8528 0.4202676150502109
5 8 1 1 -84.4825 1.1200432714506303
5 8 0 4 -82.02 1.1200432714506303
5 8 6 6 -70.0374 1.4346625681183898
5 8 5 3 -79.062 0.4202676150502109
5 8 3 8 -68.7556 0.5181550542899774
5 8 5 6 -64.4258 1.8626419592629413
5 9 7 3 -82.2313 1.8626419592629413
5 9 8 5 -80.3963 0.31961585322723524
5 9 7 9 -74.07 1.8306104706098087
5 9 1 3 -83.1339 2.341681953932289
5 9 4 3 -81.0821 1.8306104706098087
5 9 7 8 -73.8881 1.1200432714506303
5 9 8 3 -83.1281 0.4202676150502109
5 9 0 7 -80.1 2.02253412315468
5 9 8 0 -86.31 0.4142809311761813
5 9 7 7 -74.7416 2.574836982024013
5 9 7 5 -78.6622 1.045630193236076
5 9 9 4 -82.19 1.045630193236076
5 9 0 0 -86.26 2.574836982024013
5 9 1 8 -77.6079 0.4202676150502109
5 9 1 1 -85.499 1.1200432714506303
5 9 0 4 -82.18 1.1200432714506303
5 9 6 6 -73.75 1.4346625681183898
5 9 5 3 -81.0821 0.4202676150502109
5 9 3 8 -66.6956 0.5181550542899774
5 9 5 6 -70.775 1.8626419592629413
6 0 7 3 -76.7926 1.8626419592629413
6 0 8 5 -82.1557 0.31961585322723524
6 0 7 9 -86.75 1.8306104706098087
6 0 1 3 -81.7829 2.341681953932289
6 0 4 3 -76.4573 1.8306104706098087
6 0 7 8 -85.73 1.1200432714506303
6 0 8 3 -78.6723 0.4202676150502109
6 0 0 7 -86.6 2.02253412315468
6 0 8 0 -74.02 0.4142809311761813
6 0 7 7 -84.4932 2.574836982024013
6 0 7 5 -81.3815 1.045630193236076
6 0 9 4 -81.03 1.045630193236076
6 0 0 0 -81.33 2.574836982024013
6 0 1 8 -86.806 0.4202676150502109
6 0 1 1 -80.206 1.1200432714506303
6 0 0 4 -83.2 1.1200432714506303
6 0 6 6 -82.745 1.4346625681183898
6 0 5 3 -75.3238 0.4202676150502109
6 0 3 8 -85.9622 0.5181550542899774
6 0 5 6 -82.7069 1.8626419592629413
6 1 7 3 -74.1552 1.8626419592629413
6 1 8 5 -80.6777 0.31961585322723524
6 1 7 9 -85.82 1.8306104706098087
6 1 1 3 -80.9334 2.341681953932289
6 1 4 3 -73.593 1.8306104706098087
6 1 7 8 -84.6255 1.1200432714506303
6 1 8 3 -76.8926 0.4202676150502109
6 1 0 7 -85.66 2.02253412315468
6 1 8 0 -74.06 0.4142809311761813
6 1 7 7 -83.2175 2.574836982024013
6 1 7 5 -79.5743 1.045630193236076
6 1 9 4 -81.03 1.045630193236076
6 1 0 0 -81.35 2.574836982024013
6 1 1 8 -86.0419 0.4202676150502109
6 1 1 1 -79.9635 1.1200432714506303
6 1 0 4 -82.9 1.1200432714506303
6 1 6 6 -81.0994 1.4346625681183898
6 1 5 3 -70.5068 0.4202676150502109
6 1 3 8 -84.9372 0.5181550542899774
6 1 5 6 -81.063 1.8626419592629413
6 2 7 3 -70.7993 1.8626419592629413
6 2 8 5 -79.0316 0.31961585322723524
6 2 7 9 -84.63 1.8306104706098087
6 2 1 3 -80.3019 2.341681953932289
6 2 4 3 -69.3586 1.8306104706098087
6 2 7 8 -83.3651 1.1200432714506303
6 2 8 3 -75.2846 0.4202676150502109
6 2 0 7 -85.5 2.02253412315468
6 2 8 0 -74.78 0.4142809311761813
6 2 7 7 -81.7434 2.574836982024013
6 2 7 5 -77.3848 1.045630193236076
6 2 9 4 -78.83 1.045630193236076
6 2 0 0 -81.48 2.574836982024013
6 2 1 8 -85.9784 0.4202676150502109
6 2 1 1 -80.1226 1.1200432714506303
6 2 0 4 -82.89 1.1200432714506303
6 2 6 6 -79.0898 1.4346625681183898
6 2 5 3 -64.1766 0.4202676150502109
6 2 3 8 -83.7698 0.5181550542899774
6 2 5 6 -79.0216 1.8626419592629413
6 3 7 3 -68.0107 1.8626419592629413
6 3 8 5 -77.2745 0.31961585322723524
6 3 7 9 -83.4 1.8306104706098087
6 3 1 3 -79.982 2.341681953932289
6 3 4 3 -66.105 1.8306104706098087
6 3 7 8 -81.914 1.1200432714506303
6 3 8 3 -74.3592 0.4202676150502109
6 3 0 7 -84.29 2.02253412315468
6 3 8 0 -77.4 0.4142809311761813
6 3 7 7 -80.0112 2.574836982024013
6 3 7 5 -74.7356 1.045630193236076
6 3 9 4 -78.81 1.045630193236076
6 3 0 0 -81.72 2.574836982024013
6 3 1 8 -84.2177 0.4202676150502109
6 3 1 1 -80.614 1.1200432714506303
6 3 0 4 -81.39 1.1200432714506303
6 3 6 6 -76.4797 1.4346625681183898
6 3 5 3 -59.738699999999994 0.4202676150502109
6 3 3 8 -82.4679 0.5181550542899774
6 3 5 6 -76.3649 1.8626419592629413
6 4 7 3 -68.6209 1.8626419592629413
6 4 8 5 -75.6 0.31961585322723524
6 4 7 9 -81.96 1.8306104706098087
6 4 1 3 -80.0427 2.341681953932289
6 4 4 3 -66.7824 1.8306104706098087
6 4 7 8 -80.2118 1.1200432714506303
6 4 8 3 -74.5343 0.4202676150502109
6 4 0 7 -83.1 2.02253412315468
6 4 8 0 -79.71 0.4142809311761813
6 4 7 7 -77.9012 2.574836982024013
6 4 7 5 -71.5756 1.045630193236076
6 4 9 4 -76.47 1.045630193236076
6 4 0 0 -83.07 2.574836982024013
6 4 1 8 -83.2561 0.4202676150502109
6 4 1 1 -81.3737 1.1200432714506303
6 4 0 4 -81.33 1.1200432714506303
6 4 6 6 -72.8192 1.4346625681183898
6 4 5 3 -60.9436 0.4202676150502109
6 4 3 8 -80.9917 0.5181550542899774
6 4 5 6 -72.516 1.8626419592629413
6 5 7 3 -71.8783 1.8626419592629413
6 5 8 5 -74.4677 0.31961585322723524
6 5 7 9 -80.26 1.8306104706098087
6 5 1 3 -80.4757 2.341681953932289
6 5 4 3 -70.8087 1.8306104706098087
6 5 7 8 -78.1456 1.1200432714506303
6 5 8 3 -75.7401 0.4202676150502109
6 5 0 7 -82.83 2.02253412315468
6 5 8 0 -80.19 0.4142809311761813
6 5 7 7 -75.3371 2.574836982024013
6 5 7 5 -68.3877 1.045630193236076
6 5 9 4 -76.59 1.045630193236076
6 5 0 0 -83.39 2.574836982024013
6 5 1 8 -82.2913 0.4202676150502109
6 5 1 1 -82.2862 1.1200432714506303
6 5 0 4 -81.38 1.1200432714506303
6 5 6 6 -66.6881 1.4346625681183898
6 5 5 3 -66.0838 0.4202676150502109
6 5 3 8 -79.2959 0.5181550542899774
6 5 5 6 -66.1388 1.8626419592629413
6 6 7 3 -75.0658 1.8626419592629413
6 6 8 5 -74.3944 0.31961585322723524
6 6 7 9 -78.15 1.8306104706098087
6 6 1 3 -81.193 2.341681953932289
6 6 4 3 -74.5608 1.8306104706098087
6 6 7 8 -75.6391 1.1200432714506303
6 6 8 3 -77.4564 0.4202676150502109
6 6 0 7 -81.51 2.02253412315468
6 6 8 0 -81.96 0.4142809311761813
6 6 7 7 -72.3348 2.574836982024013
6 6 7 5 -68.1451 1.045630193236076
6 6 9 4 -78.78 1.045630193236076
6 6 0 0 -84.57 2.574836982024013
6 6 1 8 -81.3881 0.4202676150502109
6 6 1 1 -83.2546 1.1200432714506303
6 6 0 4 -81.54 1.1200432714506303
6 6 6 6 -61.4782 1.4346625681183898
6 6 5 3 -72.5286 0.4202676150502109
6 6 3 8 -77.4486 0.5181550542899774
6 6 5 6 -60.903000000000006 1.8626419592629413
6 7 7 3 -77.6176 1.8626419592629413
6 7 8 5 -75.4125 0.31961585322723524
6 7 7 9 -75.57 1.8306104706098087
6 7 1 3 -82.0744 2.341681953932289
6 7 4 3 -77.3449 1.8306104706098087
6 7 7 8 -72.697 1.1200432714506303
6 7 8 3 -79.2198 0.4202676150502109
6 7 0 7 -81.36 2.02253412315468
6 7 8 0 -83.41 0.4142809311761813
6 7 7 7 -68.9506 2.574836982024013
6 7 7 5 -71.0861 1.045630193236076
6 7 9 4 -79.22 1.045630193236076
6 7 0 0 -85.61 2.574836982024013
6 7 1 8 -80.6231 0.4202676150502109
6 7 1 1 -84.2148 1.1200432714506303
6 7 0 4 -82.85 1.1200432714506303
6 7 6 6 -60.599900000000005 1.4346625681183898
6 7 5 3 -76.3799 0.4202676150502109
6 7 3 8 -75.5714 0.5181550542899774
6 7 5 6 -59.7804 1.8626419592629413
6 8 7 3 -79.7824 1.8626419592629413
6 8 8 5 -77.0711 0.31961585322723524
6 8 7 9 -71.83 1.8306104706098087
6 8 1 3 -83.0346 2.341681953932289
6 8 4 3 -79.6046 1.8306104706098087
6 8 7 8 -69.2048 1.1200432714506303
6 8 8 3 -80.8471 0.4202676150502109
6 8 0 7 -81.33 2.02253412315468
6 8 8 0 -84.64 0.4142809311761813
6 8 7 7 -67.862 2.574836982024013
6 8 7 5 -74.4749 1.045630193236076
6 8 9 4 -81.04 1.045630193236076
6 8 0 0 -86.67 2.574836982024013
6 8 1 8 -80.1198 0.4202676150502109
6 8 1 1 -85.1459 1.1200432714506303
6 8 0 4 -83.16 1.1200432714506303
6 8 6 6 -64.8868 1.4346625681183898
6 8 5 3 -79.0263 0.4202676150502109
6 8 3 8 -73.9808 0.5181550542899774
6 8 5 6 -64.2713 1.8626419592629413
6 9 7 3 -81.5626 1.8626419592629413
6 9 8 5 -78.831 0.31961585322723524
6 9 7 9 -70.64 1.8306104706098087
6 9 1 3 -84.008 2.341681953932289
6 9 4 3 -81.4365 1.8306104706098087
6 9 7 8 -67.7854 1.1200432714506303
6 9 8 3 -82.3104 0.4202676150502109
6 9 0 7 -81.41 2.02253412315468
6 9 8 0 -85.72 0.4142809311761813
6 9 7 7 -70.3466 2.574836982024013
6 9 7 5 -77.0897 1.045630193236076
6 9 9 4 -81.16 1.045630193236076
6 9 0 0 -86.87 2.574836982024013
6 9 1 8 -79.9604 0.4202676150502109
6 9 1 1 -86.0295 1.1200432714506303
6 9 0 4 -83.42 1.1200432714506303
6 9 6 6 -71.1041 1.4346625681183898
6 9 5 3 -81.0667 0.4202676150502109
6 9 3 8 -73.4439 0.5181550542899774
6 9 5 6 -70.558 1.8626419592629413
7 0 7 3 -75.542 1.8626419592629413
7 0 8 5 -81.4473 0.31961585322723524
7 0 7 9 -85.92 1.8306104706098087
7 0 1 3 -83.1156 2.341681953932289
7 0 4 3 -78.1095 1.8306104706098087
7 0 7 8 -85.5691 1.1200432714506303
7 0 8 3 -76.9866 0.4202676150502109
7 0 0 7 -87.18 2.02253412315468
7 0 8 0 -70.53 0.4142809311761813
7 0 7 7 -84.2796 2.574836982024013
7 0 7 5 -80.9275 1.045630193236076
7 0 9 4 -79.89 1.045630193236076
7 0 0 0 -83.51 2.574836982024013
7 0 1 8 -87.3708 0.4202676150502109
7 0 1 1 -81.9833 1.1200432714506303
7 0 0 4 -84.93 1.1200432714506303
7 0 6 6 -82.6956 1.4346625681183898
7 0 5 3 -76.3102 0.4202676150502109
7 0 3 8 -86.3378 0.5181550542899774
7 0 5 6 -82.9411 1.8626419592629413
7 1 7 3 -71.2514 1.8626419592629413
7 1 8 5 -79.6616 0.31961585322723524
7 1 7 9 -84.89 1.8306104706098087
7 1 1 3 -82.4989 2.341681953932289
7 1 4 3 -76.1294 1.8306104706098087
7 1 7 8 -84.4126 1.1200432714506303
7 1 8 3 -74.4334 0.4202676150502109
7 1 0 7 -86.31 2.02253412315468
7 1 8 0 -70.61 0.4142809311761813
7 1 7 7 -82.9258 2.574836982024013
7 1 7 5 -78.8842 1.045630193236076
7 1 9 4 -77.72 1.045630193236076
7 1 0 0 -83.53 2.574836982024013
7 1 1 8 -86.6207 0.4202676150502109
7 1 1 1 -81.8277 1.1200432714506303
7 1 0 4 -83.85 1.1200432714506303
7 1 6 6 -81.0406 1.4346625681183898
7 1 5 3 -72.9827 0.4202676150502109
7 1 3 8 -85.3858 0.5181550542899774
7 1 5 6 -81.3945 1.8626419592629413
7 2 7 3 -65.0751 1.8626419592629413
7 2 8 5 -77.5355 0.31961585322723524
7 2 7 9 -83.72 1.8306104706098087
7 2 1 3 -82.049 2.341681953932289
7 2 4 3 -74.1748 1.8306104706098087
7 2 7 8 -83.0809 1.1200432714506303
7 2 8 3 -71.4027 0.4202676150502109
7 2 0 7 -86.11 2.02253412315468
7 2 8 0 -71.41 0.4142809311761813
7 2 7 7 -81.3274 2.574836982024013
7 2 7 5 -76.2252 1.045630193236076
7 2 9 4 -77.4 1.045630193236076
7 2 0 0 -83.61 2.574836982024013
7 2 1 8 -86.1144 0.4202676150502109
7 2 1 1 -81.9301 1.1200432714506303
7 2 0 4 -83.66 1.1200432714506303
7 2 6 6 -78.9939 1.4346625681183898
7 2 5 3 -68.8054 0.4202676150502109
7 2 3 8 -84.3373 0.5181550542899774
7 2 5 6 -79.5344 1.8626419592629413
7 3 7 3 -61.095200000000006 1.8626419592629413
7 3 8 5 -74.9962 0.31961585322723524
7 3 7 9 -82.37 1.8306104706098087
7 3 1 3 -81.8331 2.341681953932289
7 3 4 3 -73.0843 1.8306104706098087
7 3 7 8 -81.5128 1.1200432714506303
7 3 8 3 -68.9286 0.4202676150502109
7 3 0 7 -85.08 2.02253412315468
7 3 8 0 -75.32 0.4142809311761813
7 3 7 7 -79.3869 2.574836982024013
7 3 7 5 -72.4758 1.045630193236076
7 3 9 4 -74.25 1.045630193236076
7 3 0 0 -83.77 2.574836982024013
7 3 1 8 -85.0679 0.4202676150502109
7 3 1 1 -82.2787 1.1200432714506303
7 3 0 4 -83.55 1.1200432714506303
7 3 6 6 -76.321 1.4346625681183898
7 3 5 3 -65.063 0.4202676150502109
7 3 3 8 -83.2107 0.5181550542899774
7 3 5 6 -77.2031 1.8626419592629413
7 4 7 3 -61.9216 1.8626419592629413
7 4 8 5 -72.1095 0.31961585322723524
7 4 7 9 -80.77 1.8306104706098087
7 4 1 3 -81.8773 2.341681953932289
7 4 4 3 -73.2939 1.8306104706098087
7 4 7 8 -79.6187 1.1200432714506303
7 4 8 3 -69.4961 0.4202676150502109
7 4 0 7 -84.93 2.02253412315468
7 4 8 0 -78.18 0.4142809311761813
7 4 7 7 -76.8801 2.574836982024013
7 4 7 5 -66.3408 1.045630193236076
7 4 9 4 -73.97 1.045630193236076
7 4 0 0 -83.99 2.574836982024013
7 4 1 8 -84.273 0.4202676150502109
7 4 1 1 -82.8274 1.1200432714506303
7 4 0 4 -83.54 1.1200432714506303
7 4 6 6 -72.4796 1.4346625681183898
7 4 5 3 -65.8336 0.4202676150502109
7 4 3 8 -81.9823 0.5181550542899774
7 4 5 6 -74.0491 1.8626419592629413
7 5 7 3 -67.0432 1.8626419592629413
7 5 8 5 -69.28 0.31961585322723524
7 5 7 9 -78.81 1.8306104706098087
7 5 1 3 -82.1822 2.341681953932289
7 5 4 3 -74.7456 1.8306104706098087
7 5 7 8 -77.18 1.1200432714506303
7 5 8 3 -72.3651 0.4202676150502109
7 5 0 7 -83.79 2.02253412315468
7 5 8 0 -80.35 0.4142809311761813
7 5 7 7 -73.514 2.574836982024013
7 5 7 5 -61.619600000000005 1.045630193236076
7 5 9 4 -74.15 1.045630193236076
7 5 0 0 -85.02 2.574836982024013
7 5 1 8 -83.5113 0.4202676150502109
7 5 1 1 -83.5106 1.1200432714506303
7 5 0 4 -83.54 1.1200432714506303
7 5 6 6 -65.9021 1.4346625681183898
7 5 5 3 -70.2872 0.4202676150502109
7 5 3 8 -80.6649 0.5181550542899774
7 5 5 6 -69.7569 1.8626419592629413
7 6 7 3 -73.0163 1.8626419592629413
7 6 8 5 -69.0634 0.31961585322723524
7 6 7 9 -76.26 1.8306104706098087
7 6 1 3 -82.6855 2.341681953932289
7 6 4 3 -76.7441 1.8306104706098087
7 6 7 8 -73.9721 1.1200432714506303
7 6 8 3 -75.2535 0.4202676150502109
7 6 0 7 -83.62 2.02253412315468
7 6 8 0 -82.07 0.4142809311761813
7 6 7 7 -67.8069 2.574836982024013
7 6 7 5 -61.447900000000004 1.045630193236076
7 6 9 4 -74.74 1.045630193236076
7 6 0 0 -85.32 2.574836982024013
7 6 1 8 -82.8276 0.4202676150502109
7 6 1 1 -84.2693 1.1200432714506303
7 6 0 4 -83.65 1.1200432714506303
7 6 6 6 -60.714 1.4346625681183898
7 6 5 3 -74.3137 0.4202676150502109
7 6 3 8 -79.3469 0.5181550542899774
7 6 5 6 -66.0129 1.8626419592629413
7 7 7 3 -76.5579 1.8626419592629413
7 7 8 5 -71.651 0.31961585322723524
7 7 7 9 -72.63 1.8306104706098087
7 7 1 3 -83.3436 2.341681953932289
7 7 4 3 -78.7361 1.8306104706098087
7 7 7 8 -68.4712 1.1200432714506303
7 7 8 3 -77.7666 0.4202676150502109
7 7 0 7 -83.53 2.02253412315468
7 7 8 0 -83.49 0.4142809311761813
7 7 7 7 -62.380300000000005 2.574836982024013
7 7 7 5 -65.6249 1.045630193236076
7 7 9 4 -77.58 1.045630193236076
7 7 0 0 -86.29 2.574836982024013
7 7 1 8 -82.2805 0.4202676150502109
7 7 1 1 -85.0615 1.1200432714506303
7 7 0 4 -83.83 1.1200432714506303
7 7 6 6 -59.7274 1.4346625681183898
7 7 5 3 -77.2043 0.4202676150502109
7 7 3 8 -78.1391 0.5181550542899774
7 7 5 6 -65.1545 1.8626419592629413
7 8 7 3 -79.1459 1.8626419592629413
7 8 8 5 -74.6678 0.31961585322723524
7 8 7 9 -66.59 1.8306104706098087
7 8 1 3 -84.1244 2.341681953932289
7 8 4 3 -80.5009 1.8306104706098087
7 8 7 8 -62.80159999999999 1.1200432714506303
7 8 8 3 -79.8804 0.4202676150502109
7 8 0 7 -82.49 2.02253412315468
7 8 8 0 -84.71 0.4142809311761813
7 8 7 7 -60.9577 2.574836982024013
7 8 7 5 -71.8742 1.045630193236076
7 8 9 4 -79.94 1.045630193236076
7 8 0 0 -86.55 2.574836982024013
7 8 1 8 -81.9231 0.4202676150502109
7 8 1 1 -85.8391 1.1200432714506303
7 8 0 4 -89.69 1.1200432714506303
7 8 6 6 -64.116 1.4346625681183898
7 8 5 3 -79.5369 0.4202676150502109
7 8 3 8 -77.262 0.5181550542899774
7 8 5 6 -68.5303 1.8626419592629413
7 9 7 3 -81.138 1.8626419592629413
7 9 8 5 -77.2295 0.31961585322723524
7 9 7 9 -64.89 1.8306104706098087
7 9 1 3 -84.8849 2.341681953932289
7 9 4 3 -82.0697 1.8306104706098087
7 9 7 8 -60.87649999999999 1.1200432714506303
7 9 8 3 -81.6284 0.4202676150502109
7 9 0 7 -83.57 2.02253412315468
7 9 8 0 -85.77 0.4142809311761813
7 9 7 7 -64.4278 2.574836982024013
7 9 7 5 -75.9066 1.045630193236076
7 9 9 4 -79.94 1.045630193236076
7 9 0 0 -87.43 2.574836982024013
7 9 1 8 -81.8184 0.4202676150502109
7 9 1 1 -86.6193 1.1200432714506303
7 9 0 4 -85.13 1.1200432714506303
7 9 6 6 -70.4489 1.4346625681183898
7 9 5 3 -81.391 0.4202676150502109
7 9 3 8 -76.9817 0.5181550542899774
7 9 5 6 -73.1662 1.8626419592629413
8 0 7 3 -75.1929 1.8626419592629413
8 0 8 5 -80.9647 0.31961585322723524
8 0 7 9 -85.93 1.8306104706098087
8 0 1 3 -84.4892 2.341681953932289
8 0 4 3 -79.7604 1.8306104706098087
8 0 7 8 -85.5236 1.1200432714506303
8 0 8 3 -75.656 0.4202676150502109
8 0 0 7 -87.73 2.02253412315468
8 0 8 0 -64.6 0.4142809311761813
8 0 7 7 -84.2302 2.574836982024013
8 0 7 5 -80.8227 1.045630193236076
8 0 9 4 -78.32 1.045630193236076
8 0 0 0 -84.43 2.574836982024013
8 0 1 8 -87.5704 0.4202676150502109
8 0 1 1 -83.4601 1.1200432714506303
8 0 0 4 -85.66 1.1200432714506303
8 0 6 6 -82.9054 1.4346625681183898
8 0 5 3 -77.9045 0.4202676150502109
8 0 3 8 -86.7916 0.5181550542899774
8 0 5 6 -83.3834 1.8626419592629413
8 1 7 3 -70.2989 1.8626419592629413
8 1 8 5 -78.9322 0.31961585322723524
8 1 7 9 -84.91 1.8306104706098087
8 1 1 3 -83.8558 2.341681953932289
8 1 4 3 -78.4077 1.8306104706098087
8 1 7 8 -84.3643 1.1200432714506303
8 1 8 3 -71.5812 0.4202676150502109
8 1 0 7 -86.92 2.02253412315468
8 1 8 0 -64.76 0.4142809311761813
8 1 7 7 -82.8605 2.574836982024013
8 1 7 5 -78.716 1.045630193236076
8 1 9 4 -78.32 1.045630193236076
8 1 0 0 -84.44 2.574836982024013
8 1 1 8 -87.2587 0.4202676150502109
8 1 1 1 -83.3542 1.1200432714506303
8 1 0 4 -85.53 1.1200432714506303
8 1 6 6 -81.3346 1.4346625681183898
8 1 5 3 -75.818 0.4202676150502109
8 1 3 8 -85.9178 0.5181550542899774
8 1 5 6 -81.9941 1.8626419592629413
8 2 7 3 -63.827 1.8626419592629413
8 2 8 5 -76.3157 0.31961585322723524
8 2 7 9 -83.75 1.8306104706098087
8 2 1 3 -83.5223 2.341681953932289
8 2 4 3 -77.2897 1.8306104706098087
8 2 7 8 -83.0131 1.1200432714506303
8 2 8 3 -65.5223 0.4202676150502109
8 2 0 7 -86.69 2.02253412315468
8 2 8 0 -66.3 0.4142809311761813
8 2 7 7 -81.2327 2.574836982024013
8 2 7 5 -75.9471 1.045630193236076
8 2 9 4 -75.36 1.045630193236076
8 2 0 0 -84.51 2.574836982024013
8 2 1 8 -86.5585 0.4202676150502109
8 2 1 1 -83.4279 1.1200432714506303
8 2 0 4 -84.55 1.1200432714506303
8 2 6 6 -79.4516 1.4346625681183898
8 2 5 3 -73.7455 0.4202676150502109
8 2 3 8 -85.0048 0.5181550542899774
8 2 5 6 -80.4013 1.8626419592629413
8 3 7 3 -60.3652 1.8626419592629413
8 3 8 5 -72.6608 0.31961585322723524
8 3 7 9 -82.41 1.8306104706098087
8 3 1 3 -83.361 2.341681953932289
8 3 4 3 -76.6796 1.8306104706098087
8 3 7 8 -81.4163 1.1200432714506303
8 3 8 3 -62.34739999999999 0.4202676150502109
8 3 0 7 -85.81 2.02253412315468
8 3 8 0 -72.8 0.4142809311761813
8 3 7 7 -79.2321 2.574836982024013
8 3 7 5 -71.7098 1.045630193236076
8 3 9 4 -70.94 1.045630193236076
8 3 0 0 -84.64 2.574836982024013
8 3 1 8 -85.8902 0.4202676150502109
8 3 1 1 -83.6837 1.1200432714506303
8 3 0 4 -84.46 1.1200432714506303
8 3 6 6 -77.0916 1.4346625681183898
8 3 5 3 -72.57 0.4202676150502109
8 3 3 8 -84.0267 0.5181550542899774
8 3 5 6 -78.5698 1.8626419592629413
8 4 7 3 -61.328 1.8626419592629413
8 4 8 5 -66.8479 0.31961585322723524
8 4 7 9 -80.82 1.8306104706098087
8 4 1 3 -83.3933 2.341681953932289
8 4 4 3 -76.8082 1.8306104706098087
8 4 7 8 -79.4674 1.1200432714506303
8 4 8 3 -62.9855 0.4202676150502109
8 4 0 7 -85.6 2.02253412315468
8 4 8 0 -76.35 0.4142809311761813
8 4 7 7 -76.6311 2.574836982024013
8 4 7 5 -65.0857 1.045630193236076
8 4 9 4 -70.88 1.045630193236076
8 4 0 0 -85.59 2.574836982024013
8 4 1 8 -85.2357 0.4202676150502109
8 4 1 1 -84.0925 1.1200432714506303
8 4 0 4 -84.42 1.1200432714506303
8 4 6 6 -74.0805 1.4346625681183898
8 4 5 3 -72.8256 0.4202676150502109
8 4 3 8 -83.0258 0.5181550542899774
8 4 5 6 -76.5507 1.8626419592629413
8 5 7 3 -65.8477 1.8626419592629413
8 5 8 5 -62.474999999999994 0.31961585322723524
8 5 7 9 -78.88 1.8306104706098087
8 5 1 3 -83.6087 2.341681953932289
8 5 4 3 -77.6141 1.8306104706098087
8 5 7 8 -76.9405 1.1200432714506303
8 5 8 3 -67.3671 0.4202676150502109
8 5 0 7 -84.65 2.02253412315468
8 5 8 0 -78.87 0.4142809311761813
8 5 7 7 -72.9148 2.574836982024013
8 5 7 5 -60.310199999999995 1.045630193236076
8 5 9 4 -65.1 1.045630193236076
8 5 0 0 -85.79 2.574836982024013
8 5 1 8 -84.6316 0.4202676150502109
8 5 1 1 -84.6246 1.1200432714506303
8 5 0 4 -84.45 1.1200432714506303
8 5 6 6 -69.5102 1.4346625681183898
8 5 5 3 -74.4034 0.4202676150502109
8 5 3 8 -82.0075 0.5181550542899774
8 5 5 6 -74.402 1.8626419592629413
8 6 7 3 -72.3725 1.8626419592629413
8 6 8 5 -62.272400000000005 0.31961585322723524
8 6 7 9 -76.38 1.8306104706098087
8 6 1 3 -83.9896 2.341681953932289
8 6 4 3 -78.8383 1.8306104706098087
8 6 7 8 -73.4258 1.1200432714506303
8 6 8 3 -73.1609 0.4202676150502109
8 6 0 7 -84.52 2.02253412315468
8 6 8 0 -80.81 0.4142809311761813
8 6 7 7 -66.4694 2.574836982024013
8 6 7 5 -60.631 1.045630193236076
8 6 9 4 -71.72 1.045630193236076
8 6 0 0 -86.02 2.574836982024013
8 6 1 8 -84.0964 0.4202676150502109
8 6 1 1 -85.2356 1.1200432714506303
8 6 0 4 -84.54 1.1200432714506303
8 6 6 6 -65.0167 1.4346625681183898
8 6 5 3 -76.4968 0.4202676150502109
8 6 3 8 -81.04 0.5181550542899774
8 6 5 6 -72.8047 1.8626419592629413
8 7 7 3 -76.3023 1.8626419592629413
8 7 8 5 -66.149 0.31961585322723524
8 7 7 9 -72.84 1.8306104706098087
8 7 1 3 -84.498 2.341681953932289
8 7 4 3 -80.2062 1.8306104706098087
8 7 7 8 -67.1997 1.1200432714506303
8 7 8 3 -76.6412 0.4202676150502109
8 7 0 7 -84.44 2.02253412315468
8 7 8 0 -82.4 0.4142809311761813
8 7 7 7 -61.24679999999999 2.574836982024013
8 7 7 5 -64.4528 1.045630193236076
8 7 9 4 -75.57 1.045630193236076
8 7 0 0 -86.91 2.574836982024013
8 7 1 8 -83.6815 0.4202676150502109
8 7 1 1 -85.8827 1.1200432714506303
8 7 0 4 -84.69 1.1200432714506303
8 7 6 6 -64.2176 1.4346625681183898
8 7 5 3 -78.5752 0.4202676150502109
8 7 3 8 -80.2185 0.5181550542899774
8 7 5 6 -72.5502 1.8626419592629413
8 8 7 3 -78.9838 1.8626419592629413
8 8 8 5 -72.1423 0.31961585322723524
8 8 7 9 -66.79 1.8306104706098087
8 8 1 3 -85.0847 2.341681953932289
8 8 4 3 -81.5725 1.8306104706098087
8 8 7 8 -61.8655 1.1200432714506303
8 8 8 3 -79.1872 0.4202676150502109
8 8 0 7 -84.43 2.02253412315468
8 8 8 0 -83.74 0.4142809311761813
8 8 7 7 -60.089 2.574836982024013
8 8 7 5 -71.0795 1.045630193236076
8 8 9 4 -78.38 1.045630193236076
8 8 0 0 -87.1 2.574836982024013
8 8 1 8 -83.4306 0.4202676150502109
8 8 1 1 -86.5485 1.1200432714506303
8 8 0 4 -85.61 1.1200432714506303
8 8 6 6 -67.8469 1.4346625681183898
8 8 5 3 -80.3949 0.4202676150502109
8 8 3 8 -79.6636 0.5181550542899774
8 8 5 6 -73.8234 1.8626419592629413
8 9 7 3 -81.0333 1.8626419592629413
8 9 8 5 -75.995 0.31961585322723524
8 9 7 9 -64.88 1.8306104706098087
8 9 1 3 -85.7905 2.341681953932289
8 9 4 3 -82.8488 1.8306104706098087
8 9 7 8 -60.3052 1.1200432714506303
8 9 8 3 -81.165 0.4202676150502109
8 9 0 7 -84.47 2.02253412315468
8 9 8 0 -84.91 0.4142809311761813
8 9 7 7 -63.2551 2.574836982024013
8 9 7 5 -75.5878 1.045630193236076
8 9 9 4 -80.48 1.045630193236076
8 9 0 0 -87.96 2.574836982024013
8 9 1 8 -83.3487 0.4202676150502109
8 9 1 1 -87.2233 1.1200432714506303
8 9 0 4 -84.22 1.1200432714506303
8 9 6 6 -72.8313 1.4346625681183898
8 9 5 3 -81.9925 0.4202676150502109
8 9 3 8 -79.4876 0.5181550542899774
8 9 5 6 -75.7668 1.8626419592629413
9 0 7 3 -76.0217 1.8626419592629413
9 0 8 5 -80.8154 0.31961585322723524
9 0 7 9 -86.72 1.8306104706098087
9 0 1 3 -85.4058 2.341681953932289
9 0 4 3 -81.3006 1.8306104706098087
9 0 7 8 -85.626 1.1200432714506303
9 0 8 3 -75.1711 0.4202676150502109
9 0 0 7 -88.25 2.02253412315468
9 0 8 0 -64.66 0.4142809311761813
9 0 7 7 -84.354 2.574836982024013
9 0 7 5 -81.0957 1.045630193236076
9 0 9 4 -78.78 1.045630193236076
9 0 0 0 -85.26 2.574836982024013
9 0 1 8 -88.8542 0.4202676150502109
9 0 1 1 -84.7392 1.1200432714506303
9 0 0 4 -86.36 1.1200432714506303
9 0 6 6 -83.3202 1.4346625681183898
9 0 5 3 -79.5793 0.4202676150502109
9 0 3 8 -87.2555 0.5181550542899774
9 0 5 6 -83.9672 1.8626419592629413
9 1 7 3 -72.5574 1.8626419592629413
9 1 8 5 -78.7027 0.31961585322723524
9 1 7 9 -85.78 1.8306104706098087
9 1 1 3 -85.0333 2.341681953932289
9 1 4 3 -80.356 1.8306104706098087
9 1 7 8 -84.4898 1.1200432714506303
9 1 8 3 -70.2501 0.4202676150502109
9 1 0 7 -88.1 2.02253412315468
9 1 8 0 -64.75 0.4142809311761813
9 1 7 7 -83.0311 2.574836982024013
9 1 7 5 -79.1424 1.045630193236076
9 1 9 4 -76.22 1.045630193236076
9 1 0 0 -85.26 2.574836982024013
9 1 1 8 -87.8598 0.4202676150502109
9 1 1 1 -84.6541 1.1200432714506303
9 1 0 4 -86.21 1.1200432714506303
9 1 6 6 -81.9136 1.4346625681183898
9 1 5 3 -78.1763 0.4202676150502109
9 1 3 8 -86.4904 0.5181550542899774
9 1 5 6 -82.757 1.8626419592629413
9 2 7 3 -67.4345 1.8626419592629413
9 2 8 5 -75.9218 0.31961585322723524
9 2 7 9 -84.72 1.8306104706098087
9 2 1 3 -84.8185 2.341681953932289
9 2 4 3 -79.636 1.8306104706098087
9 2 7 8 -83.1854 1.1200432714506303
9 2 8 3 -64.0783 0.4202676150502109
9 2 0 7 -87.29 2.02253412315468
9 2 8 0 -66.84 0.4142809311761813
9 2 7 7 -81.4808 2.574836982024013
9 2 7 5 -76.6428 1.045630193236076
9 2 9 4 -72.55 1.045630193236076
9 2 0 0 -85.33 2.574836982024013
9 2 1 8 -87.2516 0.4202676150502109
9 2 1 1 -84.7118 1.1200432714506303
9 2 0 4 -86.1 1.1200432714506303
9 2 6 6 -80.3033 1.4346625681183898
9 2 5 3 -76.9923 0.4202676150502109
9 2 3 8 -85.696 0.5181550542899774
9 2 5 6 -81.4536 1.8626419592629413
9 3 7 3 -63.5038 1.8626419592629413
9 3 8 5 -71.6935 0.31961585322723524
9 3 7 9 -82.28 1.8306104706098087
9 3 1 3 -84.6514 2.341681953932289
9 3 4 3 -79.2682 1.8306104706098087
9 3 7 8 -81.6602 1.1200432714506303
9 3 8 3 -60.6525 0.4202676150502109
9 3 0 7 -87.16 2.02253412315468
9 3 8 0 -72.87 0.4142809311761813
9 3 7 7 -79.6195 2.574836982024013
9 3 7 5 -72.9454 1.045630193236076
9 3 9 4 -65.81 1.045630193236076
9 3 0 0 -86.17 2.574836982024013
9 3 1 8 -86.6805 0.4202676150502109
9 3 1 1 -84.9051 1.1200432714506303
9 3 0 4 -86.09 1.1200432714506303
9 3 6 6 -78.4375 1.4346625681183898
9 3 5 3 -76.333 0.4202676150502109
9 3 3 8 -84.8756 0.5181550542899774
9 3 5 6 -80.0517 1.8626419592629413
9 4 7 3 -64.3096 1.8626419592629413
9 4 8 5 -65.311 0.31961585322723524
9 4 7 9 -80.65 1.8306104706098087
9 4 1 3 -84.6785 2.341681953932289
9 4 4 3 -79.3377 1.8306104706098087
9 4 7 8 -79.842 1.1200432714506303
9 4 8 3 -61.53060000000001 0.4202676150502109
9 4 0 7 -86.31 2.02253412315468
9 4 8 0 -76.39 0.4142809311761813
9 4 7 7 -77.2513 2.574836982024013
9 4 7 5 -68.3058 1.045630193236076
9 4 9 4 -65.83 1.045630193236076
9 4 0 0 -86.3 2.574836982024013
9 4 1 8 -86.1403 0.4202676150502109
9 4 1 1 -85.2261 1.1200432714506303
9 4 0 4 -85.25 1.1200432714506303
9 4 6 6 -76.2701 1.4346625681183898
9 4 5 3 -76.4719 0.4202676150502109
9 4 3 8 -84.0495 0.5181550542899774
9 4 5 6 -78.6302 1.8626419592629413
9 5 7 3 -69.1334 1.8626419592629413
9 5 8 5 -61.35209999999999 0.31961585322723524
9 5 7 9 -78.63 1.8306104706098087
9 5 1 3 -84.8513 2.341681953932289
9 5 4 3 -79.8383 1.8306104706098087
9 5 7 8 -77.5347 1.1200432714506303
9 5 8 3 -65.7694 0.4202676150502109
9 5 0 7 -86.17 2.02253412315468
9 5 8 0 -78.89 0.4142809311761813
9 5 7 7 -74.3265 2.574836982024013
9 5 7 5 -63.92 1.045630193236076
9 5 9 4 -66.18 1.045630193236076
9 5 0 0 -86.47 2.574836982024013
9 5 1 8 -85.6473 0.4202676150502109
9 5 1 1 -85.6469 1.1200432714506303
9 5 0 4 -85.28 1.1200432714506303
9 5 6 6 -74.0697 1.4346625681183898
9 5 5 3 -77.3303 0.4202676150502109
9 5 3 8 -83.2514 0.5181550542899774
9 5 5 6 -77.3456 1.8626419592629413
9 6 7 3 -73.8228 1.8626419592629413
9 6 8 5 -60.723699999999994 0.31961585322723524
9 6 7 9 -75.97 1.8306104706098087
9 6 1 3 -85.1457 2.341681953932289
9 6 4 3 -80.6482 1.8306104706098087
9 6 7 8 -74.6773 1.1200432714506303
9 6 8 3 -72.2945 0.4202676150502109
9 6 0 7 -86.08 2.02253412315468
9 6 8 0 -80.83 0.4142809311761813
9 6 7 7 -69.7014 2.574836982024013
9 6 7 5 -63.740899999999996 1.045630193236076
9 6 9 4 -66.2 1.045630193236076
9 6 0 0 -87.29 2.574836982024013
9 6 1 8 -85.2251 0.4202676150502109
9 6 1 1 -86.1409 1.1200432714506303
9 6 0 4 -85.35 1.1200432714506303
9 6 6 6 -72.2299 1.4346625681183898
9 6 5 3 -78.6168 0.4202676150502109
9 6 3 8 -82.5249 0.5181550542899774
9 6 5 6 -76.4723 1.8626419592629413
9 7 7 3 -76.9628 1.8626419592629413
9 7 8 5 -64.604 0.31961585322723524
9 7 7 9 -72.73 1.8306104706098087
9 7 1 3 -85.5403 2.341681953932289
9 7 4 3 -81.6262 1.8306104706098087
9 7 7 8 -70.259 1.1200432714506303
9 7 8 3 -76.2808 0.4202676150502109
9 7 0 7 -85.27 2.02253412315468
9 7 8 0 -82.41 0.4142809311761813
9 7 7 7 -64.7324 2.574836982024013
9 7 7 5 -67.8681 1.045630193236076
9 7 9 4 -72.59 1.045630193236076
9 7 0 0 -87.49 2.574836982024013
9 7 1 8 -84.9083 0.4202676150502109
9 7 1 1 -86.6763 1.1200432714506303
9 7 0 4 -86.2 1.1200432714506303
9 7 6 6 -72.0117 1.4346625681183898
9 7 5 3 -80.0488 0.4202676150502109
9 7 3 8 -81.9339 0.5181550542899774
9 7 5 6 -76.3353 1.8626419592629413
9 8 7 3 -79.381 1.8626419592629413
9 8 8 5 -70.9913 0.31961585322723524
9 8 7 9 -66.53 1.8306104706098087
9 8 1 3 -86.0242 2.341681953932289
9 8 4 3 -82.6736 1.8306104706098087
9 8 7 8 -65.2382 1.1200432714506303
9 8 8 3 -78.9748 0.4202676150502109
9 8 0 7 -85.25 2.02253412315468
9 8 8 0 -83.75 0.4142809311761813
9 8 7 7 -63.3669 2.574836982024013
9 8 7 5 -72.9535 1.045630193236076
9 8 9 4 -76.24 1.045630193236076
9 8 0 0 -88.2 2.574836982024013
9 8 1 8 -84.7084 0.4202676150502109
9 8 1 1 -87.2445 1.1200432714506303
9 8 0 4 -86.35 1.1200432714506303
9 8 6 6 -73.4739 1.4346625681183898
9 8 5 3 -81.4505 0.4202676150502109
9 8 3 8 -81.5507 0.5181550542899774
9 8 5 6 -76.9816 1.8626419592629413
9 9 7 3 -81.2924 1.8626419592629413
9 9 8 5 -75.5715 0.31961585322723524
9 9 7 9 -70.78 1.8306104706098087
9 9 1 3 -86.5559 2.341681953932289
9 9 4 3 -83.7074 1.8306104706098087
9 9 7 8 -63.856700000000004 1.1200432714506303
9 9 8 3 -81.0294 0.4202676150502109
9 9 0 7 -85.29 2.02253412315468
9 9 8 0 -84.91 0.4142809311761813
9 9 7 7 -66.6353 2.574836982024013
9 9 7 5 -76.3307 1.045630193236076
9 9 9 4 -78.79 1.045630193236076
9 9 0 0 -89.03 2.574836982024013
9 9 1 8 -84.6516 0.4202676150502109
9 9 1 1 -87.8266 1.1200432714506303
9 9 0 4 -84.48 1.1200432714506303
9 9 6 6 -75.4889 1.4346625681183898
9 9 5 3 -82.7589 0.4202676150502109
9 9 3 8 -81.441 0.5181550542899774
9 9 5 6 -78.1692 1.8626419592629413
