0 0 8 3 -86.5207 0.7535492018748609
0 0 3 9 -96.06 1.045630193236076
0 0 5 0 -81.33 1.8543377546204012
0 0 3 6 -84.1446 0.31961585322723524
0 0 6 3 -84.0637 0.4154391840750011
0 0 3 4 -81.0194 0.5181550542899774
0 0 4 8 -87.1205 0.5181550542899774
0 0 8 2 -86.3796 0.4154391840750011
0 0 1 2 -71.6691 0.7535492018748609
0 0 6 7 -87.009 1.8306104706098087
0 0 1 5 -81.0526 2.341681953932289
0 0 4 2 -80.054 0.5181550542899774
0 0 7 0 -84.43 1.8626419592629413
0 0 4 5 -83.5127 0.4518638216531902
0 0 7 5 -86.4057 0.4202676150502109
0 0 8 0 -86.01 1.1200432714506303
0 0 6 4 -84.7366 0.4154391840750011
0 0 1 0 -64.66 1.1200432714506303
0 0 8 1 -86.8694 1.4346625681183898
0 0 0 6 -82.41 0.5181550542899774
0 1 8 3 -86.1259 0.7535492018748609
0 1 3 9 -86.3 1.045630193236076
0 1 5 0 -81.35 1.8543377546204012
0 1 3 6 -82.7454 0.31961585322723524
0 1 6 3 -83.5698 0.4154391840750011
0 1 3 4 -79.5571 0.5181550542899774
0 1 4 8 -86.1302 0.5181550542899774
0 1 8 2 -87.3033 0.4154391840750011
0 1 1 2 -65.9788 0.7535492018748609
0 1 6 7 -86.3183 1.8306104706098087
0 1 1 5 -79.0689 2.341681953932289
0 1 4 2 -79.331 0.5181550542899774
0 1 7 0 -84.44 1.8626419592629413
0 1 4 5 -82.4298 0.4518638216531902
0 1 7 5 -85.8722 0.4202676150502109
0 1 8 0 -86.02 1.1200432714506303
0 1 6 4 -84.1237 0.4154391840750011
0 1 1 0 -64.76 1.1200432714506303
0 1 8 1 -90.7711 1.4346625681183898
0 1 0 6 -80.83 0.5181550542899774
0 2 8 3 -85.8359 0.7535492018748609
0 2 3 9 -85.41 1.045630193236076
0 2 5 0 -81.49 1.8543377546204012
0 2 3 6 -81.3362 0.31961585322723524
0 2 6 3 -83.2055 0.4154391840750011
0 2 3 4 -78.0843 0.5181550542899774
0 2 4 8 -84.9658 0.5181550542899774
0 2 8 2 -86.3683 0.4154391840750011
0 2 1 2 -62.696799999999996 0.7535492018748609
0 2 6 7 -85.6228 1.8306104706098087
0 2 1 5 -76.5417 2.341681953932289
0 2 4 2 -78.9901 0.5181550542899774
0 2 7 0 -84.52 1.8626419592629413
0 2 4 5 -81.3695 0.4518638216531902
0 2 7 5 -85.3823 0.4202676150502109
0 2 8 0 -86.08 1.1200432714506303
0 2 6 4 -83.6145 0.4154391840750011
0 2 1 0 -66.38 1.1200432714506303
0 2 8 1 -86.3035 1.4346625681183898
0 2 0 6 -78.89 0.5181550542899774
0 3 8 3 -85.7161 0.7535492018748609
0 3 3 9 -84.25 1.045630193236076
0 3 5 0 -81.73 1.8543377546204012
0 3 3 6 -79.899 0.31961585322723524
0 3 6 3 -83.0336 0.4154391840750011
0 3 3 4 -76.7882 0.5181550542899774
0 3 4 8 -83.8574 0.5181550542899774
0 3 8 2 -85.9142 0.4154391840750011
0 3 1 2 -64.0064 0.7535492018748609
0 3 6 7 -84.9503 1.8306104706098087
0 3 1 5 -73.1499 2.341681953932289
0 3 4 2 -79.1228 0.5181550542899774
0 3 7 0 -84.65 1.8626419592629413
0 3 4 5 -80.3465 0.4518638216531902
0 3 7 5 -84.9818 0.4202676150502109
0 3 8 0 -86.17 1.1200432714506303
0 3 6 4 -83.2405 0.4154391840750011
0 3 1 0 -72.66 1.1200432714506303
0 3 8 1 -86.4805 1.4346625681183898
0 3 0 6 -76.39 0.5181550542899774
0 4 8 3 -85.804 0.7535492018748609
0 4 3 9 -82.9 1.045630193236076
0 4 5 0 -83.17 1.8543377546204012
0 4 3 6 -78.751 0.31961585322723524
0 4 6 3 -83.0692 0.4154391840750011
0 4 3 4 -76.0168 0.5181550542899774
0 4 4 8 -82.9236 0.5181550542899774
0 4 8 2 -85.9564 0.4154391840750011
0 4 1 2 -69.1856 0.7535492018748609
0 4 6 7 -84.3365 1.8306104706098087
0 4 1 5 -67.8413 2.341681953932289
0 4 4 2 -79.69 0.5181550542899774
0 4 7 0 -85.6 1.8626419592629413
0 4 4 5 -79.4729 0.4518638216531902
0 4 7 5 -84.6894 0.4202676150502109
0 4 8 0 -86.31 1.1200432714506303
0 4 6 4 -83.0485 0.4154391840750011
0 4 1 0 -76.28 1.1200432714506303
0 4 8 1 -86.2321 1.4346625681183898
0 4 0 6 -72.87 0.5181550542899774
0 5 8 3 -85.9297 0.7535492018748609
0 5 3 9 -81.4 1.045630193236076
0 5 5 0 -83.4 1.8543377546204012
0 5 3 6 -77.0621 0.31961585322723524
0 5 6 3 -83.307 0.4154391840750011
0 5 3 4 -76.0453 0.5181550542899774
0 5 4 8 -81.7066 0.5181550542899774
0 5 8 2 -86.1991 0.4154391840750011
0 5 1 2 -73.9967 0.7535492018748609
0 5 6 7 -83.7705 1.8306104706098087
0 5 1 5 -63.2689 2.341681953932289
0 5 4 2 -80.5592 0.5181550542899774
0 5 7 0 -86.8 1.8626419592629413
0 5 4 5 -79.0456 0.4518638216531902
0 5 7 5 -84.5375 0.4202676150502109
0 5 8 0 -87.18 1.1200432714506303
0 5 6 4 -83.0603 0.4154391840750011
0 5 1 0 -78.83 1.1200432714506303
0 5 8 1 -86.57 1.4346625681183898
0 5 0 6 -66.86 0.5181550542899774
0 6 8 3 -86.1612 0.7535492018748609
0 6 3 9 -79.62 1.045630193236076
0 6 5 0 -84.6 1.8543377546204012
0 6 3 6 -76.1138 0.31961585322723524
0 6 6 3 -83.7112 0.4154391840750011
0 6 3 4 -76.901 0.5181550542899774
0 6 4 8 -80.6821 0.5181550542899774
0 6 8 2 -86.5216 0.4154391840750011
0 6 1 2 -77.1518 0.7535492018748609
0 6 6 7 -83.3466 1.8306104706098087
0 6 1 5 -62.967200000000005 2.341681953932289
0 6 4 2 -81.5913 0.5181550542899774
0 6 7 0 -92.26 1.8626419592629413
0 6 4 5 -79.0259 0.4518638216531902
0 6 7 5 -84.5253 0.4202676150502109
0 6 8 0 -87.3 1.1200432714506303
0 6 6 4 -83.2748 0.4154391840750011
0 6 1 0 -80.78 1.1200432714506303
0 6 8 1 -87.0323 1.4346625681183898
0 6 0 6 -66.31 0.5181550542899774
0 7 8 3 -86.4896 0.7535492018748609
0 7 3 9 -79.08 1.045630193236076
0 7 5 0 -85.63 1.8543377546204012
0 7 3 6 -75.9582 0.31961585322723524
0 7 6 3 -84.2456 0.4154391840750011
0 7 3 4 -78.2216 0.5181550542899774
0 7 4 8 -79.7796 0.5181550542899774
0 7 8 2 -86.9397 0.4154391840750011
0 7 1 2 -79.542 0.7535492018748609
0 7 6 7 -83.0901 1.8306104706098087
0 7 1 5 -67.2727 2.341681953932289
0 7 4 2 -82.6658 0.5181550542899774
0 7 7 0 -93.04 1.8626419592629413
0 7 4 5 -79.4601 0.4518638216531902
0 7 7 5 -84.6667 0.4202676150502109
0 7 8 0 -87.55 1.1200432714506303
0 7 6 4 -83.6669 0.4154391840750011
0 7 1 0 -82.38 1.1200432714506303
0 7 8 1 -87.3245 1.4346625681183898
0 7 0 6 -65.33 0.5181550542899774
0 8 8 3 -86.8798 0.7535492018748609
0 8 3 9 -76.86 1.045630193236076
0 8 5 0 -85.94 1.8543377546204012
0 8 3 6 -76.6561 0.31961585322723524
0 8 6 3 -84.8633 0.4154391840750011
0 8 3 4 -79.7023 0.5181550542899774
0 8 4 8 -79.1707 0.5181550542899774
0 8 8 2 -87.3584 0.4154391840750011
0 8 1 2 -81.4343 0.7535492018748609
0 8 6 7 -83.0288 1.8306104706098087
0 8 1 5 -72.6725 2.341681953932289
0 8 4 2 -83.7275 0.5181550542899774
0 8 7 0 -93.83 1.8626419592629413
0 8 4 5 -80.2492 0.4518638216531902
0 8 7 5 -84.9419 0.4202676150502109
0 8 8 0 -88.25 1.1200432714506303
0 8 6 4 -84.1848 0.4154391840750011
0 8 1 0 -83.72 1.1200432714506303
0 8 8 1 -87.8859 1.4346625681183898
0 8 0 6 -66.87 0.5181550542899774
0 9 8 3 -87.3298 0.7535492018748609
0 9 3 9 -76.53 1.045630193236076
0 9 5 0 -86.87 1.8543377546204012
0 9 3 6 -77.9391 0.31961585322723524
0 9 6 3 -85.5482 0.4154391840750011
0 9 3 4 -84.4967 0.5181550542899774
0 9 4 8 -78.9786 0.5181550542899774
0 9 8 2 -87.8654 0.4154391840750011
0 9 1 2 -83.0078 0.7535492018748609
0 9 6 7 -83.1767 1.8306104706098087
0 9 1 5 -76.1982 2.341681953932289
0 9 4 2 -84.7209 0.5181550542899774
0 9 7 0 -87.96 1.8626419592629413
0 9 4 5 -81.2426 0.4518638216531902
0 9 7 5 -85.3295 0.4202676150502109
0 9 8 0 -88.99 1.1200432714506303
0 9 6 4 -84.7963 0.4154391840750011
0 9 1 0 -84.89 1.1200432714506303
0 9 8 1 -88.4231 1.4346625681183898
0 9 0 6 -72.87 0.5181550542899774
1 0 8 3 -85.3982 0.7535492018748609
1 0 3 9 -86.64 1.045630193236076
1 0 5 0 -80.0 1.8543377546204012
1 0 3 6 -83.3152 0.31961585322723524
1 0 6 3 -82.8346 0.4154391840750011
1 0 3 4 -79.8921 0.5181550542899774
1 0 4 8 -86.2484 0.5181550542899774
1 0 8 2 -84.9976 0.4154391840750011
1 0 1 2 -69.4645 0.7535492018748609
1 0 6 7 -86.4061 1.8306104706098087
1 0 1 5 -80.8149 2.341681953932289
1 0 4 2 -78.0103 0.5181550542899774
1 0 7 0 -83.51 1.8626419592629413
1 0 4 5 -82.624 0.4518638216531902
1 0 7 5 -85.5697 0.4202676150502109
1 0 8 0 -84.43 1.1200432714506303
1 0 6 4 -83.6828 0.4154391840750011
1 0 1 0 -64.62 1.1200432714506303
1 0 8 1 -84.7359 1.4346625681183898
1 0 0 6 -82.33 0.5181550542899774
1 1 8 3 -85.0312 0.7535492018748609
1 1 3 9 -85.71 1.045630193236076
1 1 5 0 -80.02 1.8543377546204012
1 1 3 6 -81.9123 0.31961585322723524
1 1 6 3 -82.1715 0.4154391840750011
1 1 3 4 -77.9569 0.5181550542899774
1 1 4 8 -85.2749 0.5181550542899774
1 1 8 2 -84.7576 0.4154391840750011
1 1 1 2 -63.54130000000001 0.7535492018748609
1 1 6 7 -85.6003 1.8306104706098087
1 1 1 5 -78.7074 2.341681953932289
1 1 4 2 -76.8725 0.5181550542899774
1 1 7 0 -83.53 1.8626419592629413
1 1 4 5 -81.3022 0.4518638216531902
1 1 7 5 -84.9135 0.4202676150502109
1 1 8 0 -84.44 1.1200432714506303
1 1 6 4 -82.9161 0.4154391840750011
1 1 1 0 -64.74 1.1200432714506303
1 1 8 1 -84.6491 1.4346625681183898
1 1 0 6 -80.72 0.5181550542899774
1 2 8 3 -84.7732 0.7535492018748609
1 2 3 9 -84.63 1.045630193236076
1 2 5 0 -80.19 1.8543377546204012
1 2 3 6 -80.2927 0.31961585322723524
1 2 6 3 -81.6882 0.4154391840750011
1 2 3 4 -75.7373 0.5181550542899774
1 2 4 8 -84.2086 0.5181550542899774
1 2 8 2 -84.6506 0.4154391840750011
1 2 1 2 -60.9804 0.7535492018748609
1 2 6 7 -84.7839 1.8306104706098087
1 2 1 5 -75.9306 2.341681953932289
1 2 4 2 -76.3022 0.5181550542899774
1 2 7 0 -83.62 1.8626419592629413
1 2 4 5 -79.8911 0.4518638216531902
1 2 7 5 -84.318 0.4202676150502109
1 2 8 0 -84.52 1.1200432714506303
1 2 6 4 -82.2417 0.4154391840750011
1 2 1 0 -66.71 1.1200432714506303
1 2 8 1 -84.7001 1.4346625681183898
1 2 0 6 -78.74 0.5181550542899774
1 3 8 3 -84.6559 0.7535492018748609
1 3 3 9 -83.4 1.045630193236076
1 3 5 0 -80.5 1.8543377546204012
1 3 3 6 -78.4149 0.31961585322723524
1 3 6 3 -81.4513 0.4154391840750011
1 3 3 4 -73.6649 0.5181550542899774
1 3 4 8 -83.0455 0.5181550542899774
1 3 8 2 -84.6888 0.4154391840750011
1 3 1 2 -61.893600000000006 0.7535492018748609
1 3 6 7 -83.9618 1.8306104706098087
1 3 1 5 -71.6885 2.341681953932289
1 3 4 2 -76.5263 0.5181550542899774
1 3 7 0 -83.8 1.8626419592629413
1 3 4 5 -78.4726 0.4518638216531902
1 3 7 5 -83.8024 0.4202676150502109
1 3 8 0 -85.44 1.1200432714506303
1 3 6 4 -81.7289 0.4154391840750011
1 3 1 0 -72.81 1.1200432714506303
1 3 8 1 -84.8972 1.4346625681183898
1 3 0 6 -76.15 0.5181550542899774
1 4 8 3 -84.6736 0.7535492018748609
1 4 3 9 -81.96 1.045630193236076
1 4 5 0 -82.05 1.8543377546204012
1 4 3 6 -76.2552 0.31961585322723524
1 4 6 3 -81.4927 0.4154391840750011
1 4 3 4 -72.0606 0.5181550542899774
1 4 4 8 -81.7566 0.5181550542899774
1 4 8 2 -84.8653 0.4154391840750011
1 4 1 2 -66.4547 0.7535492018748609
1 4 6 7 -83.1673 1.8306104706098087
1 4 1 5 -65.1142 2.341681953932289
1 4 4 2 -77.4532 0.5181550542899774
1 4 7 0 -84.0 1.8626419592629413
1 4 4 5 -77.211 0.4518638216531902
1 4 7 5 -83.4255 0.4202676150502109
1 4 8 0 -85.6 1.1200432714506303
1 4 6 4 -81.4635 0.4154391840750011
1 4 1 0 -76.35 1.1200432714506303
1 4 8 1 -85.2216 1.4346625681183898
1 4 0 6 -72.43 0.5181550542899774
1 5 8 3 -84.8417 0.7535492018748609
1 5 3 9 -80.26 1.045630193236076
1 5 5 0 -82.44 1.8543377546204012
1 5 3 6 -73.728 0.31961585322723524
1 5 6 3 -81.8143 0.4154391840750011
1 5 3 4 -72.1205 0.5181550542899774
1 5 4 8 -79.5583 0.5181550542899774
1 5 8 2 -85.1347 0.4154391840750011
1 5 1 2 -72.9057 0.7535492018748609
1 5 6 7 -82.4307 1.8306104706098087
1 5 1 5 -60.800399999999996 2.341681953932289
1 5 4 2 -78.7713 0.5181550542899774
1 5 7 0 -83.37 1.8626419592629413
1 5 4 5 -76.4658 0.4518638216531902
1 5 7 5 -83.2199 0.4202676150502109
1 5 8 0 -93.28 1.1200432714506303
1 5 6 4 -81.4757 0.4154391840750011
1 5 1 0 -78.87 1.1200432714506303
1 5 8 1 -87.1071 1.4346625681183898
1 5 0 6 -66.78 0.5181550542899774
1 6 8 3 -85.136 0.7535492018748609
1 6 3 9 -78.32 1.045630193236076
1 6 5 0 -83.83 1.8543377546204012
1 6 3 6 -72.2329 0.31961585322723524
1 6 6 3 -82.3687 0.4154391840750011
1 6 3 4 -73.8035 0.5181550542899774
1 6 4 8 -78.9421 0.5181550542899774
1 6 8 2 -85.634 0.4154391840750011
1 6 1 2 -76.6203 0.7535492018748609
1 6 6 7 -81.8704 1.8306104706098087
1 6 1 5 -61.092299999999994 2.341681953932289
1 6 4 2 -80.2013 0.5181550542899774
1 6 7 0 -85.33 1.8626419592629413
1 6 4 5 -76.3577 0.4518638216531902
1 6 7 5 -83.2049 0.4202676150502109
1 6 8 0 -86.69 1.1200432714506303
1 6 6 4 -81.7728 0.4154391840750011
1 6 1 0 -80.81 1.1200432714506303
1 6 8 1 -86.0527 1.4346625681183898
1 6 0 6 -66.79 0.5181550542899774
1 7 8 3 -85.5369 0.7535492018748609
1 7 3 9 -75.35 1.045630193236076
1 7 5 0 -84.92 1.8543377546204012
1 7 3 6 -71.9734 0.31961585322723524
1 7 6 3 -83.0687 0.4154391840750011
1 7 3 4 -75.9872 0.5181550542899774
1 7 4 8 -77.6114 0.5181550542899774
1 7 8 2 -86.0736 0.4154391840750011
1 7 1 2 -79.229 0.7535492018748609
1 7 6 7 -81.5215 1.8306104706098087
1 7 1 5 -64.5842 2.341681953932289
1 7 4 2 -81.599 0.5181550542899774
1 7 7 0 -87.13 1.8626419592629413
1 7 4 5 -77.0878 0.4518638216531902
1 7 7 5 -83.3931 0.4202676150502109
1 7 8 0 -86.92 1.1200432714506303
1 7 6 4 -82.3004 0.4154391840750011
1 7 1 0 -82.4 1.1200432714506303
1 7 8 1 -86.6571 1.4346625681183898
1 7 0 6 -65.93 0.5181550542899774
1 8 8 3 -86.0184 0.7535492018748609
1 8 3 9 -74.48 1.045630193236076
1 8 5 0 -85.34 1.8543377546204012
1 8 3 6 -73.3896 0.31961585322723524
1 8 6 3 -83.8635 0.4154391840750011
1 8 3 4 -78.173 0.5181550542899774
1 8 4 8 -76.6012 0.5181550542899774
1 8 8 2 -86.614 0.4154391840750011
1 8 1 2 -81.2279 0.7535492018748609
1 8 6 7 -81.4387 1.8306104706098087
1 8 1 5 -70.9622 2.341681953932289
1 8 4 2 -82.8956 0.5181550542899774
1 8 7 0 -87.17 1.8626419592629413
1 8 4 5 -78.3096 0.4518638216531902
1 8 7 5 -83.7502 0.4202676150502109
1 8 8 0 -87.72 1.1200432714506303
1 8 6 4 -82.9839 0.4154391840750011
1 8 1 0 -83.74 1.1200432714506303
1 8 8 1 -87.2391 1.4346625681183898
1 8 0 6 -65.91 0.5181550542899774
1 9 8 3 -86.5486 0.7535492018748609
1 9 3 9 -70.64 1.045630193236076
1 9 5 0 -86.36 1.8543377546204012
1 9 3 6 -75.466 0.31961585322723524
1 9 6 3 -84.6782 0.4154391840750011
1 9 3 4 -80.0917 0.5181550542899774
1 9 4 8 -76.2858 0.5181550542899774
1 9 8 2 -87.1758 0.4154391840750011
1 9 1 2 -82.8575 0.7535492018748609
1 9 6 7 -81.6457 1.8306104706098087
1 9 1 5 -75.5722 2.341681953932289
1 9 4 2 -84.0836 0.5181550542899774
1 9 7 0 -87.43 1.8626419592629413
1 9 4 5 -79.7115 0.4518638216531902
1 9 7 5 -84.2421 0.4202676150502109
1 9 8 0 -88.55 1.1200432714506303
1 9 6 4 -83.7722 0.4154391840750011
1 9 1 0 -84.91 1.1200432714506303
1 9 8 1 -87.8218 1.4346625681183898
1 9 0 6 -72.47 0.5181550542899774
2 0 8 3 -84.319 0.7535492018748609
2 0 3 9 -86.77 1.045630193236076
2 0 5 0 -76.49 1.8543377546204012
2 0 3 6 -82.9083 0.31961585322723524
2 0 6 3 -81.454 0.4154391840750011
2 0 3 4 -78.9645 0.5181550542899774
2 0 4 8 -85.9083 0.5181550542899774
2 0 8 2 -83.7994 0.4154391840750011
2 0 1 2 -70.9166 0.7535492018748609
2 0 6 7 -85.8167 1.8306104706098087
2 0 1 5 -80.9641 2.341681953932289
2 0 4 2 -75.5387 0.5181550542899774
2 0 7 0 -81.33 1.8626419592629413
2 0 4 5 -81.8243 0.4518638216531902
2 0 7 5 -84.6952 0.4202676150502109
2 0 8 0 -83.51 1.1200432714506303
2 0 6 4 -82.5644 0.4154391840750011
2 0 1 0 -64.62 1.1200432714506303
2 0 8 1 -83.4689 1.4346625681183898
2 0 0 6 -83.5 0.5181550542899774
2 1 8 3 -83.8455 0.7535492018748609
2 1 3 9 -84.88 1.045630193236076
2 1 5 0 -76.53 1.8543377546204012
2 1 3 6 -81.3295 0.31961585322723524
2 1 6 3 -80.5524 0.4154391840750011
2 1 3 4 -76.4704 0.5181550542899774
2 1 4 8 -84.8484 0.5181550542899774
2 1 8 2 -83.4875 0.4154391840750011
2 1 1 2 -65.1434 0.7535492018748609
2 1 6 7 -84.8947 1.8306104706098087
2 1 1 5 -78.9411 2.341681953932289
2 1 4 2 -73.5674 0.5181550542899774
2 1 7 0 -81.35 1.8626419592629413
2 1 4 5 -80.2016 0.4518638216531902
2 1 7 5 -83.8965 0.4202676150502109
2 1 8 0 -83.53 1.1200432714506303
2 1 6 4 -81.5729 0.4154391840750011
2 1 1 0 -64.78 1.1200432714506303
2 1 8 1 -83.3471 1.4346625681183898
2 1 0 6 -82.08 0.5181550542899774
2 2 8 3 -83.5113 0.7535492018748609
2 2 3 9 -83.71 1.045630193236076
2 2 5 0 -76.85 1.8543377546204012
2 2 3 6 -79.4393 0.31961585322723524
2 2 6 3 -79.8511 0.4154391840750011
2 2 3 4 -73.2591 0.5181550542899774
2 2 4 8 -83.6588 0.5181550542899774
2 2 8 2 -83.3484 0.4154391840750011
2 2 1 2 -61.938500000000005 0.7535492018748609
2 2 6 7 -83.915 1.8306104706098087
2 2 1 5 -76.3175 2.341681953932289
2 2 4 2 -72.4989 0.5181550542899774
2 2 7 0 -81.49 1.8626419592629413
2 2 4 5 -78.3597 0.4518638216531902
2 2 7 5 -83.1314 0.4202676150502109
2 2 8 0 -83.62 1.1200432714506303
2 2 6 4 -80.639 0.4154391840750011
2 2 1 0 -66.55 1.1200432714506303
2 2 8 1 -83.4204 1.4346625681183898
2 2 0 6 -80.37 0.5181550542899774
2 3 8 3 -83.355 0.7535492018748609
2 3 3 9 -82.36 1.045630193236076
2 3 5 0 -79.23 1.8543377546204012
2 3 3 6 -77.0841 0.31961585322723524
2 3 6 3 -79.5031 0.4154391840750011
2 3 3 4 -68.4447 0.5181550542899774
2 3 4 8 -82.317 0.5181550542899774
2 3 8 2 -83.405 0.4154391840750011
2 3 1 2 -63.659499999999994 0.7535492018748609
2 3 6 7 -82.9134 1.8306104706098087
2 3 1 5 -72.3821 2.341681953932289
2 3 4 2 -72.9769 0.5181550542899774
2 3 7 0 -82.81 1.8626419592629413
2 3 4 5 -76.2456 0.4518638216531902
2 3 7 5 -82.4648 0.4202676150502109
2 3 8 0 -83.78 1.1200432714506303
2 3 6 4 -79.9166 0.4154391840750011
2 3 1 0 -72.74 1.1200432714506303
2 3 8 1 -83.683 1.4346625681183898
2 3 0 6 -78.22 0.5181550542899774
2 4 8 3 -83.3859 0.7535492018748609
2 4 3 9 -80.75 1.045630193236076
2 4 5 0 -79.6 1.8543377546204012
2 4 3 6 -74.0557 0.31961585322723524
2 4 6 3 -79.5745 0.4154391840750011
2 4 3 4 -64.4416 0.5181550542899774
2 4 4 8 -80.7813 0.5181550542899774
2 4 8 2 -83.6437 0.4154391840750011
2 4 1 2 -68.1941 0.7535492018748609
2 4 6 7 -81.893 1.8306104706098087
2 4 1 5 -66.7074 2.341681953932289
2 4 4 2 -74.6065 0.5181550542899774
2 4 7 0 -83.01 1.8626419592629413
2 4 4 5 -74.2054 0.4518638216531902
2 4 7 5 -81.9519 0.4202676150502109
2 4 8 0 -84.05 1.1200432714506303
2 4 6 4 -79.5211 0.4154391840750011
2 4 1 0 -76.32 1.1200432714506303
2 4 8 1 -84.092 1.4346625681183898
2 4 0 6 -75.61 0.5181550542899774
2 5 8 3 -83.6085 0.7535492018748609
2 5 3 9 -78.78 1.045630193236076
2 5 5 0 -81.38 1.8543377546204012
2 5 3 6 -69.5347 0.31961585322723524
2 5 6 3 -80.0487 0.4154391840750011
2 5 3 4 -64.6572 0.5181550542899774
2 5 4 8 -79.007 0.5181550542899774
2 5 8 2 -84.0416 0.4154391840750011
2 5 1 2 -73.6606 0.7535492018748609
2 5 6 7 -80.9301 1.8306104706098087
2 5 1 5 -62.464 2.341681953932289
2 5 4 2 -76.7231 0.5181550542899774
2 5 7 0 -84.48 1.8626419592629413
2 5 4 5 -72.7098 0.4518638216531902
2 5 7 5 -81.6665 0.4202676150502109
2 5 8 0 -85.07 1.1200432714506303
2 5 6 4 -79.544 0.4154391840750011
2 5 1 0 -78.83 1.1200432714506303
2 5 8 1 -84.6189 1.4346625681183898
2 5 0 6 -70.83 0.5181550542899774
2 6 8 3 -83.9829 0.7535492018748609
2 6 3 9 -76.22 1.045630193236076
2 6 5 0 -82.94 1.8543377546204012
2 6 3 6 -65.0226 0.31961585322723524
2 6 6 3 -80.8245 0.4154391840750011
2 6 3 4 -69.0183 0.5181550542899774
2 6 4 8 -76.9852 0.5181550542899774
2 6 8 2 -84.5637 0.4154391840750011
2 6 1 2 -76.9622 0.7535492018748609
2 6 6 7 -80.128 1.8306104706098087
2 6 1 5 -62.1344 2.341681953932289
2 6 4 2 -78.7951 0.5181550542899774
2 6 7 0 -87.4 1.8626419592629413
2 6 4 5 -72.616 0.4518638216531902
2 6 7 5 -81.6512 0.4202676150502109
2 6 8 0 -85.38 1.1200432714506303
2 6 6 4 -79.9805 0.4154391840750011
2 6 1 0 -80.8 1.1200432714506303
2 6 8 1 -85.1991 1.4346625681183898
2 6 0 6 -70.78 0.5181550542899774
2 7 8 3 -84.4963 0.7535492018748609
2 7 3 9 -75.41 1.045630193236076
2 7 5 0 -84.28 1.8543377546204012
2 7 3 6 -64.2654 0.31961585322723524
2 7 6 3 -81.7726 0.4154391840750011
2 7 3 4 -73.651 0.5181550542899774
2 7 4 8 -74.849 0.5181550542899774
2 7 8 2 -85.1685 0.4154391840750011
2 7 1 2 -79.4422 0.7535492018748609
2 7 6 7 -79.6084 1.8306104706098087
2 7 1 5 -66.1376 2.341681953932289
2 7 4 2 -80.5828 0.5181550542899774
2 7 7 0 -90.51 1.8626419592629413
2 7 4 5 -74.008 0.4518638216531902
2 7 7 5 -81.9084 0.4202676150502109
2 7 8 0 -86.3 1.1200432714506303
2 7 6 4 -80.7298 0.4154391840750011
2 7 1 0 -82.39 1.1200432714506303
2 7 8 1 -85.8873 1.4346625681183898
2 7 0 6 -70.86 0.5181550542899774
2 8 8 3 -85.0871 0.7535492018748609
2 8 3 9 -71.83 1.045630193236076
2 8 5 0 -85.43 1.8543377546204012
2 8 3 6 -67.7775 0.31961585322723524
2 8 6 3 -82.7917 0.4154391840750011
2 8 3 4 -76.7657 0.5181550542899774
2 8 4 8 -73.1291 0.5181550542899774
2 8 8 2 -85.8028 0.4154391840750011
2 8 1 2 -81.3649 0.7535492018748609
2 8 6 7 -79.4864 1.8306104706098087
2 8 1 5 -72.1433 2.341681953932289
2 8 4 2 -82.1483 0.5181550542899774
2 8 7 0 -86.57 1.8626419592629413
2 8 4 5 -75.9814 0.4518638216531902
2 8 7 5 -82.394 0.4202676150502109
2 8 8 0 -87.18 1.1200432714506303
2 8 6 4 -81.6619 0.4154391840750011
2 8 1 0 -83.73 1.1200432714506303
2 8 8 1 -86.5532 1.4346625681183898
2 8 0 6 -70.85 0.5181550542899774
2 9 8 3 -85.7314 0.7535492018748609
2 9 3 9 -64.88 1.045630193236076
2 9 5 0 -86.28 1.8543377546204012
2 9 3 6 -72.8787 0.31961585322723524
2 9 6 3 -83.8072 0.4154391840750011
2 9 3 4 -79.2081 0.5181550542899774
2 9 4 8 -72.4543 0.5181550542899774
2 9 8 2 -86.477 0.4154391840750011
2 9 1 2 -82.9513 0.7535492018748609
2 9 6 7 -79.7884 1.8306104706098087
2 9 1 5 -75.9975 2.341681953932289
2 9 4 2 -83.5163 0.5181550542899774
2 9 7 0 -86.87 1.8626419592629413
2 9 4 5 -78.1243 0.4518638216531902
2 9 7 5 -83.048 0.4202676150502109
2 9 8 0 -88.07 1.1200432714506303
2 9 6 4 -82.6758 0.4154391840750011
2 9 1 0 -84.9 1.1200432714506303
2 9 8 1 -87.2186 1.4346625681183898
2 9 0 6 -75.4 0.5181550542899774
3 0 8 3 -83.1101 0.7535492018748609
3 0 3 9 -85.93 1.045630193236076
3 0 5 0 -74.01 1.8543377546204012
3 0 3 6 -82.6977 0.31961585322723524
3 0 6 3 -79.9305 0.4154391840750011
3 0 3 4 -78.4624 0.5181550542899774
3 0 4 8 -85.6666 0.5181550542899774
3 0 8 2 -82.4343 0.4154391840750011
3 0 1 2 -73.9382 0.7535492018748609
3 0 6 7 -85.2728 1.8306104706098087
3 0 1 5 -81.4441 2.341681953932289
3 0 4 2 -72.7326 0.5181550542899774
3 0 7 0 -80.0 1.8626419592629413
3 0 4 5 -81.192 0.4518638216531902
3 0 7 5 -83.7915 0.4202676150502109
3 0 8 0 -81.33 1.1200432714506303
3 0 6 4 -81.3869 0.4154391840750011
3 0 1 0 -70.52 1.1200432714506303
3 0 8 1 -81.9832 1.4346625681183898
3 0 0 6 -83.16 0.5181550542899774
3 1 8 3 -82.4976 0.7535492018748609
3 1 3 9 -84.9 1.045630193236076
3 1 5 0 -74.06 1.8543377546204012
3 1 3 6 -81.0417 0.31961585322723524
3 1 6 3 -78.6348 0.4154391840750011
3 1 3 4 -75.6071 0.5181550542899774
3 1 4 8 -84.5431 0.5181550542899774
3 1 8 2 -82.0097 0.4154391840750011
3 1 1 2 -71.0085 0.7535492018748609
3 1 6 7 -84.2264 1.8306104706098087
3 1 1 5 -79.6657 2.341681953932289
3 1 4 2 -68.1204 0.5181550542899774
3 1 7 0 -80.02 1.8626419592629413
3 1 4 5 -79.2943 0.4518638216531902
3 1 7 5 -82.8171 0.4202676150502109
3 1 8 0 -81.36 1.1200432714506303
3 1 6 4 -80.0728 0.4154391840750011
3 1 1 0 -70.59 1.1200432714506303
3 1 8 1 -81.819 1.4346625681183898
3 1 0 6 -83.16 0.5181550542899774
3 2 8 3 -82.0474 0.7535492018748609
3 2 3 9 -83.74 1.045630193236076
3 2 5 0 -74.54 1.8543377546204012
3 2 3 6 -78.9967 0.31961585322723524
3 2 6 3 -77.585 0.4154391840750011
3 2 3 4 -71.1084 0.5181550542899774
3 2 4 8 -83.2518 0.5181550542899774
3 2 8 2 -81.8181 0.4154391840750011
3 2 1 2 -68.8017 0.7535492018748609
3 2 6 7 -83.0821 1.8306104706098087
3 2 1 5 -77.5378 2.341681953932289
3 2 4 2 -64.9478 0.5181550542899774
3 2 7 0 -80.26 1.8626419592629413
3 2 4 5 -76.9128 0.4518638216531902
3 2 7 5 -81.8268 0.4202676150502109
3 2 8 0 -82.62 1.1200432714506303
3 2 6 4 -78.7866 0.4154391840750011
3 2 1 0 -71.73 1.1200432714506303
3 2 8 1 -81.9225 1.4346625681183898
3 2 0 6 -80.21 0.5181550542899774
3 3 8 3 -81.8274 0.7535492018748609
3 3 3 9 -82.39 1.045630193236076
3 3 5 0 -77.39 1.8543377546204012
3 3 3 6 -76.3234 0.31961585322723524
3 3 6 3 -76.9999 0.4154391840750011
3 3 3 4 -64.6073 0.5181550542899774
3 3 4 8 -81.7558 0.5181550542899774
3 3 8 2 -81.8952 0.4154391840750011
3 3 1 2 -69.7432 0.7535492018748609
3 3 6 7 -81.8443 1.8306104706098087
3 3 1 5 -75.0411 2.341681953932289
3 3 4 2 -66.2019 0.5181550542899774
3 3 7 0 -80.5 1.8626419592629413
3 3 4 5 -73.8841 0.4518638216531902
3 3 7 5 -80.9211 0.4202676150502109
3 3 8 0 -82.81 1.1200432714506303
3 3 6 4 -77.6841 0.4154391840750011
3 3 1 0 -75.31 1.1200432714506303
3 3 8 1 -82.272 1.4346625681183898
3 3 0 6 -77.63 0.5181550542899774
3 4 8 3 -81.866 0.7535492018748609
3 4 3 9 -80.8 1.045630193236076
3 4 5 0 -78.07 1.8543377546204012
3 4 3 6 -72.4403 0.31961585322723524
3 4 6 3 -77.1114 0.4154391840750011
3 4 3 4 -59.985299999999995 0.5181550542899774
3 4 4 8 -79.9761 0.5181550542899774
3 4 8 2 -82.2196 0.4154391840750011
3 4 1 2 -72.7312 0.7535492018748609
3 4 6 7 -80.5337 1.8306104706098087
3 4 1 5 -72.1107 2.341681953932289
3 4 4 2 -70.7815 0.5181550542899774
3 4 7 0 -82.05 1.8626419592629413
3 4 4 5 -69.6372 0.4518638216531902
3 4 7 5 -80.2 0.4202676150502109
3 4 8 0 -83.08 1.1200432714506303
3 4 6 4 -77.0324 0.4154391840750011
3 4 1 0 -78.07 1.1200432714506303
3 4 8 1 -82.8248 1.4346625681183898
3 4 0 6 -77.23 0.5181550542899774
3 5 8 3 -82.1665 0.7535492018748609
3 5 3 9 -78.85 1.045630193236076
3 5 5 0 -80.19 1.8543377546204012
3 5 3 6 -65.8633 0.31961585322723524
3 5 6 3 -77.8729 0.4154391840750011
3 5 3 4 -60.265100000000004 0.5181550542899774
3 5 4 8 -77.7681 0.5181550542899774
3 5 8 2 -82.7471 0.4154391840750011
3 5 1 2 -75.5514 0.7535492018748609
3 5 6 7 -79.1957 1.8306104706098087
3 5 1 5 -69.3803 2.341681953932289
3 5 4 2 -74.6861 0.5181550542899774
3 5 7 0 -82.44 1.8626419592629413
3 5 4 5 -65.5415 0.4518638216531902
3 5 7 5 -79.7854 0.4202676150502109
3 5 8 0 -84.28 1.1200432714506303
3 5 6 4 -77.0644 0.4154391840750011
3 5 1 0 -80.27 1.1200432714506303
3 5 8 1 -83.5089 1.4346625681183898
3 5 0 6 -74.18 0.5181550542899774
3 6 8 3 -82.6805 0.7535492018748609
3 6 3 9 -76.33 1.045630193236076
3 6 5 0 -81.9 1.8543377546204012
3 6 3 6 -60.876000000000005 0.31961585322723524
3 6 6 3 -79.0399 0.4154391840750011
3 6 3 4 -65.1372 0.5181550542899774
3 6 4 8 -75.0043 0.5181550542899774
3 6 8 2 -83.4184 0.4154391840750011
3 6 1 2 -78.0392 0.7535492018748609
3 6 6 7 -78.0011 1.8306104706098087
3 6 1 5 -69.1013 2.341681953932289
3 6 4 2 -77.4997 0.5181550542899774
3 6 7 0 -82.33 1.8626419592629413
3 6 4 5 -65.4803 0.4518638216531902
3 6 7 5 -79.7597 0.4202676150502109
3 6 8 0 -84.71 1.1200432714506303
3 6 6 4 -77.7667 0.4154391840750011
3 6 1 0 -82.01 1.1200432714506303
3 6 8 1 -84.2805 1.4346625681183898
3 6 0 6 -74.15 0.5181550542899774
3 7 8 3 -83.3424 0.7535492018748609
3 7 3 9 -72.79 1.045630193236076
3 7 5 0 -83.34 1.8543377546204012
3 7 3 6 -59.515299999999996 0.31961585322723524
3 7 6 3 -80.3743 0.4154391840750011
3 7 3 4 -71.8098 0.5181550542899774
3 7 4 8 -71.3094 0.5181550542899774
3 7 8 2 -84.1467 0.4154391840750011
3 7 1 2 -80.0986 0.7535492018748609
3 7 6 7 -77.1793 1.8306104706098087
3 7 1 5 -71.692 2.341681953932289
3 7 4 2 -79.756 0.5181550542899774
3 7 7 0 -81.07 1.8626419592629413
3 7 4 5 -69.0219 0.4518638216531902
3 7 7 5 -80.132 0.4202676150502109
3 7 8 0 -85.63 1.1200432714506303
3 7 6 4 -78.902 0.4154391840750011
3 7 1 0 -83.45 1.1200432714506303
3 7 8 1 -85.1902 1.4346625681183898
3 7 0 6 -73.97 0.5181550542899774
3 8 8 3 -84.0868 0.7535492018748609
3 8 3 9 -66.58 1.045630193236076
3 8 5 0 -84.59 1.8543377546204012
3 8 3 6 -63.9451 0.31961585322723524
3 8 6 3 -81.6899 0.4154391840750011
3 8 3 4 -75.9814 0.5181550542899774
3 8 4 8 -66.5745 0.5181550542899774
3 8 8 2 -84.9637 0.4154391840750011
3 8 1 2 -81.811 0.7535492018748609
3 8 6 7 -76.9717 1.8306104706098087
3 8 1 5 -74.7222 2.341681953932289
3 8 4 2 -81.5773 0.5181550542899774
3 8 7 0 -85.94 1.8626419592629413
3 8 4 5 -73.522 0.4518638216531902
3 8 7 5 -80.8227 0.4202676150502109
3 8 8 0 -86.61 1.1200432714506303
3 8 6 4 -80.2125 0.4154391840750011
3 8 1 0 -84.67 1.1200432714506303
3 8 8 1 -85.8406 1.4346625681183898
3 8 0 6 -74.24 0.5181550542899774
3 9 8 3 -84.8791 0.7535492018748609
3 9 3 9 -64.87 1.045630193236076
3 9 5 0 -85.68 1.8543377546204012
3 9 3 6 -70.4576 0.31961585322723524
3 9 6 3 -82.9417 0.4154391840750011
3 9 3 4 -78.7395 0.5181550542899774
3 9 4 8 -64.8585 0.5181550542899774
3 9 8 2 -85.7505 0.4154391840750011
3 9 1 2 -83.2717 0.7535492018748609
3 9 6 7 -77.4821 1.8306104706098087
3 9 1 5 -77.2351 2.341681953932289
3 9 4 2 -83.1021 0.5181550542899774
3 9 7 0 -86.87 1.8626419592629413
3 9 4 5 -76.6029 0.4518638216531902
3 9 7 5 -81.7146 0.4202676150502109
3 9 8 0 -87.54 1.1200432714506303
3 9 6 4 -81.5439 0.4154391840750011
3 9 1 0 -85.74 1.1200432714506303
3 9 8 1 -86.6141 1.4346625681183898
3 9 0 6 -74.9 0.5181550542899774
4 0 8 3 -81.7749 0.7535492018748609
4 0 3 9 -85.93 1.045630193236076
4 0 5 0 -64.63 1.8543377546204012
4 0 3 6 -82.7457 0.31961585322723524
4 0 6 3 -78.2802 0.4154391840750011
4 0 3 4 -78.5768 0.5181550542899774
4 0 4 8 -85.5357 0.5181550542899774
4 0 8 2 -80.8445 0.4154391840750011
4 0 1 2 -76.7101 0.7535492018748609
4 0 6 7 -84.8125 1.8306104706098087
4 0 1 5 -82.1614 2.341681953932289
4 0 4 2 -69.8844 0.5181550542899774
4 0 7 0 -76.49 1.8626419592629413
4 0 4 5 -80.8454 0.4518638216531902
4 0 7 5 -82.9078 0.4202676150502109
4 0 8 0 -80.0 1.1200432714506303
4 0 6 4 -80.2546 0.4154391840750011
4 0 1 0 -74.01 1.1200432714506303
4 0 8 1 -80.1949 1.4346625681183898
4 0 0 6 -84.28 0.5181550542899774
4 1 8 3 -80.9306 0.7535492018748609
4 1 3 9 -84.9 1.045630193236076
4 1 5 0 -64.75 1.8543377546204012
4 1 3 6 -81.1055 0.31961585322723524
4 1 6 3 -76.3231 0.4154391840750011
4 1 3 4 -75.8166 0.5181550542899774
4 1 4 8 -84.3732 0.5181550542899774
4 1 8 2 -80.2397 0.4154391840750011
4 1 1 2 -75.1657 0.7535492018748609
4 1 6 7 -83.6344 1.8306104706098087
4 1 1 5 -80.6828 2.341681953932289
4 1 4 2 -63.414100000000005 0.5181550542899774
4 1 7 0 -76.53 1.8626419592629413
4 1 4 5 -78.7543 0.4518638216531902
4 1 7 5 -81.6729 0.4202676150502109
4 1 8 0 -80.02 1.1200432714506303
4 1 6 4 -78.4922 0.4154391840750011
4 1 1 0 -74.05 1.1200432714506303
4 1 8 1 -79.9566 1.4346625681183898
4 1 0 6 -83.0 0.5181550542899774
4 2 8 3 -80.299 0.7535492018748609
4 2 3 9 -83.74 1.045630193236076
4 2 5 0 -71.65 1.8543377546204012
4 2 3 6 -79.094 0.31961585322723524
4 2 6 3 -74.5429 0.4154391840750011
4 2 3 4 -71.3638 0.5181550542899774
4 2 4 8 -83.0296 0.5181550542899774
4 2 8 2 -79.9599 0.4154391840750011
4 2 1 2 -74.3318 0.7535492018748609
4 2 6 7 -82.314 1.8306104706098087
4 2 1 5 -79.06 2.341681953932289
4 2 4 2 -59.6699 0.5181550542899774
4 2 7 0 -78.68 1.8626419592629413
4 2 4 5 -76.0131 0.4518638216531902
4 2 7 5 -80.3955 0.4202676150502109
4 2 8 0 -80.2 1.1200432714506303
4 2 6 4 -76.5545 0.4154391840750011
4 2 1 0 -74.49 1.1200432714506303
4 2 8 1 -80.1097 1.4346625681183898
4 2 0 6 -81.05 0.5181550542899774
4 3 8 3 -79.9731 0.7535492018748609
4 3 3 9 -82.4 1.045630193236076
4 3 5 0 -75.32 1.8543377546204012
4 3 3 6 -76.4846 0.31961585322723524
4 3 6 3 -73.5044 0.4154391840750011
4 3 3 4 -65.39 0.5181550542899774
4 3 4 8 -81.4443 0.5181550542899774
4 3 8 2 -80.0706 0.4154391840750011
4 3 1 2 -74.6521 0.7535492018748609
4 3 6 7 -80.8087 1.8306104706098087
4 3 1 5 -77.2059 2.341681953932289
4 3 4 2 -61.26349999999999 0.5181550542899774
4 3 7 0 -79.12 1.8626419592629413
4 3 4 5 -71.9441 0.4518638216531902
4 3 7 5 -79.1314 0.4202676150502109
4 3 8 0 -80.61 1.1200432714506303
4 3 6 4 -74.7252 0.4154391840750011
4 3 1 0 -77.38 1.1200432714506303
4 3 8 1 -80.609 1.4346625681183898
4 3 0 6 -81.01 0.5181550542899774
4 4 8 3 -80.0411 0.7535492018748609
4 4 3 9 -80.81 1.045630193236076
4 4 5 0 -78.07 1.8543377546204012
4 4 3 6 -72.8092 0.31961585322723524
4 4 6 3 -73.7146 0.4154391840750011
4 4 3 4 -60.730000000000004 0.5181550542899774
4 4 4 8 -79.5077 0.5181550542899774
4 4 8 2 -80.5373 0.4154391840750011
4 4 1 2 -75.9384 0.7535492018748609
4 4 6 7 -79.1081 1.8306104706098087
4 4 1 5 -75.6176 2.341681953932289
4 4 4 2 -66.8407 0.5181550542899774
4 4 7 0 -80.91 1.8626419592629413
4 4 4 5 -65.4076 0.4518638216531902
4 4 7 5 -78.0612 0.4202676150502109
4 4 8 0 -82.05 1.1200432714506303
4 4 6 4 -73.5708 0.4154391840750011
4 4 1 0 -79.58 1.1200432714506303
4 4 8 1 -81.3759 1.4346625681183898
4 4 0 6 -79.2 0.5181550542899774
4 5 8 3 -80.469 0.7535492018748609
4 5 3 9 -78.86 1.045630193236076
4 5 5 0 -78.77 1.8543377546204012
4 5 3 6 -66.6712 0.31961585322723524
4 5 6 3 -75.0786 0.4154391840750011
4 5 3 4 -61.3673 0.5181550542899774
4 5 4 8 -76.9943 0.5181550542899774
4 5 8 2 -81.28 0.4154391840750011
4 5 1 2 -77.6745 0.7535492018748609
4 5 6 7 -77.2157 1.8306104706098087
4 5 1 5 -74.4784 2.341681953932289
4 5 4 2 -73.0795 0.5181550542899774
4 5 7 0 -81.38 1.8626419592629413
4 5 4 5 -60.674099999999996 0.4518638216531902
4 5 7 5 -77.3845 0.4202676150502109
4 5 8 0 -83.53 1.1200432714506303
4 5 6 4 -73.6378 0.4154391840750011
4 5 1 0 -81.54 1.1200432714506303
4 5 8 1 -82.2823 1.4346625681183898
4 5 0 6 -78.76 0.5181550542899774
4 6 8 3 -81.1838 0.7535492018748609
4 6 3 9 -76.34 1.045630193236076
4 6 5 0 -81.99 1.8543377546204012
4 6 3 6 -61.688900000000004 0.31961585322723524
4 6 6 3 -76.9711 0.4154391840750011
4 6 3 4 -65.9781 0.5181550542899774
4 6 4 8 -73.5358 0.5181550542899774
4 6 8 2 -82.1936 0.4154391840750011
4 6 1 2 -79.4117 0.7535492018748609
4 6 6 7 -75.2805 1.8306104706098087
4 6 1 5 -74.41 2.341681953932289
4 6 4 2 -76.6949 0.5181550542899774
4 6 7 0 -78.74 1.8626419592629413
4 6 4 5 -60.321299999999994 0.4518638216531902
4 6 7 5 -77.3408 0.4202676150502109
4 6 8 0 -83.93 1.1200432714506303
4 6 6 4 -74.894 0.4154391840750011
4 6 1 0 -81.89 1.1200432714506303
4 6 8 1 -83.2312 1.4346625681183898
4 6 0 6 -76.58 0.5181550542899774
4 7 8 3 -82.0683 0.7535492018748609
4 7 3 9 -72.77 1.045630193236076
4 7 5 0 -83.44 1.8543377546204012
4 7 3 6 -60.502399999999994 0.31961585322723524
4 7 6 3 -78.8941 0.4154391840750011
4 7 3 4 -72.266 0.5181550542899774
4 7 4 8 -67.523 0.5181550542899774
4 7 8 2 -83.1313 0.4154391840750011
4 7 1 2 -81.0339 0.7535492018748609
4 7 6 7 -73.8287 1.8306104706098087
4 7 1 5 -75.4424 2.341681953932289
4 7 4 2 -79.276 0.5181550542899774
4 7 7 0 -80.0 1.8626419592629413
4 7 4 5 -64.8644 0.4518638216531902
4 7 7 5 -77.9505 0.4202676150502109
4 7 8 0 -84.92 1.1200432714506303
4 7 6 4 -76.7481 0.4154391840750011
4 7 1 0 -83.33 1.1200432714506303
4 7 8 1 -84.2825 1.4346625681183898
4 7 0 6 -76.47 0.5181550542899774
4 8 8 3 -83.0301 0.7535492018748609
4 8 3 9 -66.59 1.045630193236076
4 8 5 0 -84.66 1.8543377546204012
4 8 3 6 -64.7539 0.31961585322723524
4 8 6 3 -80.6175 0.4154391840750011
4 8 3 4 -76.1639 0.5181550542899774
4 8 4 8 -62.0423 0.5181550542899774
4 8 8 2 -84.1053 0.4154391840750011
4 8 1 2 -82.4734 0.7535492018748609
4 8 6 7 -73.4545 1.8306104706098087
4 8 1 5 -77.0778 2.341681953932289
4 8 4 2 -81.2654 0.5181550542899774
4 8 7 0 -85.25 1.8626419592629413
4 8 4 5 -71.3131 0.4518638216531902
4 8 7 5 -78.9856 0.4202676150502109
4 8 8 0 -85.98 1.1200432714506303
4 8 6 4 -78.6909 0.4154391840750011
4 8 1 0 -84.6 1.1200432714506303
4 8 8 1 -85.1511 1.4346625681183898
4 8 0 6 -78.77 0.5181550542899774
4 9 8 3 -83.9989 0.7535492018748609
4 9 3 9 -64.91 1.045630193236076
4 9 5 0 -85.74 1.8543377546204012
4 9 3 6 -71.0151 0.31961585322723524
4 9 6 3 -82.1446 0.4154391840750011
4 9 3 4 -78.838 0.5181550542899774
4 9 4 8 -59.616200000000006 0.5181550542899774
4 9 8 2 -85.045 0.4154391840750011
4 9 1 2 -83.7685 0.7535492018748609
4 9 6 7 -74.3775 1.8306104706098087
4 9 1 5 -78.6385 2.341681953932289
4 9 4 2 -82.8784 0.5181550542899774
4 9 7 0 -86.42 1.8626419592629413
4 9 4 5 -75.678 0.4518638216531902
4 9 7 5 -80.2447 0.4202676150502109
4 9 8 0 -86.96 1.1200432714506303
4 9 6 4 -80.4349 0.4154391840750011
4 9 1 0 -85.66 1.1200432714506303
4 9 8 1 -86.0321 1.4346625681183898
4 9 0 6 -78.85 0.5181550542899774
5 0 8 3 -80.2788 0.7535492018748609
5 0 3 9 -86.69 1.045630193236076
5 0 5 0 -64.62 1.8543377546204012
5 0 3 6 -83.0222 0.31961585322723524
5 0 6 3 -76.6409 0.4154391840750011
5 0 3 4 -79.2398 0.5181550542899774
5 0 4 8 -85.5424 0.5181550542899774
5 0 8 2 -78.9586 0.4154391840750011
5 0 1 2 -78.9681 0.7535492018748609
5 0 6 7 -84.4621 1.8306104706098087
5 0 1 5 -83.0141 2.341681953932289
5 0 4 2 -70.0421 0.5181550542899774
5 0 7 0 -74.01 1.8626419592629413
5 0 4 5 -80.8705 0.4518638216531902
5 0 7 5 -82.0733 0.4202676150502109
5 0 8 0 -78.42 1.1200432714506303
5 0 6 4 -79.2395 0.4154391840750011
5 0 1 0 -78.42 1.1200432714506303
5 0 8 1 -77.9904 1.4346625681183898
5 0 0 6 -84.83 0.5181550542899774
5 1 8 3 -79.0935 0.7535492018748609
5 1 3 9 -85.74 1.045630193236076
5 1 5 0 -64.85 1.8543377546204012
5 1 3 6 -81.5019 0.31961585322723524
5 1 6 3 -73.8418 0.4154391840750011
5 1 3 4 -76.9424 0.5181550542899774
5 1 4 8 -84.3816 0.5181550542899774
5 1 8 2 -78.0477 0.4154391840750011
5 1 1 2 -78.051 0.7535492018748609
5 1 6 7 -83.178 1.8306104706098087
5 1 1 5 -81.7993 2.341681953932289
5 1 4 2 -63.794 0.5181550542899774
5 1 7 0 -74.07 1.8626419592629413
5 1 4 5 -78.7981 0.4518638216531902
5 1 7 5 -80.5563 0.4202676150502109
5 1 8 0 -78.45 1.1200432714506303
5 1 6 4 -76.933 0.4154391840750011
5 1 1 0 -78.44 1.1200432714506303
5 1 8 1 -77.613 1.4346625681183898
5 1 0 6 -83.51 0.5181550542899774
5 2 8 3 -78.1359 0.7535492018748609
5 2 3 9 -84.67 1.045630193236076
5 2 5 0 -66.5 1.8543377546204012
5 2 3 6 -79.694 0.31961585322723524
5 2 6 3 -70.0619 0.4154391840750011
5 2 3 4 -74.0882 0.5181550542899774
5 2 4 8 -83.0465 0.5181550542899774
5 2 8 2 -77.6067 0.4154391840750011
5 2 1 2 -77.6158 0.7535492018748609
5 2 6 7 -81.6868 1.8306104706098087
5 2 1 5 -80.5673 2.341681953932289
5 2 4 2 -59.906800000000004 0.5181550542899774
5 2 7 0 -74.54 1.8626419592629413
5 2 4 5 -76.0766 0.4518638216531902
5 2 7 5 -78.8785 0.4202676150502109
5 2 8 0 -78.68 1.1200432714506303
5 2 6 4 -74.0997 0.4154391840750011
5 2 1 0 -78.67 1.1200432714506303
5 2 8 1 -77.8493 1.4346625681183898
5 2 0 6 -83.51 0.5181550542899774
5 3 8 3 -77.6324 0.7535492018748609
5 3 3 9 -83.45 1.045630193236076
5 3 5 0 -72.71 1.8543377546204012
5 3 3 6 -77.4865 0.31961585322723524
5 3 6 3 -67.022 0.4154391840750011
5 3 3 4 -70.3301 0.5181550542899774
5 3 4 8 -81.4575 0.5181550542899774
5 3 8 2 -77.7868 0.4154391840750011
5 3 1 2 -77.7871 0.7535492018748609
5 3 6 7 -79.9178 1.8306104706098087
5 3 1 5 -79.3482 2.341681953932289
5 3 4 2 -61.688500000000005 0.5181550542899774
5 3 7 0 -77.66 1.8626419592629413
5 3 4 5 -72.0954 0.4518638216531902
5 3 7 5 -77.0354 0.4202676150502109
5 3 8 0 -79.08 1.1200432714506303
5 3 6 4 -70.5184 0.4154391840750011
5 3 1 0 -79.07 1.1200432714506303
5 3 8 1 -78.6179 1.4346625681183898
5 3 0 6 -81.91 0.5181550542899774
5 4 8 3 -77.7323 0.7535492018748609
5 4 3 9 -81.96 1.045630193236076
5 4 5 0 -76.3 1.8543377546204012
5 4 3 6 -74.7422 0.31961585322723524
5 4 6 3 -67.6613 0.4154391840750011
5 4 3 4 -67.1971 0.5181550542899774
5 4 4 8 -79.5339 0.5181550542899774
5 4 8 2 -78.513 0.4154391840750011
5 4 1 2 -78.5198 0.7535492018748609
5 4 6 7 -77.7522 1.8306104706098087
5 4 1 5 -78.3218 2.341681953932289
5 4 4 2 -67.0875 0.5181550542899774
5 4 7 0 -79.6 1.8626419592629413
5 4 4 5 -65.7298 0.4518638216531902
5 4 7 5 -75.2602 0.4202676150502109
5 4 8 0 -80.91 1.1200432714506303
5 4 6 4 -67.2362 0.4154391840750011
5 4 1 0 -80.9 1.1200432714506303
5 4 8 1 -79.7245 1.4346625681183898
5 4 0 6 -81.91 0.5181550542899774
5 5 8 3 -78.4025 0.7535492018748609
5 5 3 9 -80.26 1.045630193236076
5 5 5 0 -78.84 1.8543377546204012
5 5 3 6 -70.8465 0.31961585322723524
5 5 6 3 -71.3573 0.4154391840750011
5 5 3 4 -67.4036 0.5181550542899774
5 5 4 8 -77.04 0.5181550542899774
5 5 8 2 -79.5917 0.4154391840750011
5 5 1 2 -79.5957 0.7535492018748609
5 5 6 7 -75.1086 1.8306104706098087
5 5 1 5 -77.7007 2.341681953932289
5 5 4 2 -73.2278 0.5181550542899774
5 5 7 0 -80.19 1.8626419592629413
5 5 4 5 -60.9554 0.4518638216531902
5 5 7 5 -74.0587 0.4202676150502109
5 5 8 0 -81.44 1.1200432714506303
5 5 6 4 -67.3265 0.4154391840750011
5 5 1 0 -81.35 1.1200432714506303
5 5 8 1 -80.97 1.4346625681183898
5 5 0 6 -80.25 0.5181550542899774
5 6 8 3 -79.4492 0.7535492018748609
5 6 3 9 -75.81 1.045630193236076
5 6 5 0 -80.79 1.8543377546204012
5 6 3 6 -67.9027 0.31961585322723524
5 6 6 3 -74.7872 0.4154391840750011
5 6 3 4 -70.9629 0.5181550542899774
5 6 4 8 -73.6996 0.5181550542899774
5 6 8 2 -80.8775 0.4154391840750011
5 6 1 2 -80.8274 0.7535492018748609
5 6 6 7 -71.8415 1.8306104706098087
5 6 1 5 -77.6557 2.341681953932289
5 6 4 2 -76.7468 0.5181550542899774
5 6 7 0 -77.25 1.8626419592629413
5 6 4 5 -60.559799999999996 0.4518638216531902
5 6 7 5 -73.9803 0.4202676150502109
5 6 8 0 -83.03 1.1200432714506303
5 6 6 4 -70.9006 0.4154391840750011
5 6 1 0 -82.87 1.1200432714506303
5 6 8 1 -82.231 1.4346625681183898
5 6 0 6 -80.04 0.5181550542899774
5 7 8 3 -80.6849 0.7535492018748609
5 7 3 9 -75.05 1.045630193236076
5 7 5 0 -82.39 1.8543377546204012
5 7 3 6 -66.9174 0.31961585322723524
5 7 6 3 -77.4809 0.4154391840750011
5 7 3 4 -74.4455 0.5181550542899774
5 7 4 8 -67.6729 0.5181550542899774
5 7 8 2 -82.0689 0.4154391840750011
5 7 1 2 -82.0847 0.7535492018748609
5 7 6 7 -68.0924 1.8306104706098087
5 7 1 5 -78.2295 2.341681953932289
5 7 4 2 -79.305 0.5181550542899774
5 7 7 0 -82.35 1.8626419592629413
5 7 4 5 -65.0396 0.4518638216531902
5 7 7 5 -75.0701 0.4202676150502109
5 7 8 0 -84.16 1.1200432714506303
5 7 6 4 -74.4454 0.4154391840750011
5 7 1 0 -84.3 1.1200432714506303
5 7 8 1 -83.4073 1.4346625681183898
5 7 0 6 -79.99 0.5181550542899774
5 8 8 3 -81.9323 0.7535492018748609
5 8 3 9 -71.51 1.045630193236076
5 8 5 0 -83.73 1.8543377546204012
5 8 3 6 -70.0504 0.31961585322723524
5 8 6 3 -79.6979 0.4154391840750011
5 8 3 4 -77.2012 0.5181550542899774
5 8 4 8 -62.5745 0.5181550542899774
5 8 8 2 -83.2568 0.4154391840750011
5 8 1 2 -83.2634 0.7535492018748609
5 8 6 7 -66.8802 1.8306104706098087
5 8 1 5 -79.2105 2.341681953932289
5 8 4 2 -81.2825 0.5181550542899774
5 8 7 0 -84.57 1.8626419592629413
5 8 4 5 -71.4696 0.4518638216531902
5 8 7 5 -76.8035 0.4202676150502109
5 8 8 0 -85.28 1.1200432714506303
5 8 6 4 -77.1955 0.4154391840750011
5 8 1 0 -85.45 1.1200432714506303
5 8 8 1 -84.488 1.4346625681183898
5 8 0 6 -80.09 0.5181550542899774
5 9 8 3 -83.1281 0.7535492018748609
5 9 3 9 -70.64 1.045630193236076
5 9 5 0 -84.9 1.8543377546204012
5 9 3 6 -73.8849 0.31961585322723524
5 9 6 3 -81.5026 0.4154391840750011
5 9 3 4 -79.4825 0.5181550542899774
5 9 4 8 -60.136700000000005 0.5181550542899774
5 9 8 2 -84.3702 0.4154391840750011
5 9 1 2 -84.3638 0.7535492018748609
5 9 6 7 -69.5265 1.8306104706098087
5 9 1 5 -80.4159 2.341681953932289
5 9 4 2 -82.8937 0.5181550542899774
5 9 7 0 -85.66 1.8626419592629413
5 9 4 5 -75.7403 0.4518638216531902
5 9 7 5 -78.6622 0.4202676150502109
5 9 8 0 -86.31 1.1200432714506303
5 9 6 4 -79.4715 0.4154391840750011
5 9 1 0 -86.26 1.1200432714506303
5 9 8 1 -85.4983 1.4346625681183898
5 9 0 6 -80.33 0.5181550542899774
6 0 8 3 -78.6723 0.7535492018748609
6 0 3 9 -86.64 1.045630193236076
6 0 5 0 -64.63 1.8543377546204012
6 0 3 6 -83.4952 0.31961585322723524
6 0 6 3 -75.442 0.4154391840750011
6 0 3 4 -80.2666 0.5181550542899774
6 0 4 8 -85.6916 0.5181550542899774
6 0 8 2 -76.7059 0.4154391840750011
6 0 1 2 -80.8492 0.7535492018748609
6 0 6 7 -84.2649 1.8306104706098087
6 0 1 5 -83.9009 2.341681953932289
6 0 4 2 -72.9486 0.5181550542899774
6 0 7 0 -70.53 1.8626419592629413
6 0 4 5 -81.2522 0.4518638216531902
6 0 7 5 -81.3815 0.4202676150502109
6 0 8 0 -74.02 1.1200432714506303
6 0 6 4 -78.5735 0.4154391840750011
6 0 1 0 -80.0 1.1200432714506303
6 0 8 1 -75.0126 1.4346625681183898
6 0 0 6 -85.5 0.5181550542899774
6 1 8 3 -76.8926 0.7535492018748609
6 1 3 9 -85.68 1.045630193236076
6 1 5 0 -64.74 1.8543377546204012
6 1 3 6 -82.1535 0.31961585322723524
6 1 6 3 -71.0494 0.4154391840750011
6 1 3 4 -78.4817 0.5181550542899774
6 1 4 8 -84.5657 0.5181550542899774
6 1 8 2 -75.1304 0.4154391840750011
6 1 1 2 -80.2418 0.7535492018748609
6 1 6 7 -82.9108 1.8306104706098087
6 1 1 5 -82.93 2.341681953932289
6 1 4 2 -68.2338 0.5181550542899774
6 1 7 0 -70.62 1.8626419592629413
6 1 4 5 -79.3825 0.4518638216531902
6 1 7 5 -79.5743 0.4202676150502109
6 1 8 0 -74.06 1.1200432714506303
6 1 6 4 -75.7981 0.4154391840750011
6 1 1 0 -80.02 1.1200432714506303
6 1 8 1 -74.3166 1.4346625681183898
6 1 0 6 -84.34 0.5181550542899774
6 2 8 3 -75.2846 0.7535492018748609
6 2 3 9 -84.6 1.045630193236076
6 2 5 0 -66.76 1.8543377546204012
6 2 3 6 -80.6199 0.31961585322723524
6 2 6 3 -64.7491 0.4154391840750011
6 2 3 4 -76.5079 0.5181550542899774
6 2 4 8 -83.2912 0.5181550542899774
6 2 8 2 -74.3242 0.4154391840750011
6 2 1 2 -79.968 0.7535492018748609
6 2 6 7 -81.2997 1.8306104706098087
6 2 1 5 -81.9833 2.341681953932289
6 2 4 2 -65.9884 0.5181550542899774
6 2 7 0 -71.48 1.8626419592629413
6 2 4 5 -77.0615 0.4518638216531902
6 2 7 5 -77.3848 0.4202676150502109
6 2 8 0 -74.78 1.1200432714506303
6 2 6 4 -71.7228 0.4154391840750011
6 2 1 0 -80.19 1.1200432714506303
6 2 8 1 -74.749 1.4346625681183898
6 2 0 6 -84.32 0.5181550542899774
6 3 8 3 -74.3592 0.7535492018748609
6 3 3 9 -83.35 1.045630193236076
6 3 5 0 -72.82 1.8543377546204012
6 3 3 6 -78.9123 0.31961585322723524
6 3 6 3 -60.421499999999995 0.4154391840750011
6 3 3 4 -74.7259 0.5181550542899774
6 3 4 8 -81.8077 0.5181550542899774
6 3 8 2 -74.6419 0.4154391840750011
6 3 1 2 -80.0725 0.7535492018748609
6 3 6 7 -79.3374 1.8306104706098087
6 3 1 5 -81.1163 2.341681953932289
6 3 4 2 -67.0723 0.5181550542899774
6 3 7 0 -75.67 1.8626419592629413
6 3 4 5 -74.322 0.4518638216531902
6 3 7 5 -74.7356 0.4202676150502109
6 3 8 0 -77.4 1.1200432714506303
6 3 6 4 -65.3461 0.4154391840750011
6 3 1 0 -81.72 1.1200432714506303
6 3 8 1 -76.1132 1.4346625681183898
6 3 0 6 -83.13 0.5181550542899774
6 4 8 3 -74.5343 0.7535492018748609
6 4 3 9 -81.88 1.045630193236076
6 4 5 0 -76.36 1.8543377546204012
6 4 3 6 -77.0123 0.31961585322723524
6 4 6 3 -61.624300000000005 0.4154391840750011
6 4 3 4 -73.5736 0.5181550542899774
6 4 4 8 -80.0469 0.5181550542899774
6 4 8 2 -75.9266 0.4154391840750011
6 4 1 2 -80.541 0.7535492018748609
6 4 6 7 -76.8028 1.8306104706098087
6 4 1 5 -80.4147 2.341681953932289
6 4 4 2 -71.314 0.5181550542899774
6 4 7 0 -78.07 1.8626419592629413
6 4 4 5 -70.4825 0.4518638216531902
6 4 7 5 -71.5756 0.4202676150502109
6 4 8 0 -79.71 1.1200432714506303
6 4 6 4 -60.731899999999996 0.4154391840750011
6 4 1 0 -82.04 1.1200432714506303
6 4 8 1 -77.8626 1.4346625681183898
6 4 0 6 -82.85 0.5181550542899774
6 5 8 3 -75.7401 0.7535492018748609
6 5 3 9 -80.09 1.045630193236076
6 5 5 0 -78.87 1.8543377546204012
6 5 3 6 -75.1173 0.31961585322723524
6 5 6 3 -66.6812 0.4154391840750011
6 5 3 4 -73.6475 0.5181550542899774
6 5 4 8 -77.8972 0.5181550542899774
6 5 8 2 -77.6686 0.4154391840750011
6 5 1 2 -81.2828 0.7535492018748609
6 5 6 7 -73.312 1.8306104706098087
6 5 1 5 -80.0191 2.341681953932289
6 5 4 2 -74.9378 0.5181550542899774
6 5 7 0 -80.19 1.8626419592629413
6 5 4 5 -66.7266 0.4518638216531902
6 5 7 5 -68.3877 0.4202676150502109
6 5 8 0 -80.19 1.1200432714506303
6 5 6 4 -61.22410000000001 0.4154391840750011
6 5 1 0 -83.39 1.1200432714506303
6 5 8 1 -79.5948 1.4346625681183898
6 5 0 6 -81.52 0.5181550542899774
6 6 8 3 -77.4564 0.7535492018748609
6 6 3 9 -78.15 1.045630193236076
6 6 5 0 -80.82 1.8543377546204012
6 6 3 6 -73.7349 0.31961585322723524
6 6 6 3 -72.815 0.4154391840750011
6 6 3 4 -74.9006 0.5181550542899774
6 6 4 8 -75.3589 0.5181550542899774
6 6 8 2 -79.411 0.4154391840750011
6 6 1 2 -82.1848 0.7535492018748609
6 6 6 7 -67.4228 1.8306104706098087
6 6 1 5 -79.9971 2.341681953932289
6 6 4 2 -77.6284 0.5181550542899774
6 6 7 0 -81.96 1.8626419592629413
6 6 4 5 -66.2137 0.4518638216531902
6 6 7 5 -68.1451 0.4202676150502109
6 6 8 0 -81.96 1.1200432714506303
6 6 6 4 -66.006 0.4154391840750011
6 6 1 0 -83.76 1.1200432714506303
6 6 8 1 -81.1913 1.4346625681183898
6 6 0 6 -81.37 0.5181550542899774
6 7 8 3 -79.2198 0.7535492018748609
6 7 3 9 -77.43 1.045630193236076
6 7 5 0 -82.4 1.8543377546204012
6 7 3 6 -73.5094 0.31961585322723524
6 7 6 3 -76.4823 0.4154391840750011
6 7 3 4 -76.768 0.5181550542899774
6 7 4 8 -71.4982 0.5181550542899774
6 7 8 2 -81.0254 0.4154391840750011
6 7 1 2 -83.1456 0.7535492018748609
6 7 6 7 -62.0343 1.8306104706098087
6 7 1 5 -80.3484 2.341681953932289
6 7 4 2 -79.8295 0.5181550542899774
6 7 7 0 -83.41 1.8626419592629413
6 7 4 5 -69.8318 0.4518638216531902
6 7 7 5 -71.0861 0.4202676150502109
6 7 8 0 -83.41 1.1200432714506303
6 7 6 4 -72.2873 0.4154391840750011
6 7 1 0 -84.92 1.1200432714506303
6 7 8 1 -82.6119 1.4346625681183898
6 7 0 6 -81.33 0.5181550542899774
6 8 8 3 -80.8471 0.7535492018748609
6 8 3 9 -74.59 1.045630193236076
6 8 5 0 -83.75 1.8543377546204012
6 8 3 6 -74.5472 0.31961585322723524
6 8 6 3 -79.0939 0.4154391840750011
6 8 3 4 -78.6879 0.5181550542899774
6 8 4 8 -67.2396 0.5181550542899774
6 8 8 2 -82.4647 0.4154391840750011
6 8 1 2 -84.1111 0.7535492018748609
6 8 6 7 -60.24079999999999 1.8306104706098087
6 8 1 5 -81.0153 2.341681953932289
6 8 4 2 -81.6243 0.5181550542899774
6 8 7 0 -84.64 1.8626419592629413
6 8 4 5 -73.851 0.4518638216531902
6 8 7 5 -74.4749 0.4202676150502109
6 8 8 0 -84.64 1.1200432714506303
6 8 6 4 -76.1522 0.4154391840750011
6 8 1 0 -85.92 1.1200432714506303
6 8 8 1 -83.8878 1.4346625681183898
6 8 0 6 -81.4 0.5181550542899774
6 9 8 3 -82.3104 0.7535492018748609
6 9 3 9 -74.07 1.045630193236076
6 9 5 0 -84.91 1.8543377546204012
6 9 3 6 -76.3427 0.31961585322723524
6 9 6 3 -81.1083 0.4154391840750011
6 9 3 4 -80.4453 0.5181550542899774
6 9 4 8 -65.8544 0.5181550542899774
6 9 8 2 -83.7564 0.4154391840750011
6 9 1 2 -85.0474 0.7535492018748609
6 9 6 7 -64.0009 1.8306104706098087
6 9 1 5 -81.874 2.341681953932289
6 9 4 2 -83.1386 0.5181550542899774
6 9 7 0 -85.83 1.8626419592629413
6 9 4 5 -76.7663 0.4518638216531902
6 9 7 5 -77.0897 0.4202676150502109
6 9 8 0 -85.72 1.1200432714506303
6 9 6 4 -78.8399 0.4154391840750011
6 9 1 0 -86.87 1.1200432714506303
6 9 8 1 -85.0262 1.4346625681183898
6 9 0 6 -82.85 0.5181550542899774
7 0 8 3 -76.9866 0.7535492018748609
7 0 3 9 -87.16 1.045630193236076
7 0 5 0 -64.61 1.8543377546204012
7 0 3 6 -84.1094 0.31961585322723524
7 0 6 3 -75.2353 0.4154391840750011
7 0 3 4 -81.4077 0.5181550542899774
7 0 4 8 -85.945 0.5181550542899774
7 0 8 2 -74.0464 0.4154391840750011
7 0 1 2 -82.4444 0.7535492018748609
7 0 6 7 -84.2303 1.8306104706098087
7 0 1 5 -84.7961 2.341681953932289
7 0 4 2 -75.8817 0.5181550542899774
7 0 7 0 -64.63 1.8626419592629413
7 0 4 5 -81.9011 0.4518638216531902
7 0 7 5 -80.9275 0.4202676150502109
7 0 8 0 -70.53 1.1200432714506303
7 0 6 4 -78.4631 0.4154391840750011
7 0 1 0 -81.33 1.1200432714506303
7 0 8 1 -70.7487 1.4346625681183898
7 0 0 6 -86.11 0.5181550542899774
7 1 8 3 -74.4334 0.7535492018748609
7 1 3 9 -86.23 1.045630193236076
7 1 5 0 -64.75 1.8543377546204012
7 1 3 6 -82.9527 0.31961585322723524
7 1 6 3 -70.401 0.4154391840750011
7 1 3 4 -80.078 0.5181550542899774
7 1 4 8 -84.8922 0.5181550542899774
7 1 8 2 -71.0401 0.4154391840750011
7 1 1 2 -82.012 0.7535492018748609
7 1 6 7 -82.8662 1.8306104706098087
7 1 1 5 -84.0145 2.341681953932289
7 1 4 2 -73.9944 0.5181550542899774
7 1 7 0 -64.81 1.8626419592629413
7 1 4 5 -80.3335 0.4518638216531902
7 1 7 5 -78.8842 0.4202676150502109
7 1 8 0 -70.61 1.1200432714506303
7 1 6 4 -75.6197 0.4154391840750011
7 1 1 0 -81.35 1.1200432714506303
7 1 8 1 -68.8429 1.4346625681183898
7 1 0 6 -86.11 0.5181550542899774
7 2 8 3 -71.4027 0.7535492018748609
7 2 3 9 -85.3 1.045630193236076
7 2 5 0 -71.39 1.8543377546204012
7 2 3 6 -81.6971 0.31961585322723524
7 2 6 3 -63.92829999999999 0.4154391840750011
7 2 3 4 -78.7774 0.5181550542899774
7 2 4 8 -83.7141 0.5181550542899774
7 2 8 2 -68.8636 0.4154391840750011
7 2 1 2 -81.8276 0.7535492018748609
7 2 6 7 -81.243 1.8306104706098087
7 2 1 5 -83.2712 2.341681953932289
7 2 4 2 -72.9821 0.5181550542899774
7 2 7 0 -66.41 1.8626419592629413
7 2 4 5 -78.5443 0.4518638216531902
7 2 7 5 -76.2252 0.4202676150502109
7 2 8 0 -71.41 1.1200432714506303
7 2 6 4 -71.1562 0.4154391840750011
7 2 1 0 -82.61 1.1200432714506303
7 2 8 1 -70.0152 1.4346625681183898
7 2 0 6 -85.1 0.5181550542899774
7 3 8 3 -68.9286 0.7535492018748609
7 3 3 9 -84.27 1.045630193236076
7 3 5 0 -72.58 1.8543377546204012
7 3 3 6 -80.3727 0.31961585322723524
7 3 6 3 -59.758399999999995 0.4154391840750011
7 3 3 4 -77.6914 0.5181550542899774
7 3 4 8 -82.377 0.5181550542899774
7 3 8 2 -69.7515 0.4154391840750011
7 3 1 2 -81.8988 0.7535492018748609
7 3 6 7 -79.2476 1.8306104706098087
7 3 1 5 -82.6315 2.341681953932289
7 3 4 2 -73.3985 0.5181550542899774
7 3 7 0 -72.67 1.8626419592629413
7 3 4 5 -76.5932 0.4518638216531902
7 3 7 5 -72.4758 0.4202676150502109
7 3 8 0 -75.32 1.1200432714506303
7 3 6 4 -64.6741 0.4154391840750011
7 3 1 0 -82.8 1.1200432714506303
7 3 8 1 -73.1035 1.4346625681183898
7 3 0 6 -84.93 0.5181550542899774
7 4 8 3 -69.4961 0.7535492018748609
7 4 3 9 -83.76 1.045630193236076
7 4 5 0 -78.22 1.8543377546204012
7 4 3 6 -79.05 0.31961585322723524
7 4 6 3 -60.889300000000006 0.4154391840750011
7 4 3 4 -77.043 0.5181550542899774
7 4 4 8 -80.857 0.5181550542899774
7 4 8 2 -72.7492 0.4154391840750011
7 4 1 2 -82.2236 0.7535492018748609
7 4 6 7 -76.6476 1.8306104706098087
7 4 1 5 -82.1316 2.341681953932289
7 4 4 2 -74.9571 0.5181550542899774
7 4 7 0 -76.27 1.8626419592629413
7 4 4 5 -74.5735 0.4518638216531902
7 4 7 5 -66.3408 0.4202676150502109
7 4 8 0 -78.18 1.1200432714506303
7 4 6 4 -60.02589999999999 0.4154391840750011
7 4 1 0 -83.06 1.1200432714506303
7 4 8 1 -75.8358 1.4346625681183898
7 4 0 6 -83.8 0.5181550542899774
7 5 8 3 -72.3651 0.7535492018748609
7 5 3 9 -82.52 1.045630193236076
7 5 5 0 -80.37 1.8543377546204012
7 5 3 6 -77.8915 0.31961585322723524
7 5 6 3 -65.8879 0.4154391840750011
7 5 3 4 -77.0739 0.5181550542899774
7 5 4 8 -79.1686 0.5181550542899774
7 5 8 2 -75.5437 0.4154391840750011
7 5 1 2 -82.7598 0.7535492018748609
7 5 6 7 -73.0091 1.8306104706098087
7 5 1 5 -81.861 2.341681953932289
7 5 4 2 -76.986 0.5181550542899774
7 5 7 0 -78.83 1.8626419592629413
7 5 4 5 -73.2195 0.4518638216531902
7 5 7 5 -61.619600000000005 0.4202676150502109
7 5 8 0 -80.35 1.1200432714506303
7 5 6 4 -60.5951 0.4154391840750011
7 5 1 0 -84.26 1.1200432714506303
7 5 8 1 -78.2815 1.4346625681183898
7 5 0 6 -83.63 0.5181550542899774
7 6 8 3 -75.2535 0.7535492018748609
7 6 3 9 -80.91 1.045630193236076
7 6 5 0 -82.08 1.8543377546204012
7 6 3 6 -77.1249 0.31961585322723524
7 6 6 3 -72.4343 0.4154391840750011
7 6 3 4 -77.7774 0.5181550542899774
7 6 4 8 -77.259 0.5181550542899774
7 6 8 2 -78.0348 0.4154391840750011
7 6 1 2 -83.4262 0.7535492018748609
7 6 6 7 -66.6068 1.8306104706098087
7 6 1 5 -81.8595 2.341681953932289
7 6 4 2 -78.9394 0.5181550542899774
7 6 7 0 -80.78 1.8626419592629413
7 6 4 5 -73.1653 0.4518638216531902
7 6 7 5 -61.447900000000004 0.4202676150502109
7 6 8 0 -82.07 1.1200432714506303
7 6 6 4 -65.2122 0.4154391840750011
7 6 1 0 -85.45 1.1200432714506303
7 6 8 1 -80.2964 1.4346625681183898
7 6 0 6 -83.53 0.5181550542899774
7 7 8 3 -77.7666 0.7535492018748609
7 7 3 9 -79.09 1.045630193236076
7 7 5 0 -83.5 1.8543377546204012
7 7 3 6 -77.0116 0.31961585322723524
7 7 6 3 -76.331 0.4154391840750011
7 7 3 4 -78.9163 0.5181550542899774
7 7 4 8 -75.1576 0.5181550542899774
7 7 8 2 -80.0911 0.4154391840750011
7 7 1 2 -84.1792 0.7535492018748609
7 7 6 7 -61.174899999999994 1.8306104706098087
7 7 1 5 -82.0881 2.341681953932289
7 7 4 2 -80.6833 0.5181550542899774
7 7 7 0 -82.37 1.8626419592629413
7 7 4 5 -74.3575 0.4518638216531902
7 7 7 5 -65.6249 0.4202676150502109
7 7 8 0 -83.49 1.1200432714506303
7 7 6 4 -71.8337 0.4154391840750011
7 7 1 0 -85.62 1.1200432714506303
7 7 8 1 -81.9826 1.4346625681183898
7 7 0 6 -83.55 0.5181550542899774
7 8 8 3 -79.8804 0.7535492018748609
7 8 3 9 -78.68 1.045630193236076
7 8 5 0 -84.72 1.8543377546204012
7 8 3 6 -77.5865 0.31961585322723524
7 8 6 3 -79.0091 0.4154391840750011
7 8 3 4 -80.1982 0.5181550542899774
7 8 4 8 -73.5617 0.5181550542899774
7 8 8 2 -81.8086 0.4154391840750011
7 8 1 2 -84.961 0.7535492018748609
7 8 6 7 -59.4333 1.8306104706098087
7 8 1 5 -82.178 2.341681953932289
7 8 4 2 -82.2305 0.5181550542899774
7 8 7 0 -83.72 1.8626419592629413
7 8 4 5 -76.2739 0.4518638216531902
7 8 7 5 -71.8742 0.4202676150502109
7 8 8 0 -84.71 1.1200432714506303
7 8 6 4 -75.9876 0.4154391840750011
7 8 1 0 -86.55 1.1200432714506303
7 8 8 1 -83.4171 1.4346625681183898
7 8 0 6 -83.56 0.5181550542899774
7 9 8 3 -81.6284 0.7535492018748609
7 9 3 9 -76.53 1.045630193236076
7 9 5 0 -85.78 1.8543377546204012
7 9 3 6 -78.6339 0.31961585322723524
7 9 6 3 -81.0481 0.4154391840750011
7 9 3 4 -81.5464 0.5181550542899774
7 9 4 8 -72.9863 0.5181550542899774
7 9 8 2 -83.268 0.4154391840750011
7 9 1 2 -85.758 0.7535492018748609
7 9 6 7 -63.426100000000005 1.8306104706098087
7 9 1 5 -83.1915 2.341681953932289
7 9 4 2 -83.5734 0.5181550542899774
7 9 7 0 -84.89 1.8626419592629413
7 9 4 5 -78.3068 0.4518638216531902
7 9 7 5 -75.9066 0.4202676150502109
7 9 8 0 -85.77 1.1200432714506303
7 9 6 4 -78.7491 0.4154391840750011
7 9 1 0 -87.49 1.1200432714506303
7 9 8 1 -84.667 1.4346625681183898
7 9 0 6 -83.68 0.5181550542899774
8 0 8 3 -75.656 0.7535492018748609
8 0 3 9 -87.08 1.045630193236076
8 0 5 0 -74.0 1.8543377546204012
8 0 3 6 -84.9154 0.31961585322723524
8 0 6 3 -76.1576 0.4154391840750011
8 0 3 4 -82.5879 0.5181550542899774
8 0 4 8 -86.3003 0.5181550542899774
8 0 8 2 -70.9028 0.4154391840750011
8 0 1 2 -83.8207 0.7535492018748609
8 0 6 7 -84.3781 1.8306104706098087
8 0 1 5 -79.856 2.341681953932289
8 0 4 2 -78.2591 0.5181550542899774
8 0 7 0 -64.6 1.8626419592629413
8 0 4 5 -82.7043 0.4518638216531902
8 0 7 5 -80.8227 0.4202676150502109
8 0 8 0 -64.6 1.1200432714506303
8 0 6 4 -78.9721 0.4154391840750011
8 0 1 0 -83.51 1.1200432714506303
8 0 8 1 -64.4672 1.4346625681183898
8 0 0 6 -86.72 0.5181550542899774
8 1 8 3 -71.5812 0.7535492018748609
8 1 3 9 -86.3 1.045630193236076
8 1 5 0 -74.05 1.8543377546204012
8 1 3 6 -83.8214 0.31961585322723524
8 1 6 3 -72.8116 0.4154391840750011
8 1 3 4 -81.5669 0.5181550542899774
8 1 4 8 -85.3321 0.5181550542899774
8 1 8 2 -64.9051 0.4154391840750011
8 1 1 2 -83.4896 0.7535492018748609
8 1 6 7 -83.065 1.8306104706098087
8 1 1 5 -85.0294 2.341681953932289
8 1 4 2 -77.1781 0.5181550542899774
8 1 7 0 -64.76 1.8626419592629413
8 1 4 5 -81.4233 0.4518638216531902
8 1 7 5 -78.716 0.4202676150502109
8 1 8 0 -64.76 1.1200432714506303
8 1 6 4 -76.4765 0.4154391840750011
8 1 1 0 -83.53 1.1200432714506303
8 1 8 1 -62.340199999999996 1.4346625681183898
8 1 0 6 -86.71 0.5181550542899774
8 2 8 3 -65.5223 0.7535492018748609
8 2 3 9 -85.3 1.045630193236076
8 2 5 0 -74.86 1.8543377546204012
8 2 3 6 -82.8023 0.31961585322723524
8 2 6 3 -68.2772 0.4154391840750011
8 2 3 4 -80.6476 0.5181550542899774
8 2 4 8 -84.2784 0.5181550542899774
8 2 8 2 -62.3946 0.4154391840750011
8 2 1 2 -83.3536 0.7535492018748609
8 2 6 7 -81.5239 1.8306104706098087
8 2 1 5 -84.4378 2.341681953932289
8 2 4 2 -76.652 0.5181550542899774
8 2 7 0 -66.81 1.8626419592629413
8 2 4 5 -80.0579 0.4518638216531902
8 2 7 5 -75.9471 0.4202676150502109
8 2 8 0 -66.3 1.1200432714506303
8 2 6 4 -73.2271 0.4154391840750011
8 2 1 0 -83.61 1.1200432714506303
8 2 8 1 -63.7504 1.4346625681183898
8 2 0 6 -85.82 0.5181550542899774
8 3 8 3 -62.34739999999999 0.7535492018748609
8 3 3 9 -84.92 1.045630193236076
8 3 5 0 -75.31 1.8543377546204012
8 3 3 6 -81.7906 0.31961585322723524
8 3 6 3 -64.3508 0.4154391840750011
8 3 3 4 -79.9309 0.5181550542899774
8 3 4 8 -83.1227 0.5181550542899774
8 3 8 2 -63.3558 0.4154391840750011
8 3 1 2 -83.4038 0.7535492018748609
8 3 6 7 -79.6831 1.8306104706098087
8 3 1 5 -83.9429 2.341681953932289
8 3 4 2 -76.8697 0.5181550542899774
8 3 7 0 -72.85 1.8626419592629413
8 3 4 5 -78.695 0.4518638216531902
8 3 7 5 -71.7098 0.4202676150502109
8 3 8 0 -72.8 1.1200432714506303
8 3 6 4 -68.8879 0.4154391840750011
8 3 1 0 -83.77 1.1200432714506303
8 3 8 1 -68.8164 1.4346625681183898
8 3 0 6 -85.62 0.5181550542899774
8 4 8 3 -62.9855 0.7535492018748609
8 4 3 9 -84.57 1.045630193236076
8 4 5 0 -77.99 1.8543377546204012
8 4 3 6 -80.8388 0.31961585322723524
8 4 6 3 -65.0158 0.4154391840750011
8 4 3 4 -79.5279 0.5181550542899774
8 4 4 8 -81.864 0.5181550542899774
8 4 8 2 -68.1343 0.4154391840750011
8 4 1 2 -83.644 0.7535492018748609
8 4 6 7 -77.3861 1.8306104706098087
8 4 1 5 -83.5749 2.341681953932289
8 4 4 2 -77.7457 0.5181550542899774
8 4 7 0 -76.38 1.8626419592629413
8 4 4 5 -77.497 0.4518638216531902
8 4 7 5 -65.0857 0.4202676150502109
8 4 8 0 -76.35 1.1200432714506303
8 4 6 4 -64.4599 0.4154391840750011
8 4 1 0 -83.99 1.1200432714506303
8 4 8 1 -74.0975 1.4346625681183898
8 4 0 6 -84.67 0.5181550542899774
8 5 8 3 -67.3671 0.7535492018748609
8 5 3 9 -82.44 1.045630193236076
8 5 5 0 -80.18 1.8543377546204012
8 5 3 6 -80.0641 0.31961585322723524
8 5 6 3 -69.5513 0.4154391840750011
8 5 3 4 -79.5491 0.5181550542899774
8 5 4 8 -80.5225 0.5181550542899774
8 5 8 2 -73.6335 0.4154391840750011
8 5 1 2 -84.0461 0.7535492018748609
8 5 6 7 -74.5638 1.8306104706098087
8 5 1 5 -83.3817 2.341681953932289
8 5 4 2 -78.9902 0.5181550542899774
8 5 7 0 -78.88 1.8626419592629413
8 5 4 5 -76.7564 0.4518638216531902
8 5 7 5 -60.310199999999995 0.4202676150502109
8 5 8 0 -78.87 1.1200432714506303
8 5 6 4 -64.6999 0.4154391840750011
8 5 1 0 -85.06 1.1200432714506303
8 5 8 1 -77.245 1.4346625681183898
8 5 0 6 -84.53 0.5181550542899774
8 6 8 3 -73.1609 0.7535492018748609
8 6 3 9 -82.04 1.045630193236076
8 6 5 0 -81.98 1.8543377546204012
8 6 3 6 -79.5789 0.31961585322723524
8 6 6 3 -74.0804 0.4154391840750011
8 6 3 4 -79.9837 0.5181550542899774
8 6 4 8 -79.1364 0.5181550542899774
8 6 8 2 -76.9628 0.4154391840750011
8 6 1 2 -84.5629 0.7535492018748609
8 6 6 7 -70.1286 1.8306104706098087
8 6 1 5 -83.3707 2.341681953932289
8 6 4 2 -80.3546 0.5181550542899774
8 6 7 0 -80.82 1.8626419592629413
8 6 4 5 -76.7116 0.4518638216531902
8 6 7 5 -60.631 0.4202676150502109
8 6 8 0 -80.81 1.1200432714506303
8 6 6 4 -68.9838 0.4154391840750011
8 6 1 0 -86.02 1.1200432714506303
8 6 8 1 -79.6575 1.4346625681183898
8 6 0 6 -84.44 0.5181550542899774
8 7 8 3 -76.6412 0.7535492018748609
8 7 3 9 -80.5 1.045630193236076
8 7 5 0 -83.42 1.8543377546204012
8 7 3 6 -79.5074 0.31961585322723524
8 7 6 3 -77.0922 0.4154391840750011
8 7 3 4 -80.734 0.5181550542899774
8 7 4 8 -77.8693 0.5181550542899774
8 7 8 2 -79.4336 0.4154391840750011
8 7 1 2 -85.1593 0.7535492018748609
8 7 6 7 -65.3996 1.8306104706098087
8 7 1 5 -83.5424 2.341681953932289
8 7 4 2 -81.7171 0.5181550542899774
8 7 7 0 -82.41 1.8626419592629413
8 7 4 5 -77.3894 0.4518638216531902
8 7 7 5 -64.4528 0.4202676150502109
8 7 8 0 -82.4 1.1200432714506303
8 7 6 4 -73.6908 0.4154391840750011
8 7 1 0 -86.29 1.1200432714506303
8 7 8 1 -81.543 1.4346625681183898
8 7 0 6 -84.42 0.5181550542899774
8 8 8 3 -79.1872 0.7535492018748609
8 8 3 9 -80.19 1.045630193236076
8 8 5 0 -84.65 1.8543377546204012
8 8 3 6 -79.8621 0.31961585322723524
8 8 6 3 -79.4462 0.4154391840750011
8 8 3 4 -81.6717 0.5181550542899774
8 8 4 8 -76.9494 0.5181550542899774
8 8 8 2 -81.3622 0.4154391840750011
8 8 1 2 -85.8218 0.7535492018748609
8 8 6 7 -64.076 1.8306104706098087
8 8 1 5 -83.8984 2.341681953932289
8 8 4 2 -82.9859 0.5181550542899774
8 8 7 0 -83.75 1.8626419592629413
8 8 4 5 -78.5378 0.4518638216531902
8 8 7 5 -71.0795 0.4202676150502109
8 8 8 0 -83.74 1.1200432714506303
8 8 6 4 -76.7891 0.4154391840750011
8 8 1 0 -87.1 1.1200432714506303
8 8 8 1 -83.1071 1.4346625681183898
8 8 0 6 -84.47 0.5181550542899774
8 9 8 3 -81.165 0.7535492018748609
8 9 3 9 -80.02 1.045630193236076
8 9 5 0 -85.73 1.8543377546204012
8 9 3 6 -80.5482 0.31961585322723524
8 9 6 3 -81.3403 0.4154391840750011
8 9 3 4 -82.6758 0.5181550542899774
8 9 4 8 -76.6475 0.5181550542899774
8 9 8 2 -82.95 0.4154391840750011
8 9 1 2 -86.4806 0.7535492018748609
8 9 6 7 -67.31 1.8306104706098087
8 9 1 5 -84.4504 2.341681953932289
8 9 4 2 -84.1505 0.5181550542899774
8 9 7 0 -84.91 1.8626419592629413
8 9 4 5 -79.9008 0.4518638216531902
8 9 7 5 -75.5878 0.4202676150502109
8 9 8 0 -84.91 1.1200432714506303
8 9 6 4 -79.2147 0.4154391840750011
8 9 1 0 -87.39 1.1200432714506303
8 9 8 1 -84.4333 1.4346625681183898
8 9 0 6 -84.57 0.5181550542899774
9 0 8 3 -75.1711 0.7535492018748609
9 0 3 9 -87.66 1.045630193236076
9 0 5 0 -76.49 1.8543377546204012
9 0 3 6 -85.5145 0.31961585322723524
9 0 6 3 -77.7187 0.4154391840750011
9 0 3 4 -83.69 0.5181550542899774
9 0 4 8 -86.7174 0.5181550542899774
9 0 8 2 -69.4835 0.4154391840750011
9 0 1 2 -84.996 0.7535492018748609
9 0 6 7 -84.6716 1.8306104706098087
9 0 1 5 -86.5109 2.341681953932289
9 0 4 2 -80.2587 0.5181550542899774
9 0 7 0 -64.66 1.8626419592629413
9 0 4 5 -83.6038 0.4518638216531902
9 0 7 5 -81.0957 0.4202676150502109
9 0 8 0 -64.66 1.1200432714506303
9 0 6 4 -79.9213 0.4154391840750011
9 0 1 0 -84.43 1.1200432714506303
9 0 8 1 -62.937200000000004 1.4346625681183898
9 0 0 6 -88.1 0.5181550542899774
9 1 8 3 -70.2501 0.7535492018748609
9 1 3 9 -86.76 1.045630193236076
9 1 5 0 -76.52 1.8543377546204012
9 1 3 6 -84.6951 0.31961585322723524
9 1 6 3 -75.4836 0.4154391840750011
9 1 3 4 -82.9124 0.5181550542899774
9 1 4 8 -85.8626 0.5181550542899774
9 1 8 2 -63.775800000000004 0.4154391840750011
9 1 1 2 -84.7596 0.7535492018748609
9 1 6 7 -83.4691 1.8306104706098087
9 1 1 5 -85.981 2.341681953932289
9 1 4 2 -79.5686 0.5181550542899774
9 1 7 0 -64.75 1.8626419592629413
9 1 4 5 -82.5445 0.4518638216531902
9 1 7 5 -79.1424 0.4202676150502109
9 1 8 0 -64.75 1.1200432714506303
9 1 6 4 -77.9562 0.4154391840750011
9 1 1 0 -84.44 1.1200432714506303
9 1 8 1 -64.57 1.4346625681183898
9 1 0 6 -87.31 0.5181550542899774
9 2 8 3 -64.0783 0.7535492018748609
9 2 3 9 -86.56 1.045630193236076
9 2 5 0 -76.84 1.8543377546204012
9 2 3 6 -83.8659 0.31961585322723524
9 2 6 3 -73.4074 0.4154391840750011
9 2 3 4 -82.2388 0.5181550542899774
9 2 4 8 -84.9214 0.5181550542899774
9 2 8 2 -60.685100000000006 0.4154391840750011
9 2 1 2 -84.6471 0.7535492018748609
9 2 6 7 -82.0816 1.8306104706098087
9 2 1 5 -85.6958 2.341681953932289
9 2 4 2 -79.2505 0.5181550542899774
9 2 7 0 -66.28 1.8626419592629413
9 2 4 5 -81.5282 0.4518638216531902
9 2 7 5 -76.6428 0.4202676150502109
9 2 8 0 -66.84 1.1200432714506303
9 2 6 4 -75.7985 0.4154391840750011
9 2 1 0 -84.51 1.1200432714506303
9 2 8 1 -62.8185 1.4346625681183898
9 2 0 6 -87.16 0.5181550542899774
9 3 8 3 -60.6525 0.7535492018748609
9 3 3 9 -85.62 1.045630193236076
9 3 5 0 -79.07 1.8543377546204012
9 3 3 6 -83.0839 0.31961585322723524
9 3 6 3 -72.0269 0.4154391840750011
9 3 3 4 -81.7323 0.5181550542899774
9 3 4 8 -83.9388 0.5181550542899774
9 3 8 2 -62.039199999999994 0.4154391840750011
9 3 1 2 -84.6969 0.7535492018748609
9 3 6 7 -80.4767 1.8306104706098087
9 3 1 5 -85.1041 2.341681953932289
9 3 4 2 -79.3712 0.5181550542899774
9 3 7 0 -72.58 1.8626419592629413
9 3 4 5 -80.5554 0.4518638216531902
9 3 7 5 -72.9454 0.4202676150502109
9 3 8 0 -72.87 1.1200432714506303
9 3 6 4 -73.6327 0.4154391840750011
9 3 1 0 -85.44 1.1200432714506303
9 3 8 1 -67.1787 1.4346625681183898
9 3 0 6 -86.32 0.5181550542899774
9 4 8 3 -61.53060000000001 0.7535492018748609
9 4 3 9 -84.57 1.045630193236076
9 4 5 0 -79.49 1.8543377546204012
9 4 3 6 -82.3816 0.31961585322723524
9 4 6 3 -72.3037 0.4154391840750011
9 4 3 4 -81.4696 0.5181550542899774
9 4 4 8 -82.9153 0.5181550542899774
9 4 8 2 -66.4468 0.4154391840750011
9 4 1 2 -84.8768 0.7535492018748609
9 4 6 7 -78.6466 1.8306104706098087
9 4 1 5 -84.8219 2.341681953932289
9 4 4 2 -79.9115 0.5181550542899774
9 4 7 0 -76.01 1.8626419592629413
9 4 4 5 -79.7737 0.4518638216531902
9 4 7 5 -68.3058 0.4202676150502109
9 4 8 0 -76.39 1.1200432714506303
9 4 6 4 -72.1089 0.4154391840750011
9 4 1 0 -85.59 1.1200432714506303
9 4 8 1 -73.3936 1.4346625681183898
9 4 0 6 -86.18 0.5181550542899774
9 5 8 3 -65.7694 0.7535492018748609
9 5 3 9 -84.25 1.045630193236076
9 5 5 0 -81.38 1.8543377546204012
9 5 3 6 -81.8269 0.31961585322723524
9 5 6 3 -74.0271 0.4154391840750011
9 5 3 4 -81.4861 0.5181550542899774
9 5 4 8 -81.8655 0.5181550542899774
9 5 8 2 -72.9055 0.4154391840750011
9 5 1 2 -85.1839 0.7535492018748609
9 5 6 7 -76.5185 1.8306104706098087
9 5 1 5 -84.6676 2.341681953932289
9 5 4 2 -80.7504 0.5181550542899774
9 5 7 0 -78.65 1.8626419592629413
9 5 4 5 -79.3071 0.4518638216531902
9 5 7 5 -63.92 0.4202676150502109
9 5 8 0 -78.89 1.1200432714506303
9 5 6 4 -72.1899 0.4154391840750011
9 5 1 0 -85.79 1.1200432714506303
9 5 8 1 -76.9245 1.4346625681183898
9 5 0 6 -86.08 0.5181550542899774
9 6 8 3 -72.2945 0.7535492018748609
9 6 3 9 -83.06 1.045630193236076
9 6 5 0 -83.05 1.8543377546204012
9 6 3 6 -81.5062 0.31961585322723524
9 6 6 3 -76.2555 0.4154391840750011
9 6 3 4 -81.7719 0.5181550542899774
9 6 4 8 -80.8607 0.5181550542899774
9 6 8 2 -76.6117 0.4154391840750011
9 6 1 2 -85.5934 0.7535492018748609
9 6 6 7 -74.3073 1.8306104706098087
9 6 1 5 -84.6594 2.341681953932289
9 6 4 2 -81.7511 0.5181550542899774
9 6 7 0 -80.67 1.8626419592629413
9 6 4 5 -79.2817 0.4518638216531902
9 6 7 5 -63.740899999999996 0.4202676150502109
9 6 8 0 -80.83 1.1200432714506303
9 6 6 4 -73.8513 0.4154391840750011
9 6 1 0 -86.68 1.1200432714506303
9 6 8 1 -79.4664 1.4346625681183898
9 6 0 6 -85.27 0.5181550542899774
9 7 8 3 -76.2808 0.7535492018748609
9 7 3 9 -82.8 1.045630193236076
9 7 5 0 -84.1 1.8543377546204012
9 7 3 6 -81.4551 0.31961585322723524
9 7 6 3 -78.4076 0.4154391840750011
9 7 3 4 -82.3036 0.5181550542899774
9 7 4 8 -80.0077 0.5181550542899774
9 7 8 2 -79.2293 0.4154391840750011
9 7 1 2 -86.0748 0.7535492018748609
9 7 6 7 -72.3827 1.8306104706098087
9 7 1 5 -84.7953 2.341681953932289
9 7 4 2 -82.7894 0.5181550542899774
9 7 7 0 -82.29 1.8626419592629413
9 7 4 5 -79.6929 0.4518638216531902
9 7 7 5 -67.8681 0.4202676150502109
9 7 8 0 -82.41 1.1200432714506303
9 7 6 4 -75.9944 0.4154391840750011
9 7 1 0 -86.91 1.1200432714506303
9 7 8 1 -81.4174 1.4346625681183898
9 7 0 6 -85.25 0.5181550542899774
9 8 8 3 -78.9748 0.7535492018748609
9 8 3 9 -81.48 1.045630193236076
9 8 5 0 -85.28 1.8543377546204012
9 8 3 6 -81.6848 0.31961585322723524
9 8 6 3 -80.287 0.4154391840750011
9 8 3 4 -82.9895 0.5181550542899774
9 8 4 8 -79.426 0.5181550542899774
9 8 8 2 -81.2307 0.4154391840750011
9 8 1 2 -86.616 0.7535492018748609
9 8 6 7 -71.9554 1.8306104706098087
9 8 1 5 -85.0694 2.341681953932289
9 8 4 2 -83.8224 0.5181550542899774
9 8 7 0 -84.74 1.8626419592629413
9 8 4 5 -80.4474 0.4518638216531902
9 8 7 5 -72.9535 0.4202676150502109
9 8 8 0 -83.75 1.1200432714506303
9 8 6 4 -78.1832 0.4154391840750011
9 8 1 0 -87.72 1.1200432714506303
9 8 8 1 -83.0128 1.4346625681183898
9 8 0 6 -86.11 0.5181550542899774
9 9 8 3 -81.0294 0.7535492018748609
9 9 3 9 -81.35 1.045630193236076
9 9 5 0 -86.32 1.8543377546204012
9 9 3 6 -82.169 0.31961585322723524
9 9 6 3 -81.9148 0.4154391840750011
9 9 3 4 -83.7771 0.5181550542899774
9 9 4 8 -79.2425 0.5181550542899774
9 9 8 2 -82.8576 0.4154391840750011
9 9 1 2 -87.1783 0.7535492018748609
9 9 6 7 -73.2496 1.8306104706098087
9 9 1 5 -85.5655 2.341681953932289
9 9 4 2 -84.8205 0.5181550542899774
9 9 7 0 -85.79 1.8626419592629413
9 9 4 5 -81.4036 0.4518638216531902
9 9 7 5 -76.3307 0.4202676150502109
9 9 8 0 -84.91 1.1200432714506303
9 9 6 4 -80.0926 0.4154391840750011
9 9 1 0 -88.46 1.1200432714506303
9 9 8 1 -84.3625 1.4346625681183898
9 9 0 6 -86.11 0.5181550542899774
