2 2 1.8626419592629413 0.388882393442
29 26 1.8306104706098092 0.388882393442
6 30 1.8543377546204014 0.388882393442
17 21 2.3416819539322895 0.388882393442
8 2 0.5181550542899774 0.388882393442
21 2 1.43466256811839 0.388882393442
24 27 0.5181550542899774 0.388882393442
17 0 2.574836982024013 0.388882393442
15 14 0.4518638216531902 0.388882393442
14 0 2.3416819539322895 0.388882393442
4 24 0.5181550542899774 0.388882393442
5 24 1.1200432714506305 0.388882393442
31 8 2.574836982024013 0.388882393442
31 7 0.41428093117618126 0.388882393442
19 8 1.1200432714506305 0.388882393442
16 3 1.43466256811839 0.388882393442
16 25 1.8543377546204014 0.388882393442
31 19 2.0225341231546796 0.388882393442
29 5 2.3416819539322895 0.388882393442
0 11 0.42026761505021093 0.388882393442
9 9 1.1200432714506305 0.388882393442
7 2 1.1200432714506305 0.388882393442
11 5 1.1200432714506305 0.388882393442
3 5 0.6606851953374354 0.388882393442
5 8 1.1200432714506305 0.388882393442
28 16 2.574836982024013 0.388882393442
14 30 0.4518638216531902 0.388882393442
12 5 0.41428093117618126 0.388882393442
0 21 1.1200432714506305 0.388882393442
23 8 1.5204824599919968 0.388882393442
23 20 2.0225341231546796 0.388882393442
24 22 1.43466256811839 0.388882393442
13 9 0.5181550542899774 0.388882393442
17 14 0.6606851953374354 0.388882393442
15 22 2.0225341231546796 0.388882393442
9 10 0.7535492018748609 0.388882393442
28 15 2.0225341231546796 0.388882393442
5 15 2.0225341231546796 0.388882393442
20 3 1.43466256811839 0.388882393442
24 0 1.0456301932360759 0.388882393442
31 9 1.1200432714506305 0.388882393442
11 12 0.41428093117618126 0.388882393442
31 10 0.6606851953374354 0.388882393442
15 13 2.3416819539322895 0.388882393442
15 25 0.31961585322723524 0.388882393442
0 6 1.0456301932360759 0.388882393442
8 8 2.3416819539322895 0.388882393442
15 3 0.42026761505021093 0.388882393442
3 8 1.5204824599919968 0.388882393442
25 28 0.41428093117618126 0.388882393442
11 23 1.5204824599919968 0.388882393442
10 16 0.4518638216531902 0.388882393442
22 6 1.0456301932360759 0.388882393442
12 19 1.0456301932360759 0.388882393442
26 13 0.5181550542899774 0.388882393442
4 26 1.5204824599919968 0.388882393442
21 0 2.574836982024013 0.388882393442
6 7 0.41543918407500113 0.388882393442
18 0 0.5181550542899774 0.388882393442
22 12 2.0225341231546796 0.388882393442
21 4 2.574836982024013 0.388882393442
4 1 0.41428093117618126 0.388882393442
0 23 0.31961585322723524 0.388882393442
4 5 0.7535492018748609 0.388882393442
8 14 0.6606851953374354 0.388882393442
17 22 0.7535492018748609 0.388882393442
6 16 1.8306104706098092 0.388882393442
22 21 1.43466256811839 0.388882393442
20 13 1.5204824599919968 0.388882393442
13 17 2.3416819539322895 0.388882393442
20 26 0.31961585322723524 0.388882393442
1 7 1.5204824599919968 0.388882393442
5 20 2.574836982024013 0.388882393442
15 31 0.7535492018748609 0.388882393442
7 22 0.5181550542899774 0.388882393442
16 16 1.1200432714506305 0.388882393442
13 14 0.5181550542899774 0.388882393442
4 7 0.41543918407500113 0.388882393442
24 16 1.0456301932360759 0.388882393442
24 20 2.574836982024013 0.388882393442
31 0 0.31961585322723524 0.388882393442
20 12 0.31961585322723524 0.388882393442
19 21 1.5204824599919968 0.388882393442
13 18 2.0225341231546796 0.388882393442
22 25 1.1200432714506305 0.388882393442
8 10 0.4518638216531902 0.388882393442
3 21 0.6606851953374354 0.388882393442
6 20 0.6606851953374354 0.388882393442
27 29 2.0225341231546796 0.388882393442
28 1 2.574836982024013 0.388882393442
19 23 1.5204824599919968 0.388882393442
17 9 0.7535492018748609 0.388882393442
0 4 0.7535492018748609 0.388882393442
25 6 1.43466256811839 0.388882393442
0 28 1.8543377546204014 0.388882393442
16 1 0.6606851953374354 0.388882393442
25 9 1.1200432714506305 0.388882393442
27 31 2.574836982024013 0.388882393442
15 27 1.5204824599919968 0.388882393442
14 2 1.8626419592629413 0.388882393442
29 9 1.5204824599919968 0.388882393442
4 29 0.6606851953374354 0.388882393442
25 23 0.4518638216531902 0.388882393442
2 5 0.41428093117618126 0.388882393442
10 13 0.41543918407500113 0.388882393442
2 18 0.5181550542899774 0.388882393442
2 8 0.7535492018748609 0.388882393442
5 4 0.6606851953374354 0.388882393442
8 0 0.4518638216531902 0.388882393442
30 17 1.5204824599919968 0.388882393442
3 28 0.41428093117618126 0.388882393442
6 27 0.5181550542899774 0.388882393442
6 1 0.7535492018748609 0.388882393442
28 18 0.41428093117618126 0.388882393442
7 26 0.7535492018748609 0.388882393442
30 6 1.1200432714506305 0.388882393442
7 18 0.6606851953374354 0.388882393442
23 14 0.6606851953374354 0.388882393442
15 5 0.42026761505021093 0.388882393442
15 26 1.43466256811839 0.388882393442
25 31 1.1200432714506305 0.388882393442
26 27 2.0225341231546796 0.388882393442
30 24 0.31961585322723524 0.388882393442
16 22 0.6606851953374354 0.388882393442
29 19 0.31961585322723524 0.388882393442
9 16 1.8306104706098092 0.388882393442
15 28 0.6606851953374354 0.388882393442
3 12 1.8543377546204014 0.388882393442
