1 8 0.4154391840750011 1
6 3 1.8626419592629413 1
0 3 1.8306104706098087 1
4 1 1.045630193236076 1
4 7 0.31961585322723524 1
2 9 0.6606851953374354 1
5 6 1.045630193236076 1
0 9 0.4142809311761813 1
8 0 0.4154391840750011 1
9 6 1.4346625681183898 1
9 1 1.4346625681183898 1
2 5 0.6606851953374354 1
0 2 1.5204824599919968 1
7 4 1.8306104706098087 1
5 3 0.31961585322723524 1
2 2 0.4518638216531902 1
6 7 1.8306104706098087 1
9 4 0.4518638216531902 1
6 2 0.5181550542899774 1
8 9 0.4202676150502109 1
