13 15 -65.77197581833525 0.6606851953374354
6 6 -71.42381860876151 1.8543377546204012
19 7 -82.5422830480248 0.31961585322723524
35 14 -84.2522470559782 0.4154391840750011
24 35 -70.6868307602006 1.045630193236076
15 18 -71.96183847647762 0.4142809311761813
10 30 -75.43743534528579 1.8626419592629413
10 34 -72.95910435299749 0.7535492018748609
0 26 -70.6433970220805 0.7535492018748609
26 2 -73.2323678762167 1.5204824599919968
14 21 -72.90636384786542 1.1200432714506303
29 14 -74.0208031461056 0.31961585322723524
13 33 -80.0501361810787 0.31961585322723524
21 11 -79.62926993254104 2.341681953932289
19 1 -65.28922173070511 1.5204824599919968
30 30 -67.88757266435672 2.341681953932289
18 24 -71.97140731029754 0.31961585322723524
30 4 -72.55253892193312 1.1200432714506303
5 7 -67.05874891645182 1.045630193236076
16 20 -78.57543479508442 0.31961585322723524
7 13 -80.47927413484659 1.8306104706098087
4 7 -67.87606939375536 0.4518638216531902
0 11 -70.84280919019216 0.4154391840750011
22 27 -76.79851663035157 1.1200432714506303
34 19 -73.8526732053596 1.8543377546204012
24 18 -70.75876474056213 0.31961585322723524
7 21 -78.81369726605395 0.4142809311761813
37 1 -81.86440241987582 0.7535492018748609
15 3 -80.26508656057538 2.341681953932289
33 28 -66.71147341058048 2.02253412315468
39 23 -72.24452454467261 0.5181550542899774
16 6 -76.87918741882152 0.7535492018748609
35 35 -69.80671852027227 0.31961585322723524
37 38 -75.4570436547008 0.7535492018748609
13 11 -73.20187757669589 0.4518638216531902
2 32 -78.28779559020327 0.4142809311761813
38 18 -70.94262354328771 2.341681953932289
33 10 -81.36458868433891 0.4142809311761813
38 11 -79.37846460030585 1.8543377546204012
31 12 -74.27543468630583 0.4142809311761813
32 32 -66.37157426839188 1.8543377546204012
4 24 -84.4452082894419 1.5204824599919968
28 38 -73.16953110296164 2.574836982024013
21 3 -69.1875847199098 0.5181550542899774
39 14 -70.99270259541987 1.4346625681183898
11 15 -78.19600943782088 0.4142809311761813
9 14 -81.90347210568376 0.4154391840750011
23 5 -70.28000742030281 0.7535492018748609
29 23 -76.63288013090406 1.8626419592629413
5 24 -84.04398912888985 2.02253412315468
31 21 -69.27082831035203 0.4154391840750011
5 32 -74.1462871644045 1.4346625681183898
28 36 -72.96945209349771 0.4518638216531902
36 24 -72.34378730508627 2.02253412315468
34 24 -69.83705879760086 1.1200432714506303
22 31 -69.67176521053074 1.8306104706098087
31 19 -77.48183485636204 0.7535492018748609
2 21 -70.0421498672708 1.4346625681183898
31 8 -70.26960410606696 0.4154391840750011
8 22 -82.30586979063334 2.574836982024013
34 22 -69.17023740588957 2.341681953932289
30 5 -80.03411321942481 0.5181550542899774
39 33 -71.08511579327278 0.4154391840750011
20 31 -74.77132925794902 0.6606851953374354
15 23 -68.2518441127618 0.7535492018748609
23 25 -65.25177642637397 0.4154391840750011
27 3 -71.05146722634206 2.02253412315468
32 23 -75.81941858168446 1.4346625681183898
12 8 -79.06401993764706 0.31961585322723524
5 10 -73.78613531703289 0.5181550542899774
21 19 -67.7518391506765 0.4154391840750011
39 8 -79.01628537623043 1.5204824599919968
38 39 -77.17239411739585 1.1200432714506303
21 26 -73.40372177919824 1.4346625681183898
6 19 -82.77110461521987 0.6606851953374354
8 11 -79.81978631818191 0.4518638216531902
22 0 -71.46744342433445 0.4142809311761813
9 16 -78.12143976782193 0.31961585322723524
34 2 -79.74698643714848 0.31961585322723524
10 15 -69.10095428134538 0.4154391840750011
3 16 -73.30056739707851 0.7535492018748609
6 2 -69.03315532763207 1.5204824599919968
33 12 -74.99731566531491 2.574836982024013
29 28 -73.70488194818185 1.045630193236076
29 38 -67.55768206442237 1.8626419592629413
4 3 -57.00684338984096 1.8543377546204012
34 29 -69.0640572474918 1.8626419592629413
14 26 -72.23574905792913 2.341681953932289
2 26 -85.9032811212498 1.8626419592629413
20 15 -74.58213690232472 1.8306104706098087
18 22 -73.78385107795575 2.02253412315468
28 3 -68.33141757506942 1.8543377546204012
0 28 -70.14778918723354 0.6606851953374354
20 28 -72.95316098918565 1.4346625681183898
9 9 -79.0767217051629 1.4346625681183898
26 39 -76.54796548146801 0.5181550542899774
18 28 -80.12634061685779 1.1200432714506303
7 22 -83.96080963860459 1.8306104706098087
2 22 -67.7258562685856 0.5181550542899774
5 23 -84.12573893415842 0.4518638216531902
6 31 -84.51701379212244 2.574836982024013
23 12 -65.24481093503238 0.4518638216531902
5 16 -78.36567477705461 1.045630193236076
15 16 -69.81610615713456 1.8306104706098087
36 4 -75.97238949086778 1.8543377546204012
24 22 -69.6175069034486 1.8306104706098087
28 33 -67.77881087486892 0.4518638216531902
38 17 -70.89011719674117 0.7535492018748609
18 37 -66.99960424791898 0.4518638216531902
6 35 -67.16254385142992 2.341681953932289
8 26 -84.35795256716767 0.5181550542899774
27 12 -71.3662103307466 2.574836982024013
16 27 -80.20517400332311 1.8626419592629413
15 26 -76.90253710119909 0.4518638216531902
21 38 -72.53816027985032 2.341681953932289
15 15 -69.16088443468945 1.5204824599919968
24 28 -78.42245149825065 0.31961585322723524
36 26 -72.05992689732585 1.045630193236076
29 9 -75.42659570923433 0.31961585322723524
29 21 -79.23908262055446 2.574836982024013
21 36 -71.02094461913137 1.8543377546204012
25 13 -71.41018082727994 0.31961585322723524
35 10 -78.41280508412943 1.1200432714506303
33 39 -64.90626861869124 2.574836982024013
36 22 -70.74127922436571 1.045630193236076
32 21 -70.08763074362287 1.045630193236076
31 36 -57.656869952653025 0.5181550542899774
12 29 -81.41238107216321 0.6606851953374354
24 23 -77.20296182633385 1.045630193236076
3 5 -62.51612186530204 0.7535492018748609
35 2 -79.21537912474427 1.045630193236076
18 20 -71.66039916037238 0.4202676150502109
19 36 -74.17598734152845 1.5204824599919968
32 36 -53.23492983581851 2.02253412315468
9 23 -77.55183262548444 2.341681953932289
13 20 -72.89053492405948 0.4142809311761813
3 27 -85.46875164251776 2.02253412315468
24 39 -72.52005461008197 1.8543377546204012
35 1 -80.15470281525029 1.1200432714506303
22 38 -72.83264610206214 0.4202676150502109
34 21 -74.72766490226614 0.4142809311761813
2 5 -63.197620878649005 0.31961585322723524
10 33 -72.36698201021898 1.8543377546204012
36 14 -71.22479801390584 2.02253412315468
35 8 -80.707745654574 1.5204824599919968
15 6 -61.49233481454941 0.4154391840750011
32 16 -77.9118437157511 1.8306104706098087
6 5 -67.67190507428406 1.045630193236076
33 6 -82.30211706322372 1.5204824599919968
37 4 -79.58471958243851 0.31961585322723524
25 9 -62.510516251961974 1.5204824599919968
25 39 -75.60793976771384 1.8626419592629413
20 26 -76.26655970055214 2.341681953932289
14 14 -68.16345437221749 1.045630193236076
15 13 -64.89242632463166 0.31961585322723524
39 13 -71.0165606486703 1.8306104706098087
31 29 -68.32952158525741 0.5181550542899774
20 7 -79.20838181169682 1.8306104706098087
6 22 -83.09474987961323 0.31961585322723524
25 0 -81.28918129162194 0.4142809311761813
12 20 -67.34152454467261 0.6606851953374354
27 11 -68.89162849533338 1.4346625681183898
30 38 -66.55494875763783 1.045630193236076
27 29 -78.21242188259892 0.7535492018748609
19 39 -69.25466456231378 1.8543377546204012
8 4 -73.2445605505471 2.341681953932289
25 27 -74.57699433176799 0.4154391840750011
16 18 -72.25851190842172 1.045630193236076
21 24 -75.70809102843947 0.7535492018748609
34 35 -63.08904908559966 1.5204824599919968
15 1 -82.03490234257836 1.045630193236076
26 30 -77.12573754143688 0.7535492018748609
11 26 -81.35503485253635 1.5204824599919968
11 31 -81.60854427873235 1.5204824599919968
8 35 -64.50106845947906 2.574836982024013
27 27 -73.77253656745569 2.341681953932289
31 20 -77.78739332794302 2.02253412315468
26 26 -81.54232654585506 1.8543377546204012
14 22 -69.82263791499929 1.045630193236076
5 2 -66.63051389889004 2.02253412315468
39 10 -77.92896443889524 0.4202676150502109
13 31 -81.30366058714863 0.7535492018748609
19 25 -81.13050567101223 0.4154391840750011
21 25 -69.4755106268672 0.5181550542899774
11 1 -79.02930283323369 0.4202676150502109
12 39 -74.14713441605511 0.5181550542899774
10 6 -78.12064395119712 0.7535492018748609
24 5 -70.95148268588234 1.8626419592629413
35 6 -83.75512926861401 1.1200432714506303
32 26 -69.8566038355382 1.8626419592629413
21 37 -72.53310420145452 2.574836982024013
29 30 -70.86884274295669 1.8626419592629413
11 11 -67.90941859045947 2.341681953932289
25 2 -82.59911596133934 0.4202676150502109
25 37 -76.9734823853827 2.341681953932289
29 10 -69.48389931128676 1.8543377546204012
7 27 -84.17267949115178 2.574836982024013
34 26 -69.1957987295531 2.341681953932289
23 35 -70.6040589185528 2.02253412315468
29 26 -72.90293504602892 1.8626419592629413
