13 15 -81.09168330670725 0.6606851953374354
6 6 -77.51954933361792 1.8543377546204012
19 7 -80.24348870941056 0.31961585322723524
35 14 -77.22381378840169 0.4154391840750011
24 35 -77.53521881410157 1.045630193236076
15 18 -80.63437136641768 0.4142809311761813
10 30 -77.35511991546902 1.8626419592629413
10 34 -77.14362273773554 0.7535492018748609
0 26 -70.4942201455779 0.7535492018748609
26 2 -78.04836287251145 1.5204824599919968
14 21 -80.81638785102108 1.1200432714506303
29 14 -75.93790438377911 0.31961585322723524
13 33 -66.69264292306093 0.31961585322723524
21 11 -76.02034225256519 2.341681953932289
19 1 -73.11592629771552 1.5204824599919968
30 30 -78.2755956125477 2.341681953932289
18 24 -81.33027228193879 0.31961585322723524
30 4 -71.34933081442657 1.1200432714506303
5 7 -73.60354259026957 1.045630193236076
16 20 -80.9583723814383 0.31961585322723524
7 13 -82.14197307164291 1.8306104706098087
4 7 -70.08180128866174 0.4518638216531902
0 11 -72.50891402089391 0.4154391840750011
22 27 -72.38377756679348 1.1200432714506303
34 19 -81.1084704394621 1.8543377546204012
24 18 -80.38154390344259 0.31961585322723524
7 21 -78.0039973030563 0.4142809311761813
37 1 -80.01738670468194 0.7535492018748609
15 3 -82.74110234941372 2.341681953932289
33 28 -76.03485769260728 2.02253412315468
39 23 -82.11288079618244 0.5181550542899774
16 6 -81.77398740692885 0.7535492018748609
35 35 -85.69039614937054 0.31961585322723524
37 38 -84.68820436552042 0.7535492018748609
13 11 -74.43780827264237 0.4518638216531902
2 32 -71.4862798243889 0.4142809311761813
38 18 -78.2908746875482 2.341681953932289
33 10 -70.9449899853788 0.4142809311761813
38 11 -74.57563552648938 1.8543377546204012
31 12 -72.47346950109494 0.4142809311761813
32 32 -83.48062946118964 1.8543377546204012
4 24 -69.20794628491927 1.5204824599919968
28 38 -85.64967635570298 2.574836982024013
21 3 -80.32281581148573 0.5181550542899774
39 14 -73.38173227736462 1.4346625681183898
11 15 -81.27414790628565 0.4142809311761813
9 14 -81.5377144213379 0.4154391840750011
23 5 -77.86742783206385 0.7535492018748609
29 23 -82.98192340598634 1.8626419592629413
5 24 -72.96434425962636 2.02253412315468
31 21 -81.41626669717448 0.4154391840750011
5 32 -72.63466130838009 1.4346625681183898
28 36 -85.5563551004852 0.4518638216531902
36 24 -82.41513483506978 2.02253412315468
34 24 -75.24391698935824 1.1200432714506303
22 31 -85.83626284257915 1.8306104706098087
31 19 -81.25541448377014 0.7535492018748609
2 21 -74.83761206396538 1.4346625681183898
31 8 -55.95288660678107 0.4154391840750011
8 22 -78.12886193792777 2.574836982024013
34 22 -85.48165330834388 2.341681953932289
30 5 -68.00029292170288 0.5181550542899774
39 33 -78.10084484852612 0.4154391840750011
20 31 -82.53338722882586 0.6606851953374354
15 23 -80.42499303939765 0.7535492018748609
23 25 -77.78427119347919 0.4154391840750011
27 3 -75.408675563945 2.02253412315468
32 23 -82.33393598057395 1.4346625681183898
12 8 -82.3971262655208 0.31961585322723524
5 10 -74.9375693771486 0.5181550542899774
21 19 -75.2761693831586 0.4154391840750011
39 8 -78.77928739201099 1.5204824599919968
38 39 -87.17358491058687 1.1200432714506303
21 26 -78.35228156796805 1.4346625681183898
6 19 -79.18804971184541 0.6606851953374354
8 11 -82.147753498257 0.4518638216531902
22 0 -80.37851818223152 0.4142809311761813
9 16 -80.94070561360195 0.31961585322723524
34 2 -77.22827350051388 0.31961585322723524
10 15 -81.29370179945192 0.4154391840750011
3 16 -73.03244202980129 0.7535492018748609
6 2 -73.92888949086779 1.5204824599919968
33 12 -74.18632517485494 2.574836982024013
29 28 -84.94565402666096 1.045630193236076
29 38 -84.32306627652595 1.8626419592629413
4 3 -73.93797683715182 1.8543377546204012
34 29 -81.83714043280887 1.8626419592629413
14 26 -80.03773575263595 2.341681953932289
2 26 -66.39527890073755 1.8626419592629413
20 15 -80.22518424437847 1.8306104706098087
18 22 -82.33719021058235 2.02253412315468
28 3 -74.67177148065902 1.8543377546204012
0 28 -68.57191587399764 0.6606851953374354
20 28 -82.14244982670863 1.4346625681183898
9 9 -82.64477840484723 1.4346625681183898
26 39 -85.44523917039156 0.5181550542899774
18 28 -81.08751036618288 1.1200432714506303
7 22 -77.34359338735209 1.8306104706098087
2 22 -70.48206859509807 0.5181550542899774
5 23 -75.03755915249704 0.4518638216531902
6 31 -72.40982458864994 2.574836982024013
23 12 -78.10223764472772 0.4518638216531902
5 16 -69.270668476666 1.045630193236076
15 16 -81.12466523882482 1.8306104706098087
36 4 -77.34077512623972 1.8543377546204012
24 22 -81.6136490960598 1.8306104706098087
28 33 -71.95097653691835 0.4518638216531902
38 17 -80.56581244338473 0.7535492018748609
18 37 -71.26294368361634 0.4518638216531902
6 35 -77.66633311194057 2.341681953932289
8 26 -75.23031776603919 0.5181550542899774
27 12 -74.3401725250013 2.574836982024013
16 27 -80.90835131942241 1.8626419592629413
15 26 -80.51468694011723 0.4518638216531902
21 38 -79.50467647656104 2.341681953932289
15 15 -81.0475643860258 1.5204824599919968
24 28 -82.99375838503741 0.31961585322723524
36 26 -84.19333925695648 1.045630193236076
29 9 -61.674343157181156 0.31961585322723524
29 21 -80.97576653292191 2.574836982024013
21 36 -72.02128086791848 1.8543377546204012
25 13 -77.24823611833068 0.31961585322723524
35 10 -74.86306022036365 1.1200432714506303
33 39 -86.41122146793593 2.574836982024013
36 22 -82.05558168469724 1.045630193236076
32 21 -81.48119170130146 1.045630193236076
31 36 -89.93165825730996 0.5181550542899774
12 29 -78.92825401824129 0.6606851953374354
24 23 -81.55876309595445 1.045630193236076
3 5 -73.83677896458535 0.7535492018748609
35 2 -77.97535281714146 1.045630193236076
18 20 -82.8461649752404 0.4202676150502109
19 36 -69.08036127853629 1.5204824599919968
32 36 -87.5145130274788 2.02253412315468
9 23 -77.84467385151783 2.341681953932289
13 20 -77.29509821920365 0.4142809311761813
3 27 -58.55663854664005 2.02253412315468
24 39 -88.08621957181256 1.8543377546204012
35 1 -78.80028803612534 1.1200432714506303
22 38 -77.20536002016709 0.4202676150502109
34 21 -82.4171010915114 0.4142809311761813
2 5 -78.00408389526883 0.31961585322723524
10 33 -78.83790737676574 1.8543377546204012
36 14 -77.94635820173077 2.02253412315468
35 8 -74.0751682515845 1.5204824599919968
15 6 -78.62510498613483 0.4154391840750011
32 16 -78.40578812867912 1.8306104706098087
6 5 -68.45077711994986 1.045630193236076
33 6 -70.37102448012321 1.5204824599919968
37 4 -77.9252429006471 0.31961585322723524
25 9 -73.91931609871637 1.5204824599919968
25 39 -85.16480289626318 1.8626419592629413
20 26 -80.77501859579417 2.341681953932289
14 14 -81.61793440684022 1.045630193236076
15 13 -78.178957440272 0.31961585322723524
39 13 -76.38263728926476 1.8306104706098087
31 29 -75.18248716932007 0.5181550542899774
20 7 -79.68608848287188 1.8306104706098087
6 22 -76.76459695755523 0.31961585322723524
25 0 -79.02830277172394 0.4142809311761813
12 20 -80.6609939645409 0.6606851953374354
27 11 -73.3846281808722 1.4346625681183898
30 38 -88.72265222908416 1.045630193236076
27 29 -82.74639631842597 0.7535492018748609
19 39 -75.10796548146801 1.8543377546204012
8 4 -82.2974283433342 2.341681953932289
25 27 -82.79721928639378 0.4154391840750011
16 18 -81.11388826516819 1.045630193236076
21 24 -81.6542227744836 0.7535492018748609
34 35 -83.23686183906736 1.5204824599919968
15 1 -83.0161475684278 1.045630193236076
26 30 -82.96268207479015 0.7535492018748609
11 26 -78.19778146198783 1.5204824599919968
11 31 -78.5792843590587 1.5204824599919968
8 35 -78.66131411438111 2.574836982024013
27 27 -80.46494696057277 2.341681953932289
31 20 -80.75364998929018 2.02253412315468
26 26 -82.9682776302829 1.8543377546204012
14 22 -80.34376996703128 1.045630193236076
5 2 -67.26706106772266 2.02253412315468
39 10 -79.42887940828933 0.4202676150502109
13 31 -80.67152819738327 0.7535492018748609
19 25 -81.57902481416227 0.4154391840750011
21 25 -82.66758410479015 0.5181550542899774
11 1 -83.08458849328599 0.4202676150502109
12 39 -82.33673091121628 0.5181550542899774
10 6 -82.8734273292445 0.7535492018748609
24 5 -76.88946949613768 1.8626419592629413
35 6 -74.67253381825311 1.1200432714506303
32 26 -80.84727512358057 1.8626419592629413
21 37 -71.70943099159328 2.574836982024013
29 30 -79.68632216552199 1.8626419592629413
11 11 -82.83473995252018 2.341681953932289
25 2 -77.8994384617698 0.4202676150502109
25 37 -84.74905941814447 2.341681953932289
29 10 -66.76737093361962 1.8543377546204012
7 27 -72.90852582956948 2.574836982024013
34 26 -78.69730965123067 2.341681953932289
23 35 -74.49869067544992 2.02253412315468
29 26 -83.07230413160035 1.8626419592629413
