26 36 1.8306104706098087 1
17 6 1.8306104706098087 1
33 13 0.4142809311761813 1
15 27 1.4346625681183898 1
4 18 1.8543377546204012 1
33 14 0.31961585322723524 1
20 2 0.6606851953374354 1
29 18 1.5204824599919968 1
27 28 0.4142809311761813 1
39 30 1.4346625681183898 1
4 9 1.1200432714506303 1
35 30 0.31961585322723524 1
28 29 0.4518638216531902 1
6 37 1.8626419592629413 1
5 38 1.8543377546204012 1
12 23 0.4154391840750011 1
10 37 0.7535492018748609 1
6 26 1.5204824599919968 1
33 8 0.4154391840750011 1
29 15 0.31961585322723524 1
25 28 1.045630193236076 1
14 34 0.6606851953374354 1
17 17 1.045630193236076 1
1 1 1.1200432714506303 1
15 2 0.7535492018748609 1
25 18 1.8306104706098087 1
26 18 0.6606851953374354 1
9 22 0.4518638216531902 1
2 14 2.341681953932289 1
12 1 0.6606851953374354 1
14 3 1.8543377546204012 1
30 29 0.4154391840750011 1
21 3 1.5204824599919968 1
19 6 2.02253412315468 1
4 12 1.5204824599919968 1
23 27 0.4518638216531902 1
12 8 1.5204824599919968 1
15 22 2.02253412315468 1
7 32 1.8543377546204012 1
37 17 0.6606851953374354 1
15 34 1.4346625681183898 1
27 1 1.5204824599919968 1
28 2 1.8306104706098087 1
35 15 0.7535492018748609 1
8 30 0.7535492018748609 1
12 21 0.4142809311761813 1
10 6 2.341681953932289 1
2 32 2.02253412315468 1
13 33 2.341681953932289 1
25 32 2.02253412315468 1
37 33 0.6606851953374354 1
2 17 1.5204824599919968 1
24 25 1.8543377546204012 1
28 8 1.8306104706098087 1
0 27 0.4154391840750011 1
10 31 1.4346625681183898 1
19 19 1.045630193236076 1
36 14 1.4346625681183898 1
29 39 0.4142809311761813 1
19 8 1.8306104706098087 1
35 2 0.4142809311761813 1
14 7 0.4202676150502109 1
10 30 1.045630193236076 1
29 34 1.5204824599919968 1
23 21 0.7535492018748609 1
6 7 0.4142809311761813 1
4 23 0.4142809311761813 1
29 36 1.1200432714506303 1
21 11 2.341681953932289 1
25 23 1.8626419592629413 1
28 26 1.1200432714506303 1
15 14 0.4142809311761813 1
7 18 0.4154391840750011 1
39 23 0.5181550542899774 1
25 27 0.4154391840750011 1
4 19 0.5181550542899774 1
20 7 1.045630193236076 1
20 15 2.02253412315468 1
29 22 0.31961585322723524 1
5 4 1.4346625681183898 1
12 10 1.1200432714506303 1
24 15 0.7535492018748609 1
25 8 1.5204824599919968 1
19 37 0.4518638216531902 1
19 22 0.7535492018748609 1
38 3 1.8543377546204012 1
18 13 0.4142809311761813 1
39 25 0.7535492018748609 1
19 20 1.1200432714506303 1
21 10 0.31961585322723524 1
6 30 1.8626419592629413 1
14 32 1.8306104706098087 1
15 28 0.6606851953374354 1
18 14 2.574836982024013 1
19 7 0.5181550542899774 1
36 0 1.1200432714506303 1
20 19 0.4202676150502109 1
17 5 0.4202676150502109 1
34 16 0.6606851953374354 1
31 34 0.5181550542899774 1
16 37 0.5181550542899774 1
34 19 2.574836982024013 1
13 24 1.045630193236076 1
20 30 0.4202676150502109 1
37 30 1.8626419592629413 1
2 10 1.8306104706098087 1
12 17 0.5181550542899774 1
31 14 0.31961585322723524 1
1 6 0.7535492018748609 1
39 15 2.341681953932289 1
34 25 2.02253412315468 1
27 26 0.5181550542899774 1
37 10 0.5181550542899774 1
28 37 2.574836982024013 1
11 15 0.5181550542899774 1
10 29 0.5181550542899774 1
0 3 1.045630193236076 1
9 19 0.4154391840750011 1
15 30 1.4346625681183898 1
17 18 1.5204824599919968 1
38 23 0.4154391840750011 1
21 9 0.4202676150502109 1
34 7 1.045630193236076 1
7 29 2.574836982024013 1
39 34 1.8626419592629413 1
10 17 0.4154391840750011 1
13 35 1.5204824599919968 1
35 10 1.4346625681183898 1
8 37 1.045630193236076 1
35 28 1.8626419592629413 1
29 1 0.5181550542899774 1
19 34 0.4154391840750011 1
1 22 1.8306104706098087 1
9 17 2.02253412315468 1
13 9 1.8626419592629413 1
22 20 0.6606851953374354 1
6 9 0.5181550542899774 1
33 34 1.8306104706098087 1
9 3 1.8543377546204012 1
19 36 0.4518638216531902 1
14 2 0.6606851953374354 1
0 38 2.574836982024013 1
31 37 2.574836982024013 1
24 32 2.02253412315468 1
37 37 1.8626419592629413 1
30 14 0.7535492018748609 1
15 39 1.4346625681183898 1
31 36 0.4518638216531902 1
7 30 1.045630193236076 1
1 32 0.4518638216531902 1
21 27 1.5204824599919968 1
32 1 1.4346625681183898 1
17 16 0.31961585322723524 1
24 26 2.02253412315468 1
18 1 1.045630193236076 1
23 13 0.6606851953374354 1
27 21 0.31961585322723524 1
33 5 1.1200432714506303 1
17 27 1.5204824599919968 1
3 32 0.4518638216531902 1
36 4 0.5181550542899774 1
29 17 1.8543377546204012 1
28 4 1.5204824599919968 1
15 24 0.31961585322723524 1
32 14 0.7535492018748609 1
29 21 2.02253412315468 1
1 34 1.8306104706098087 1
33 29 1.8543377546204012 1
1 24 0.4142809311761813 1
22 17 0.31961585322723524 1
36 31 0.5181550542899774 1
9 0 0.4154391840750011 1
32 36 0.4142809311761813 1
14 22 0.4202676150502109 1
30 6 1.1200432714506303 1
11 30 0.31961585322723524 1
5 14 1.8626419592629413 1
37 15 1.5204824599919968 1
20 16 1.8543377546204012 1
2 4 0.4154391840750011 1
3 25 1.8306104706098087 1
7 34 0.4154391840750011 1
13 37 0.4202676150502109 1
39 35 0.31961585322723524 1
24 8 1.8306104706098087 1
6 39 0.4154391840750011 1
25 15 0.5181550542899774 1
18 39 1.8543377546204012 1
9 36 0.4154391840750011 1
2 27 0.4202676150502109 1
17 1 0.7535492018748609 1
26 32 1.8306104706098087 1
9 13 1.8626419592629413 1
8 4 2.574836982024013 1
9 28 0.4142809311761813 1
19 35 0.7535492018748609 1
26 39 1.045630193236076 1
38 20 0.4154391840750011 1
2 0 0.5181550542899774 1
27 2 1.8306104706098087 1
