8 30 0.31961585322723524 1
28 0 2.02253412315468 1
39 38 0.6606851953374354 1
4 12 1.8543377546204012 1
1 32 0.4154391840750011 1
36 25 1.4346625681183898 1
25 12 0.7535492018748609 1
35 28 0.4142809311761813 1
11 34 0.4142809311761813 1
6 9 0.6606851953374354 1
19 30 0.4202676150502109 1
17 36 2.574836982024013 1
13 9 1.8626419592629413 1
2 1 0.6606851953374354 1
27 11 0.7535492018748609 1
37 14 1.8306104706098087 1
4 18 0.4142809311761813 1
20 27 1.8543377546204012 1
33 19 0.4142809311761813 1
11 36 2.341681953932289 1
21 4 1.8306104706098087 1
12 0 1.8543377546204012 1
17 35 1.8306104706098087 1
37 7 1.8626419592629413 1
11 28 1.5204824599919968 1
6 27 1.8543377546204012 1
16 35 2.341681953932289 1
29 15 0.7535492018748609 1
35 35 0.6606851953374354 1
17 6 0.4518638216531902 1
3 19 2.574836982024013 1
28 18 0.4154391840750011 1
10 25 2.574836982024013 1
14 14 1.8306104706098087 1
28 15 0.4518638216531902 1
13 26 0.4142809311761813 1
21 29 2.02253412315468 1
16 3 0.31961585322723524 1
29 2 2.02253412315468 1
4 9 0.6606851953374354 1
0 9 1.1200432714506303 1
34 38 1.4346625681183898 1
6 15 2.574836982024013 1
34 39 2.02253412315468 1
17 12 0.4202676150502109 1
7 33 0.4202676150502109 1
15 39 2.574836982024013 1
26 24 0.7535492018748609 1
6 31 0.4154391840750011 1
1 16 0.31961585322723524 1
33 33 2.341681953932289 1
16 22 1.8306104706098087 1
11 29 1.5204824599919968 1
39 22 0.31961585322723524 1
18 18 1.1200432714506303 1
21 25 0.5181550542899774 1
37 18 0.4154391840750011 1
35 21 0.4154391840750011 1
34 9 0.4202676150502109 1
31 7 2.02253412315468 1
24 37 0.31961585322723524 1
10 23 0.4202676150502109 1
21 17 1.4346625681183898 1
8 10 0.4154391840750011 1
6 10 0.4518638216531902 1
29 23 1.4346625681183898 1
16 7 0.7535492018748609 1
27 8 0.7535492018748609 1
32 12 0.4202676150502109 1
0 1 0.4518638216531902 1
33 8 0.4142809311761813 1
21 11 1.1200432714506303 1
19 11 2.02253412315468 1
32 17 1.4346625681183898 1
36 24 1.8306104706098087 1
19 4 1.045630193236076 1
38 7 0.6606851953374354 1
20 26 1.5204824599919968 1
24 39 1.8626419592629413 1
33 13 0.7535492018748609 1
8 7 1.8543377546204012 1
29 33 1.8626419592629413 1
5 17 1.8543377546204012 1
0 23 0.4142809311761813 1
5 20 1.1200432714506303 1
31 22 1.8306104706098087 1
1 7 0.4518638216531902 1
12 32 1.045630193236076 1
14 27 1.8543377546204012 1
11 7 0.4142809311761813 1
37 28 0.4154391840750011 1
10 16 0.5181550542899774 1
28 11 0.7535492018748609 1
13 14 0.7535492018748609 1
8 35 0.4154391840750011 1
32 4 0.4202676150502109 1
37 34 0.5181550542899774 1
11 26 1.045630193236076 1
7 15 1.8306104706098087 1
33 5 2.341681953932289 1
