11 0 0.9772716272373061 0.42261974356
10 6 0.49315413763203997 0.42261974356
6 13 1.7212756453952396 0.53180820245
10 14 1.2445435816218544 0.387115631942
14 8 1.5757259497002156 0.398261818465
12 14 1.1941400537101365 0.460851942788
4 10 1.5757259497002156 0.53180820245
9 1 1.2154563875068929 0.670953661483
15 2 1.354794187399745 0.53180820245
1 10 1.2445435816218544 0.53180820245
9 11 1.5757259497002156 0.398261818465
12 13 0.6850290609951816 0.388882393442
11 4 1.2154563875068929 0.42261974356
14 1 1.7463471585535122 0.53180820245
14 11 0.6850290609951816 0.460851942788
5 5 1.1941400537101365 0.388882393442
5 14 1.7212756453952396 0.670953661483
8 11 0.9335988210359988 0.387115631942
6 11 1.2445435816218544 0.460851942788
0 8 1.4959011061781105 0.670953661483
12 6 0.6850290609951816 0.42261974356
1 8 0.6850290609951816 0.398261818465
4 13 0.6850290609951816 0.42261974356
11 10 2.2257484133661363 0.53180820245
0 3 0.6850290609951816 0.388882393442
13 4 1.2154563875068929 0.42261974356
8 4 1.354794187399745 0.388882393442
6 9 1.7463471585535122 0.398261818465
1 14 0.6850290609951816 0.53180820245
15 7 3.8511632638904536 0.670953661483
8 13 0.9335988210359988 0.460851942788
12 15 1.1941400537101365 0.460851942788
4 6 1.5757259497002156 0.460851942788
4 14 2.2257484133661363 0.42261974356
10 13 0.9335988210359988 0.53180820245
8 0 1.140494410282801 0.387115631942
10 7 0.9335988210359988 0.387115631942
14 3 0.9335988210359988 0.460851942788
1 15 1.1941400537101365 0.387115631942
12 12 1.0830388939780136 0.388882393442
