38 31 1.8306104706098087 1
9 36 1.1200432714506303 1
3 31 0.7535492018748609 1
35 39 0.31961585322723524 1
23 26 1.8543377546204012 1
21 15 2.02253412315468 1
8 13 1.1200432714506303 1
9 37 2.341681953932289 1
27 33 0.31961585322723524 1
10 27 0.31961585322723524 1
10 17 2.02253412315468 1
15 4 0.4202676150502109 1
28 30 0.4154391840750011 1
33 3 0.7535492018748609 1
32 27 2.02253412315468 1
9 32 2.02253412315468 1
9 16 1.5204824599919968 1
29 33 1.045630193236076 1
39 1 2.02253412315468 1
37 29 1.045630193236076 1
39 28 1.8626419592629413 1
11 3 2.341681953932289 1
20 5 0.5181550542899774 1
29 39 0.4154391840750011 1
11 0 1.8306104706098087 1
32 29 0.4518638216531902 1
1 13 1.4346625681183898 1
37 21 2.574836982024013 1
36 29 0.7535492018748609 1
17 34 1.8306104706098087 1
28 26 1.045630193236076 1
37 6 2.02253412315468 1
4 25 1.4346625681183898 1
37 22 1.8543377546204012 1
19 34 0.6606851953374354 1
31 1 1.045630193236076 1
20 8 0.6606851953374354 1
16 39 2.02253412315468 1
39 4 1.1200432714506303 1
16 18 0.5181550542899774 1
14 10 0.4518638216531902 1
35 38 1.8306104706098087 1
33 39 1.1200432714506303 1
13 27 1.4346625681183898 1
19 10 2.574836982024013 1
21 29 1.8306104706098087 1
28 11 0.4202676150502109 1
21 25 0.4202676150502109 1
31 36 2.02253412315468 1
16 22 1.8543377546204012 1
8 19 1.045630193236076 1
32 23 0.6606851953374354 1
18 6 1.5204824599919968 1
39 32 2.574836982024013 1
29 18 2.341681953932289 1
4 22 0.4154391840750011 1
24 34 2.574836982024013 1
39 13 0.6606851953374354 1
17 0 0.4202676150502109 1
30 14 1.045630193236076 1
2 32 0.4154391840750011 1
28 25 0.4518638216531902 1
29 3 0.4202676150502109 1
3 14 2.341681953932289 1
24 16 1.8626419592629413 1
16 8 2.02253412315468 1
17 15 0.4154391840750011 1
9 0 1.4346625681183898 1
20 11 1.4346625681183898 1
23 1 0.7535492018748609 1
26 22 1.045630193236076 1
31 27 2.574836982024013 1
31 24 1.8543377546204012 1
28 7 0.6606851953374354 1
28 38 1.045630193236076 1
20 39 0.6606851953374354 1
36 9 1.5204824599919968 1
38 17 0.6606851953374354 1
15 9 2.341681953932289 1
7 24 1.045630193236076 1
35 14 0.4154391840750011 1
6 20 2.02253412315468 1
37 2 1.8543377546204012 1
36 25 1.8543377546204012 1
25 28 1.8626419592629413 1
28 33 1.8626419592629413 1
27 10 1.1200432714506303 1
13 29 0.4142809311761813 1
12 32 1.045630193236076 1
18 18 1.8626419592629413 1
6 25 0.4202676150502109 1
26 16 0.5181550542899774 1
22 37 0.5181550542899774 1
9 26 1.8306104706098087 1
17 2 0.4142809311761813 1
25 9 0.7535492018748609 1
13 16 0.31961585322723524 1
35 2 1.5204824599919968 1
10 12 0.7535492018748609 1
16 19 2.341681953932289 1
12 13 0.4154391840750011 1
31 2 2.574836982024013 1
3 16 0.4518638216531902 1
23 20 1.1200432714506303 1
26 5 1.8543377546204012 1
8 33 0.31961585322723524 1
27 31 1.8543377546204012 1
7 7 0.4518638216531902 1
24 31 0.6606851953374354 1
11 32 0.6606851953374354 1
26 9 1.5204824599919968 1
3 11 0.5181550542899774 1
0 37 0.4142809311761813 1
13 11 0.4142809311761813 1
6 4 0.6606851953374354 1
27 24 0.6606851953374354 1
39 8 1.8543377546204012 1
32 32 1.8306104706098087 1
23 10 0.6606851953374354 1
10 14 0.5181550542899774 1
6 11 0.4142809311761813 1
33 0 0.4154391840750011 1
13 28 2.341681953932289 1
31 39 0.31961585322723524 1
4 20 1.8626419592629413 1
37 27 2.02253412315468 1
28 36 1.8543377546204012 1
12 8 0.7535492018748609 1
29 13 1.5204824599919968 1
14 14 1.8543377546204012 1
36 16 0.4154391840750011 1
23 3 1.5204824599919968 1
36 34 0.6606851953374354 1
6 24 1.045630193236076 1
31 8 1.8626419592629413 1
19 17 0.31961585322723524 1
6 26 0.4518638216531902 1
23 0 1.8626419592629413 1
32 22 0.4202676150502109 1
8 39 2.574836982024013 1
6 12 0.4142809311761813 1
36 0 0.6606851953374354 1
27 18 2.02253412315468 1
7 29 0.4518638216531902 1
30 29 0.4518638216531902 1
28 18 0.5181550542899774 1
22 27 1.8626419592629413 1
35 10 1.8626419592629413 1
13 24 0.4202676150502109 1
12 1 0.6606851953374354 1
14 7 2.02253412315468 1
17 5 2.341681953932289 1
16 35 0.4154391840750011 1
3 26 1.045630193236076 1
12 34 1.4346625681183898 1
35 19 1.8306104706098087 1
9 27 0.4518638216531902 1
13 12 0.4142809311761813 1
27 29 1.8543377546204012 1
20 30 1.8306104706098087 1
32 7 0.4518638216531902 1
8 24 0.5181550542899774 1
23 25 0.7535492018748609 1
29 36 1.8306104706098087 1
4 10 0.5181550542899774 1
3 13 1.1200432714506303 1
26 24 0.6606851953374354 1
19 5 0.31961585322723524 1
23 22 0.4202676150502109 1
22 17 1.8626419592629413 1
14 32 0.4154391840750011 1
22 18 1.8543377546204012 1
38 19 0.4518638216531902 1
17 12 0.5181550542899774 1
24 28 0.5181550542899774 1
17 3 0.4202676150502109 1
0 29 0.4154391840750011 1
15 0 1.8543377546204012 1
16 11 0.4518638216531902 1
31 26 2.574836982024013 1
6 7 1.8306104706098087 1
23 28 1.8543377546204012 1
35 27 2.574836982024013 1
14 38 1.1200432714506303 1
38 27 2.574836982024013 1
29 6 0.31961585322723524 1
36 21 0.4142809311761813 1
13 0 1.8543377546204012 1
3 37 2.341681953932289 1
8 8 1.8543377546204012 1
12 6 0.7535492018748609 1
29 26 1.8543377546204012 1
17 10 1.8543377546204012 1
5 15 0.7535492018748609 1
10 32 2.341681953932289 1
30 25 1.8626419592629413 1
34 19 1.1200432714506303 1
22 20 0.5181550542899774 1
12 7 0.4154391840750011 1
29 27 1.8543377546204012 1
11 16 1.8626419592629413 1
29 15 1.4346625681183898 1
15 33 0.4202676150502109 1
18 22 2.02253412315468 1
23 2 0.31961585322723524 1
1 18 0.5181550542899774 1
13 38 1.4346625681183898 1
34 15 0.4142809311761813 1
15 18 1.045630193236076 1
28 34 0.4142809311761813 1
24 5 1.8306104706098087 1
10 35 0.6606851953374354 1
28 6 0.4518638216531902 1
35 13 2.341681953932289 1
4 30 0.4518638216531902 1
0 39 1.5204824599919968 1
12 24 1.4346625681183898 1
15 5 1.4346625681183898 1
12 21 0.4142809311761813 1
10 9 1.045630193236076 1
19 36 1.4346625681183898 1
20 29 1.4346625681183898 1
31 0 0.5181550542899774 1
3 5 2.02253412315468 1
1 5 2.574836982024013 1
35 37 1.4346625681183898 1
7 27 0.4202676150502109 1
21 0 1.045630193236076 1
32 31 0.4202676150502109 1
1 11 0.5181550542899774 1
6 29 1.5204824599919968 1
25 11 1.045630193236076 1
5 39 1.8626419592629413 1
12 36 1.8306104706098087 1
34 6 0.7535492018748609 1
15 20 1.4346625681183898 1
25 22 1.8626419592629413 1
5 36 1.8306104706098087 1
32 35 1.5204824599919968 1
5 2 1.8306104706098087 1
0 5 1.8306104706098087 1
10 4 0.31961585322723524 1
0 11 0.6606851953374354 1
33 1 0.4142809311761813 1
34 33 0.6606851953374354 1
16 14 0.4518638216531902 1
20 31 0.4518638216531902 1
3 30 0.4142809311761813 1
33 31 0.4202676150502109 1
24 15 0.4154391840750011 1
38 38 2.02253412315468 1
36 22 0.4154391840750011 1
14 2 0.5181550542899774 1
2 18 1.8306104706098087 1
30 12 1.045630193236076 1
4 19 0.6606851953374354 1
34 26 0.6606851953374354 1
12 4 1.8626419592629413 1
24 21 0.31961585322723524 1
34 27 1.5204824599919968 1
11 13 1.8626419592629413 1
0 31 1.8626419592629413 1
19 32 0.4202676150502109 1
25 18 2.574836982024013 1
38 11 1.8306104706098087 1
23 34 0.31961585322723524 1
35 34 1.8543377546204012 1
16 16 0.4202676150502109 1
31 34 1.045630193236076 1
22 32 0.4154391840750011 1
9 18 1.8306104706098087 1
13 2 1.5204824599919968 1
30 22 2.574836982024013 1
36 17 0.5181550542899774 1
2 16 0.6606851953374354 1
18 3 1.5204824599919968 1
15 28 0.4154391840750011 1
20 4 0.4518638216531902 1
20 14 0.6606851953374354 1
10 15 0.6606851953374354 1
16 36 0.4142809311761813 1
39 10 1.045630193236076 1
28 16 2.02253412315468 1
14 12 0.4202676150502109 1
8 11 0.6606851953374354 1
4 38 0.4202676150502109 1
8 26 0.5181550542899774 1
27 38 2.02253412315468 1
36 18 2.341681953932289 1
36 39 1.045630193236076 1
11 4 1.4346625681183898 1
28 1 1.8543377546204012 1
32 1 0.5181550542899774 1
0 14 0.31961585322723524 1
29 20 0.31961585322723524 1
11 24 0.4142809311761813 1
6 2 1.8306104706098087 1
8 5 1.045630193236076 1
19 9 1.8306104706098087 1
12 11 0.6606851953374354 1
1 21 2.341681953932289 1
30 30 1.4346625681183898 1
13 35 0.4142809311761813 1
24 6 2.341681953932289 1
17 4 0.4518638216531902 1
25 10 1.1200432714506303 1
1 17 2.341681953932289 1
33 2 1.8306104706098087 1
23 8 0.4154391840750011 1
1 19 0.4518638216531902 1
25 5 2.02253412315468 1
10 6 0.6606851953374354 1
26 7 1.8306104706098087 1
13 19 2.02253412315468 1
6 3 1.8306104706098087 1
4 3 0.5181550542899774 1
22 29 0.6606851953374354 1
25 4 1.1200432714506303 1
3 34 0.31961585322723524 1
1 31 1.4346625681183898 1
25 16 0.4518638216531902 1
3 0 1.1200432714506303 1
17 7 2.574836982024013 1
28 0 0.4202676150502109 1
0 25 0.4202676150502109 1
26 4 0.4154391840750011 1
2 26 0.4154391840750011 1
25 30 1.045630193236076 1
38 6 1.4346625681183898 1
29 4 1.8626419592629413 1
26 17 2.341681953932289 1
3 2 1.1200432714506303 1
33 7 0.4142809311761813 1
18 15 2.02253412315468 1
12 5 1.8543377546204012 1
3 32 2.574836982024013 1
19 29 0.5181550542899774 1
37 23 1.4346625681183898 1
38 16 2.02253412315468 1
11 17 0.31961585322723524 1
15 38 0.4518638216531902 1
18 32 1.5204824599919968 1
14 39 1.8306104706098087 1
24 17 0.31961585322723524 1
14 19 0.4154391840750011 1
17 17 0.4202676150502109 1
5 14 0.31961585322723524 1
38 33 1.045630193236076 1
7 2 1.4346625681183898 1
27 20 0.6606851953374354 1
37 26 1.8626419592629413 1
33 16 1.8626419592629413 1
17 18 1.8306104706098087 1
4 21 0.7535492018748609 1
9 8 2.02253412315468 1
39 26 2.574836982024013 1
37 17 0.31961585322723524 1
19 15 1.4346625681183898 1
14 26 2.02253412315468 1
11 39 1.5204824599919968 1
12 37 1.4346625681183898 1
28 4 0.4142809311761813 1
25 34 0.31961585322723524 1
29 8 0.4154391840750011 1
18 4 0.7535492018748609 1
36 8 1.1200432714506303 1
6 38 1.8543377546204012 1
33 37 0.5181550542899774 1
0 34 2.574836982024013 1
9 4 1.4346625681183898 1
13 15 2.574836982024013 1
39 19 0.31961585322723524 1
8 22 0.4142809311761813 1
16 37 0.4154391840750011 1
28 37 2.341681953932289 1
3 33 2.341681953932289 1
11 19 1.045630193236076 1
12 38 2.341681953932289 1
10 22 0.4154391840750011 1
5 18 2.02253412315468 1
31 18 1.4346625681183898 1
0 7 1.045630193236076 1
18 19 0.4518638216531902 1
21 6 1.4346625681183898 1
35 11 1.8626419592629413 1
28 19 2.341681953932289 1
27 0 1.8306104706098087 1
39 3 1.8626419592629413 1
8 29 1.8543377546204012 1
35 16 0.4202676150502109 1
13 37 0.4154391840750011 1
4 27 0.6606851953374354 1
37 31 1.8543377546204012 1
6 35 1.1200432714506303 1
10 36 1.4346625681183898 1
22 1 1.8626419592629413 1
29 34 1.045630193236076 1
7 21 0.4142809311761813 1
1 29 1.8306104706098087 1
10 19 0.4142809311761813 1
