1 20 1.8626419592629413 1
31 17 0.4202676150502109 1
38 18 0.4202676150502109 1
10 35 0.31961585322723524 1
5 37 2.02253412315468 1
18 19 2.574836982024013 1
19 18 2.574836982024013 1
21 20 0.4142809311761813 1
5 20 1.5204824599919968 1
9 22 1.4346625681183898 1
9 11 0.5181550542899774 1
22 9 1.4346625681183898 1
7 4 0.4154391840750011 1
35 12 1.8306104706098087 1
19 7 0.4202676150502109 1
6 5 1.4346625681183898 1
29 29 1.4346625681183898 1
18 31 1.8626419592629413 1
38 33 1.045630193236076 1
27 28 0.6606851953374354 1
13 9 0.31961585322723524 1
2 20 2.574836982024013 1
11 7 2.02253412315468 1
21 7 1.8626419592629413 1
24 36 0.4518638216531902 1
26 21 1.8543377546204012 1
32 2 1.1200432714506303 1
7 8 0.31961585322723524 1
17 20 0.4154391840750011 1
19 6 2.341681953932289 1
30 1 0.4202676150502109 1
35 10 1.8626419592629413 1
10 38 0.4142809311761813 1
7 1 1.5204824599919968 1
8 1 2.02253412315468 1
6 34 2.341681953932289 1
26 7 1.8543377546204012 1
19 11 1.8306104706098087 1
20 7 0.6606851953374354 1
39 16 0.7535492018748609 1
17 33 1.045630193236076 1
22 15 2.341681953932289 1
4 18 0.4142809311761813 1
11 34 0.4518638216531902 1
31 22 1.5204824599919968 1
31 16 2.574836982024013 1
20 31 1.8626419592629413 1
5 1 1.5204824599919968 1
13 30 1.5204824599919968 1
36 17 1.1200432714506303 1
13 31 0.31961585322723524 1
5 4 1.8543377546204012 1
31 18 0.31961585322723524 1
18 4 0.4142809311761813 1
26 0 0.7535492018748609 1
23 11 0.6606851953374354 1
29 15 1.8543377546204012 1
28 31 0.5181550542899774 1
24 3 1.8306104706098087 1
15 13 1.8306104706098087 1
15 26 0.7535492018748609 1
13 18 1.8626419592629413 1
3 14 2.574836982024013 1
19 17 1.5204824599919968 1
28 12 0.31961585322723524 1
17 39 0.5181550542899774 1
32 0 1.1200432714506303 1
6 31 1.5204824599919968 1
1 5 1.045630193236076 1
3 1 2.574836982024013 1
3 2 1.8306104706098087 1
37 37 0.7535492018748609 1
35 17 2.02253412315468 1
10 7 1.8543377546204012 1
11 35 0.5181550542899774 1
23 5 0.7535492018748609 1
2 4 0.4202676150502109 1
11 25 0.7535492018748609 1
26 18 1.8543377546204012 1
25 37 1.5204824599919968 1
33 30 1.1200432714506303 1
37 32 1.4346625681183898 1
10 31 0.4202676150502109 1
16 26 0.31961585322723524 1
0 8 0.4518638216531902 1
11 12 1.5204824599919968 1
34 21 0.5181550542899774 1
30 25 1.4346625681183898 1
10 22 2.574836982024013 1
16 6 0.7535492018748609 1
11 3 0.4518638216531902 1
16 15 1.4346625681183898 1
15 20 0.31961585322723524 1
3 20 1.8626419592629413 1
26 8 1.8626419592629413 1
31 0 2.341681953932289 1
1 24 0.5181550542899774 1
4 6 1.8306104706098087 1
32 33 0.5181550542899774 1
24 13 0.31961585322723524 1
32 17 0.5181550542899774 1
2 21 2.574836982024013 1
18 6 0.5181550542899774 1
1 7 0.6606851953374354 1
5 2 1.4346625681183898 1
20 0 1.8543377546204012 1
4 27 0.31961585322723524 1
0 26 1.8626419592629413 1
6 36 2.341681953932289 1
7 28 0.4202676150502109 1
5 5 0.31961585322723524 1
13 4 0.4154391840750011 1
25 16 1.8306104706098087 1
2 2 0.7535492018748609 1
2 23 0.4518638216531902 1
20 35 2.341681953932289 1
12 13 0.4518638216531902 1
34 32 0.7535492018748609 1
0 34 2.574836982024013 1
13 21 1.8543377546204012 1
6 16 1.8626419592629413 1
17 1 2.02253412315468 1
23 2 2.02253412315468 1
10 10 1.1200432714506303 1
16 12 1.8306104706098087 1
10 13 0.4154391840750011 1
1 27 0.6606851953374354 1
38 12 0.5181550542899774 1
5 8 0.4518638216531902 1
19 2 1.045630193236076 1
23 18 0.6606851953374354 1
6 35 0.4202676150502109 1
35 22 1.045630193236076 1
18 33 0.6606851953374354 1
34 20 1.1200432714506303 1
0 25 0.7535492018748609 1
19 0 0.7535492018748609 1
23 36 1.5204824599919968 1
25 21 2.341681953932289 1
25 8 2.574836982024013 1
15 3 1.045630193236076 1
3 24 1.5204824599919968 1
21 22 1.4346625681183898 1
35 31 1.8626419592629413 1
1 35 0.4202676150502109 1
28 23 2.574836982024013 1
9 33 1.8543377546204012 1
34 10 0.31961585322723524 1
12 7 0.5181550542899774 1
15 10 0.5181550542899774 1
18 32 1.8626419592629413 1
32 27 1.1200432714506303 1
18 0 0.4142809311761813 1
39 33 0.5181550542899774 1
21 5 0.4518638216531902 1
13 15 0.4202676150502109 1
39 34 2.341681953932289 1
20 36 0.4142809311761813 1
31 10 0.6606851953374354 1
35 9 1.5204824599919968 1
26 35 0.4202676150502109 1
9 21 1.045630193236076 1
17 5 0.5181550542899774 1
30 7 1.5204824599919968 1
29 22 0.4142809311761813 1
9 5 1.8543377546204012 1
7 30 1.8543377546204012 1
2 7 0.5181550542899774 1
32 30 0.5181550542899774 1
3 36 0.6606851953374354 1
36 3 1.8543377546204012 1
14 31 0.6606851953374354 1
20 21 0.31961585322723524 1
14 37 2.574836982024013 1
37 8 1.1200432714506303 1
26 10 1.8543377546204012 1
34 12 0.4518638216531902 1
12 18 2.02253412315468 1
8 32 0.4142809311761813 1
35 11 2.574836982024013 1
31 24 2.574836982024013 1
19 1 0.31961585322723524 1
20 38 0.4142809311761813 1
26 12 1.8543377546204012 1
38 19 0.4142809311761813 1
3 4 1.8543377546204012 1
28 20 1.4346625681183898 1
10 12 0.4202676150502109 1
18 5 1.1200432714506303 1
10 39 0.5181550542899774 1
14 23 0.4202676150502109 1
33 8 0.4154391840750011 1
25 39 0.31961585322723524 1
36 37 0.4518638216531902 1
4 16 0.6606851953374354 1
31 34 0.4142809311761813 1
28 0 0.4142809311761813 1
36 28 1.8306104706098087 1
10 3 1.045630193236076 1
12 2 0.4518638216531902 1
5 13 1.1200432714506303 1
11 16 2.574836982024013 1
26 13 0.5181550542899774 1
1 31 0.4518638216531902 1
26 24 2.341681953932289 1
22 30 0.4154391840750011 1
36 32 0.4154391840750011 1
14 13 0.4154391840750011 1
25 29 0.4154391840750011 1
10 0 2.341681953932289 1
14 22 1.4346625681183898 1
14 30 0.6606851953374354 1
11 28 0.4202676150502109 1
3 33 1.8626419592629413 1
8 38 0.7535492018748609 1
15 9 0.6606851953374354 1
4 11 0.31961585322723524 1
23 0 2.02253412315468 1
14 28 2.574836982024013 1
19 37 0.31961585322723524 1
20 9 0.5181550542899774 1
9 19 1.8306104706098087 1
32 13 1.5204824599919968 1
4 0 0.4518638216531902 1
6 2 0.4202676150502109 1
7 38 0.4518638216531902 1
18 37 2.02253412315468 1
17 6 0.31961585322723524 1
12 11 1.8543377546204012 1
17 15 1.1200432714506303 1
5 33 0.5181550542899774 1
10 19 1.8626419592629413 1
2 17 1.8543377546204012 1
16 36 0.31961585322723524 1
0 11 1.4346625681183898 1
36 22 1.045630193236076 1
24 15 2.341681953932289 1
28 2 0.5181550542899774 1
19 19 1.5204824599919968 1
7 39 1.8306104706098087 1
25 30 2.02253412315468 1
6 30 2.02253412315468 1
32 28 0.31961585322723524 1
13 28 0.6606851953374354 1
25 33 2.02253412315468 1
15 24 0.4518638216531902 1
6 23 2.02253412315468 1
25 31 2.341681953932289 1
28 29 0.7535492018748609 1
15 11 2.341681953932289 1
28 18 1.4346625681183898 1
16 32 0.4518638216531902 1
15 19 0.5181550542899774 1
39 15 1.4346625681183898 1
24 39 2.341681953932289 1
0 20 0.4142809311761813 1
38 5 1.8543377546204012 1
5 15 1.5204824599919968 1
28 22 0.5181550542899774 1
12 12 2.574836982024013 1
11 32 0.4202676150502109 1
35 34 0.6606851953374354 1
30 17 1.5204824599919968 1
1 4 1.8543377546204012 1
25 14 1.8543377546204012 1
34 0 2.341681953932289 1
14 9 1.045630193236076 1
10 5 0.7535492018748609 1
38 21 1.045630193236076 1
17 10 1.4346625681183898 1
13 13 0.4202676150502109 1
35 32 1.8543377546204012 1
25 1 0.4518638216531902 1
21 3 1.1200432714506303 1
39 2 0.6606851953374354 1
20 8 0.4202676150502109 1
6 28 1.1200432714506303 1
7 16 0.4154391840750011 1
33 5 0.5181550542899774 1
29 38 1.1200432714506303 1
19 28 2.341681953932289 1
13 3 2.02253412315468 1
31 1 1.8626419592629413 1
31 4 2.574836982024013 1
9 12 2.574836982024013 1
2 27 0.6606851953374354 1
24 28 0.4202676150502109 1
11 38 1.1200432714506303 1
17 32 1.8626419592629413 1
12 19 1.045630193236076 1
20 32 1.045630193236076 1
16 30 0.4202676150502109 1
34 14 2.02253412315468 1
22 6 0.4142809311761813 1
20 37 0.4142809311761813 1
20 25 1.8543377546204012 1
22 4 1.045630193236076 1
12 10 0.5181550542899774 1
29 10 2.574836982024013 1
38 23 0.5181550542899774 1
