4.219875072261580762e-02
4.436030731698796803e-01
-4.145930777682553803e-01
-5.016405245670552127e-02
-1.223650228161976550e-01
-4.209192030497632686e-02
-6.447072261254582770e-02
-6.794398923499256338e-02
8.928210024411931123e-02
-1.104535583582631486e-01
-6.428015787671575998e-02
3.012558876187739765e-01
-2.618906011866879435e-01
9.448401280169260730e-02
-1.367416058567918480e-01
2.053357722907112048e-02
2.638090113823274296e-01
-2.394636723801724654e-01
4.424687191859622004e-04
-1.906225431929537972e-01
8.705804037243680682e-02
-2.142479903060887647e-01
5.038994551128817001e-02
5.127868572014016024e-02
-1.740833258139238282e-01
1.957318222845431666e-01
2.917450216924570849e-01
9.683779622717825220e-03
2.348178513052789906e-01
1.461982733416089530e-01
-4.504312414663123876e-02
-4.911298959190180113e-02
8.778239445539703922e-02
-3.346207429137637579e-02
1.177277566648207707e-02
7.261140018425127352e-02
-1.979408741186020615e-01
5.685318747161938191e-03
-8.748836896794226492e-02
3.627509171901479590e-01
-1.375093670125485112e-02
1.024253610949966142e-01
-2.062003220600652220e-01
4.008783991185893569e-02
-8.262444921152045652e-02
-6.151159100203651420e-02
-2.707221997882092168e-01
-2.956429447149178102e-01
-2.514000865996099954e-01
-3.482134095466249413e-02
