6.223125938998075313e-01
-1.115889173183067795e-01
1.005492524079689254e+00
-1.188508868527642370e-01
1.020411254131516898e+00
7.794190946060927105e-01
-2.515410736676082504e-01
9.449015240935438875e-01
2.465731413256382787e+00
1.748750205686717019e+00
1.758629124430024504e-01
9.736229882300281302e-01
2.029187134216021704e+00
6.580044874822017498e-01
-2.039497580167071167e-01
6.365982276185426780e-01
7.565496374780557032e-01
1.467870083400251158e+00
1.096252817531982560e+00
-6.372617241244618036e-01
5.745642039711047477e-01
1.500796239434822654e+00
1.656171593218300764e+00
3.871826405387804870e-01
-2.660603827183596337e-01
-1.373837908422338994e-01
2.436815374649343724e-01
8.192257377372134108e-01
2.301988648917987490e-01
8.927830499878366410e-01
6.521574548870663346e-01
7.121838307210928143e-01
9.809167159328900931e-01
-1.818353756776220909e-01
1.681134464271586193e+00
3.461043423487985549e-01
7.600200267244660024e-01
6.801108876877333120e-01
1.169371572022916972e+00
3.312990042350918429e-01
-3.119360919644575958e-02
1.508198566624687764e-01
7.968277888774994988e-01
1.180732308513568363e+00
7.373086700695244966e-01
5.203586166674304403e-01
1.077033674964036347e+00
1.747373865277821681e+00
5.337526000546346516e-01
2.824498228791816778e+00
3.824492421853347146e-01
1.129061660463950512e+00
7.987972389268683804e-01
4.271496681265256612e-01
-1.715556218700458491e+00
2.190481785960725514e+00
1.183144815886630008e+00
-1.127799559552628672e+00
1.213162086741407020e+00
5.998273805415021975e-01
7.257834328566441506e-01
4.956041416632748220e-01
2.840171934536539489e-01
9.477313301518353050e-01
-3.751501144128293053e-01
7.265039601142539993e-01
1.236302626372702163e+00
6.026553544402792895e-01
1.543556632280757013e+00
-4.869757177790812186e-02
-7.103093715950784537e-01
1.288249940231344759e+00
2.385904417355284579e-01
1.060199026839889536e+00
1.390314337915081744e-01
2.828839023036286981e-01
7.789877664423876524e-01
9.214592371397375414e-01
5.464219334870668021e-02
1.359981670934871545e+00
3.321894935773408442e-01
8.856392361299888494e-01
3.619370802004153731e-01
-7.395299597978732820e-01
7.732368915252836317e-01
1.580209027044929826e-01
-1.443333537909852193e-02
9.355702488081893975e-01
1.274940546667114649e+00
-6.457221939809776323e-01
4.895929372775883470e-01
9.185781832083153020e-01
5.826576141250301433e-01
1.077906811494725892e+00
-4.021438459986533265e-01
1.108797922562898997e+00
8.680873564814799437e-01
3.774412953019172789e-01
8.372265403070542344e-01
5.898665607922763954e-01
-1.618464951253094419e+00
9.606902100440923853e-01
8.082890551629060560e-01
8.785579748386742605e-01
7.246401102356674340e-01
-6.232033885075741186e-02
-3.333895173659384703e-01
1.671624807309086691e-01
1.044996799869918114e+00
5.477385308342075376e-03
1.363985754612965007e+00
3.005389934962190424e-01
2.055768880272914600e-01
4.302666238056827019e-01
9.805998229352723694e-01
8.428758644507450271e-01
6.408010547525067047e-01
1.930102291193865671e+00
-2.109197836468097442e-01
6.372748218853504509e-01
3.600833093042417055e-01
2.928459690947171623e-01
6.262130434710311278e-01
3.932697058680908464e-01
5.131675510182498456e-01
3.408840158736392567e-01
9.010549104148011246e-01
1.184110606035885915e+00
-8.110105293836387119e-01
8.479713232846242121e-01
-1.830313275584560806e-01
1.188214378410059613e-01
1.144538779573142984e+00
7.658356718424125242e-01
1.548171319295347903e+00
1.476591332386270050e+00
5.701652431666517362e-01
2.704811995249016832e-01
-5.299868773798452892e-01
5.306567963558372902e-01
8.046443766616743209e-01
1.161657303819784159e+00
1.005016491509249210e+00
-7.216782779674658643e-01
6.877176320098197237e-01
-1.201476342045082468e-01
1.228147755629630744e+00
1.488095243569106163e+00
1.077408444315220315e+00
1.232666834468746586e+00
1.189247600922677783e+00
1.264542906186932214e+00
1.168731099937249773e+00
9.340751170573904361e-01
7.478130479953317700e-01
3.991452682675435959e-01
3.363521333119858792e-01
-5.512406446768514101e-01
1.463480942086030412e+00
7.319845604669059647e-01
1.476071477805436238e+00
4.980089751302005929e-01
3.071229460386312726e-01
3.498548386205431182e-01
6.266951790656976051e-01
4.054214349416276342e-01
-1.736397905230400163e-01
1.805221577424711121e+00
-6.588628191171030934e-02
-2.695892071897629805e-01
5.398195041999604982e-01
1.061536310357084067e+00
1.244215048153642034e+00
-3.942842308667353635e-01
1.630098580906160777e-01
3.267022398297094732e-01
8.403774713135097052e-01
1.023077822513094537e+00
5.233484076099067517e-01
6.323203817961751128e-01
2.479340894299806308e-01
7.511003127788358213e-01
1.080501248808922288e+00
5.571731136639535009e-01
2.197941243755652252e-02
2.835750570994903796e-01
1.112870196029494885e+00
2.458408354939838780e+00
9.206423202437163944e-01
7.432331717197886434e-01
2.165573162451754463e+00
2.180409474042512841e-01
1.986598928894327099e+00
1.283349886487764158e+00
9.219241601502226047e-03
3.999828968627072712e-02
1.094231755778370951e+00
1.763933881409339044e+00
3.446662609091482032e-01
7.737010535947221879e-01
3.246867752270407026e-01
1.414892407845183664e+00
1.359751604373058864e+00
1.537672259354320392e+00
2.204960056883644715e-01
8.047335525084933217e-01
1.277611597596243875e+00
-1.612098161055235956e-01
1.244288600080339924e+00
4.811323692142825403e-01
5.518535340829071600e-01
2.667260806684461638e-01
1.101272490614948030e+00
-2.167888036418384790e+00
8.786353207094016460e-01
1.644764741763517835e+00
2.507443031145393242e-01
1.471009640165350074e+00
-2.893344308214160776e-01
4.469276941900477418e-01
-6.271004094680403540e-01
1.294238053855287340e+00
5.608533058289544293e-01
1.433152707014607063e+00
5.653760986499773988e-01
1.028341771107825764e-01
-4.202596317646326574e-01
8.473725754631941109e-01
9.948721578700245871e-01
1.139273081767506302e+00
5.098087604057562894e-01
7.117787055301387777e-01
-2.288336535829642582e-01
2.466989008989162180e-01
1.261657923637179879e+00
9.081150706422372876e-01
1.333565775766007100e+00
8.392763893766990169e-01
