-8.610046290130918267e-02
6.991654466725762962e-01
1.169820164487533454e+00
2.380263450198342845e+00
8.648056438609095231e-01
-3.377687406100192469e+00
9.681823882387901037e-01
9.312578694784900968e-01
6.102650522510693065e-01
9.449015240935438875e-01
1.156475698035084099e+00
1.142443392098183796e+00
-4.470956138853960926e-01
1.135536437086738459e+00
1.758629124430024504e-01
9.514185690409042717e-01
1.386747145971327866e+00
6.580044874822017498e-01
1.056120043725906843e+00
9.285877846153660631e-01
-2.034973822021342027e-01
1.095976609801732726e+00
3.456298387535347016e-01
-1.112258796220997548e+00
1.236725804864097666e+00
-2.034979471971758436e-01
1.090533693370616009e+00
-5.267196621949654656e-02
6.818062406809756171e-01
1.765450837620457847e+00
1.972745299295779020e+00
5.701698441825379104e-01
-2.660603827183596337e-01
-2.712531812306374635e-01
3.281798276491243449e-01
-7.276825551026483430e-02
5.672925360937908223e-01
3.174829911169041452e-01
-1.769801135108201251e+00
9.343214321828936519e-01
-1.689299986661668029e+00
2.323701994450398267e+00
8.266396649533480634e-01
7.121838307210928143e-01
1.401592150517936730e+00
-2.179390068127742275e-01
1.842183599152664497e+00
2.247740758322961385e-01
5.923794900022325560e-01
5.970005074951219015e-01
-2.636846327839670323e-03
1.242856091405207142e+00
4.591671525653637786e-01
4.695207377382715208e-01
-7.605817133047385603e-01
5.177950560228838928e-01
2.758778035366196146e-01
1.508198566624687764e-01
2.679759310736813838e+00
1.180732308513568363e+00
8.654127766304471336e-01
1.010236060283659754e+00
-1.996514156650316174e+00
8.572358112689850707e-01
1.101005816954848893e+00
4.135167710587441814e-01
5.337526000546346516e-01
1.154159761437661622e-02
4.068081198722475200e-01
3.189044156858165113e+00
7.256948911917424638e-01
1.362200708943267724e+00
1.006104608014307011e+00
3.919338179118945220e-01
-8.972282180349608893e-01
7.846624602092862055e-01
-1.715556218700458491e+00
2.190481785960725514e+00
1.205385970520780781e+00
-1.120222107622909968e+00
1.222242516898569331e+00
1.498275633067387203e+00
2.161436296436800575e-01
7.142871806660378020e-01
-2.965373579964126205e-01
7.441870775279388894e-01
2.554258674798746132e-01
1.001914139856062258e+00
8.245862380746520337e-01
1.101104961244767866e+00
2.307413035484013886e-01
6.959644899785701888e-01
6.026553544402792895e-01
9.314282888638242275e-01
-6.064694142771109853e-02
1.411360327326328878e+00
-7.363276720644429396e-01
-4.481238359811712257e-02
1.391831918742898466e+00
2.385904417355284579e-01
1.087062295900986131e+00
1.063762543421213014e+00
1.276124033177521877e+00
1.390314337915081744e-01
-4.661877516856449688e-02
8.655976415595540985e-01
9.028265463765623444e-01
5.464219334870668021e-02
5.967042783198617251e-01
4.820349274613153767e-01
6.607942069078459602e-02
3.321894935773408442e-01
9.006881357226047546e-01
3.619370802004153731e-01
1.369176694422916896e+00
6.234102052408669881e-01
-1.446091099656300560e+00
-5.511877586771385396e-01
7.732368915252836317e-01
1.580209027044929826e-01
-8.779577552374517868e-02
9.355702488081893975e-01
1.077130621204305694e+00
7.081470502265017064e-01
1.274940546667114649e+00
-6.457221939809776323e-01
5.934707915912321718e-01
1.663355487867584692e+00
8.025765301276708286e-01
-2.752640845239087142e-01
5.362585143719997838e-01
1.232907981975830403e+00
-1.413277519340452315e-01
-4.466006086152012888e-01
1.188982053360889912e+00
-5.552038512338836052e-01
1.273225160840407710e-02
7.611630522400021359e-01
3.774412953019172789e-01
2.122065460224668021e-01
6.035436954429889145e-01
-1.618464951253094419e+00
9.606902100440923853e-01
3.805147325180173734e-01
3.802172213340848650e-01
8.846749544173673208e-01
1.086593965254667005e+00
9.160848339124842976e-01
5.814931876485471829e-01
-4.391045823539347914e-01
-9.225135955118846098e-02
3.948777893864443556e-01
-1.832837519269091331e+00
1.350832690991878415e+00
5.477385308342075376e-03
1.708897138721711340e+00
1.396941993499341228e+00
-6.056849622316775594e-01
3.005389934962190424e-01
2.055768880272914600e-01
4.302666238056827019e-01
9.890480800837759823e-01
9.853989464460082282e-01
1.270383170519683858e-01
9.511211050415653290e-01
5.883576114647361965e-01
2.173557141634200995e+00
-2.545989567005384480e-01
6.448189322258245371e-01
8.871623322759099040e-01
2.266262540406060122e+00
5.213896274305361844e-01
-1.707154030905282838e+00
6.262130434710311278e-01
7.049534705876303597e-01
5.131675510182498456e-01
6.174620158254022773e-01
1.830431495367196959e+00
3.413303892817447505e-01
9.455025414670994444e-01
1.340867077690798492e+00
6.008526116017114393e-01
6.241655400145240673e-01
-8.110105293836387119e-01
9.769466746448183248e-01
1.399716956346575003e-02
1.668251250669354757e-01
1.076353062497217072e+00
7.528811979092628892e-01
1.112938746170098137e+00
-1.107555130597118298e+00
1.548171319295347903e+00
1.476591332386270050e+00
7.622992766144611743e-01
3.265018835450144152e-01
-5.299868773798452892e-01
1.470414316982019409e+00
1.930814576872394994e-01
-1.924762152467964782e-01
8.000280804238112387e-01
1.412384400655774863e+00
1.020030048619932961e+00
1.341165682103266477e+00
3.380242878600312473e-01
-5.355891846936597922e-01
-1.707466832067421336e-01
-1.201476342045082468e-01
1.336915240286479234e+00
1.628973986442590949e+00
5.664786329311199964e-02
9.561164347515409556e-01
2.780736325150046095e-01
4.562695529724112298e-01
1.194465098867330433e+00
1.264542906186932214e+00
1.443844388124453371e+00
4.818316221387201059e-01
1.450424328292235110e+00
-8.544671578599531969e-01
1.470689090228454399e+00
3.991452682675435959e-01
6.880084172293700062e-01
2.104783428261309819e-01
6.308558621053736992e-01
-6.618898808486513019e-01
1.471068017684885820e+00
3.260816684030587442e-01
1.982122039344904385e+00
8.194912593994987393e-01
3.646859071445276435e-01
-3.563243822237124547e+00
3.257227875508831860e-01
4.569788390671136735e-01
6.266951790656976051e-01
4.054214349416276342e-01
1.496096263480106714e-02
1.496658128957651046e+00
2.046382407972520134e-01
1.432925792313422875e+00
-2.234529808541441120e-01
-2.004521737351740995e-01
2.885758457363427620e-01
1.264390262440697743e+00
1.377101465419365844e-01
1.680004180769135269e+00
-1.932855666305111964e+00
-6.384044918382647538e-02
2.301560047199935344e-01
1.883051431868620895e-01
-1.159622528686490295e+00
1.271981757648088518e+00
7.386555289949845449e-01
6.323203817961751128e-01
2.439907526949276484e-01
7.346297371785751595e-01
4.031191689983391058e-01
-5.578947788812813613e-01
8.374951402668855405e-01
1.119645410058973667e-01
3.163774284462359532e-01
1.978542863356506643e-01
-4.321455855678117963e-01
2.221175214656423424e-02
1.076463487523835028e+00
2.458408354939838780e+00
-3.263109307454843400e-01
7.756959307335178355e-01
1.051264289302863641e+00
1.446885426545089226e+00
-1.511471614956040099e+00
2.310399349425799276e+00
8.702954153848296848e-01
-1.847164679679210941e+00
-6.572749378184639113e-01
1.486510522305696469e+00
4.797620586202192006e-01
8.429130417941661513e-01
1.292421091928266375e+00
9.138462310721680026e-01
3.446662609091482032e-01
1.607513690216288316e+00
6.676939655687370578e-01
1.167157475318026494e+00
-6.173504374655510718e-01
1.776561240304213030e+00
5.877062559824981491e-01
4.547661702016339014e-01
-3.994528248547023486e-01
7.014855122129530773e-01
1.673757298840268248e-01
1.613234449504672430e-01
1.514988079369723906e+00
7.915378930698994953e-02
1.313412943528931898e+00
4.359990230853649784e-01
1.756998545511203380e+00
1.322538636374746446e+00
5.518535340829071600e-01
2.925701398266491449e-01
2.002356447592257727e+00
-1.163890130724443139e-01
-2.769395899742033151e-01
-2.167888036418384790e+00
9.409000847321324912e-04
1.456860725051990713e+00
1.759375232654571075e+00
9.843162386196401270e-01
2.680387791168990397e+00
3.672482630515333746e+00
2.331049276598755604e-01
8.052887482471915437e-01
5.868752647652740739e-01
5.608533058289544293e-01
2.898512795624459959e-01
3.320167797364599327e-01
6.766922171327003355e-01
1.209176879888137268e+00
1.348647523295490203e+00
4.541735324963589449e-01
4.760470993635612658e-01
1.427685766067069206e+00
1.153812630927902205e+00
3.463826132538307401e-01
2.466989008989162180e-01
1.819875671163435626e-01
6.209381172875270138e-01
1.483136227017754383e+00
1.021126192610243955e+00
1.446509906192561257e-01
9.915541543258639123e-01
1.115896203043603485e+00
1.105047414908396863e+00
