28 2 1.4346625681183898 1
10 6 2.574836982024013 1
18 32 1.1200432714506303 1
16 13 1.045630193236076 1
22 4 1.4346625681183898 1
19 13 0.31961585322723524 1
26 38 2.574836982024013 1
35 0 2.341681953932289 1
26 33 1.1200432714506303 1
2 28 1.1200432714506303 1
37 37 0.4154391840750011 1
0 22 0.4202676150502109 1
13 28 2.574836982024013 1
26 23 0.31961585322723524 1
33 9 0.6606851953374354 1
19 3 0.31961585322723524 1
11 29 0.4518638216531902 1
26 20 1.4346625681183898 1
39 20 1.8543377546204012 1
18 11 0.4202676150502109 1
31 16 0.4142809311761813 1
9 2 0.4518638216531902 1
32 8 1.8543377546204012 1
26 16 2.574836982024013 1
29 10 0.4142809311761813 1
33 4 0.4202676150502109 1
36 24 2.574836982024013 1
24 4 1.8626419592629413 1
20 28 1.8543377546204012 1
31 12 0.4518638216531902 1
5 6 0.6606851953374354 1
25 33 0.7535492018748609 1
26 12 0.7535492018748609 1
24 9 1.5204824599919968 1
32 37 0.4154391840750011 1
38 15 2.574836982024013 1
31 25 2.02253412315468 1
7 9 0.7535492018748609 1
22 34 0.7535492018748609 1
17 19 0.4154391840750011 1
31 18 1.8543377546204012 1
8 16 1.8306104706098087 1
10 32 2.574836982024013 1
4 37 0.6606851953374354 1
33 39 1.045630193236076 1
19 35 0.4154391840750011 1
39 25 0.7535492018748609 1
8 5 0.4154391840750011 1
0 3 1.8306104706098087 1
8 9 1.8543377546204012 1
30 10 1.1200432714506303 1
14 33 0.4518638216531902 1
1 3 1.045630193236076 1
35 21 1.5204824599919968 1
30 34 1.1200432714506303 1
8 28 0.5181550542899774 1
25 36 0.6606851953374354 1
14 28 0.5181550542899774 1
28 32 0.6606851953374354 1
25 17 1.4346625681183898 1
17 0 0.4202676150502109 1
31 33 0.31961585322723524 1
0 17 2.341681953932289 1
27 37 1.045630193236076 1
1 23 1.5204824599919968 1
36 8 1.045630193236076 1
28 6 2.574836982024013 1
37 8 1.1200432714506303 1
5 31 0.5181550542899774 1
28 15 1.8626419592629413 1
11 2 0.6606851953374354 1
26 1 2.02253412315468 1
7 29 0.4154391840750011 1
19 20 0.4142809311761813 1
28 18 0.4202676150502109 1
17 37 0.4154391840750011 1
18 36 0.4202676150502109 1
1 1 1.8543377546204012 1
24 30 0.4518638216531902 1
7 33 0.5181550542899774 1
37 20 2.02253412315468 1
9 9 0.5181550542899774 1
26 32 0.4518638216531902 1
14 21 0.4154391840750011 1
13 6 0.7535492018748609 1
34 19 1.8543377546204012 1
8 8 2.341681953932289 1
33 26 0.4142809311761813 1
25 24 1.8543377546204012 1
5 29 1.4346625681183898 1
14 36 1.1200432714506303 1
6 8 0.4154391840750011 1
10 16 2.341681953932289 1
16 24 1.1200432714506303 1
4 20 2.574836982024013 1
5 21 0.5181550542899774 1
0 2 1.045630193236076 1
19 19 2.341681953932289 1
39 9 0.5181550542899774 1
9 31 1.045630193236076 1
2 6 0.4202676150502109 1
0 15 0.31961585322723524 1
13 1 0.4154391840750011 1
24 23 0.5181550542899774 1
0 28 1.045630193236076 1
22 18 1.5204824599919968 1
4 8 0.4154391840750011 1
37 36 0.5181550542899774 1
15 26 0.6606851953374354 1
11 23 1.5204824599919968 1
0 6 1.5204824599919968 1
26 18 2.341681953932289 1
24 0 2.341681953932289 1
31 11 1.5204824599919968 1
24 2 1.8626419592629413 1
29 9 0.4518638216531902 1
17 20 1.8543377546204012 1
30 30 2.02253412315468 1
31 3 1.4346625681183898 1
36 10 2.341681953932289 1
24 11 1.5204824599919968 1
30 5 2.02253412315468 1
17 35 2.574836982024013 1
20 34 1.4346625681183898 1
3 26 1.045630193236076 1
28 34 2.574836982024013 1
32 16 0.4202676150502109 1
5 30 1.4346625681183898 1
10 26 1.1200432714506303 1
1 38 0.31961585322723524 1
9 35 0.7535492018748609 1
32 6 2.341681953932289 1
26 34 2.02253412315468 1
21 12 1.5204824599919968 1
20 6 1.5204824599919968 1
15 13 1.1200432714506303 1
31 0 1.8626419592629413 1
13 11 1.8626419592629413 1
34 18 1.1200432714506303 1
28 5 1.4346625681183898 1
39 30 0.4518638216531902 1
0 33 0.4154391840750011 1
15 29 1.4346625681183898 1
36 26 1.8306104706098087 1
18 10 1.8626419592629413 1
14 26 1.8306104706098087 1
27 2 2.02253412315468 1
11 5 1.5204824599919968 1
29 28 0.4518638216531902 1
39 26 2.341681953932289 1
24 1 1.8543377546204012 1
1 4 1.8306104706098087 1
22 32 1.045630193236076 1
22 36 0.4202676150502109 1
9 20 1.045630193236076 1
11 33 1.1200432714506303 1
1 22 0.4154391840750011 1
10 27 2.341681953932289 1
2 31 2.02253412315468 1
29 25 2.341681953932289 1
34 17 1.1200432714506303 1
20 3 0.4154391840750011 1
4 7 2.574836982024013 1
7 37 2.341681953932289 1
28 38 1.5204824599919968 1
4 2 2.02253412315468 1
1 13 0.5181550542899774 1
38 0 0.5181550542899774 1
39 23 1.4346625681183898 1
12 6 2.341681953932289 1
6 11 1.8626419592629413 1
18 31 2.02253412315468 1
30 27 1.4346625681183898 1
35 25 0.7535492018748609 1
21 37 1.8543377546204012 1
22 38 2.341681953932289 1
20 25 0.4154391840750011 1
15 10 2.02253412315468 1
39 13 0.4202676150502109 1
20 1 1.045630193236076 1
37 31 0.31961585322723524 1
16 5 0.31961585322723524 1
12 36 0.5181550542899774 1
35 5 1.8626419592629413 1
35 35 1.1200432714506303 1
22 8 1.8306104706098087 1
14 12 2.341681953932289 1
1 25 0.4154391840750011 1
25 3 1.8543377546204012 1
14 10 0.4518638216531902 1
21 39 0.4202676150502109 1
18 23 0.5181550542899774 1
24 6 1.8543377546204012 1
34 15 0.5181550542899774 1
30 39 1.8626419592629413 1
26 30 1.1200432714506303 1
39 0 0.4518638216531902 1
2 26 0.31961585322723524 1
32 31 1.5204824599919968 1
5 26 1.045630193236076 1
9 12 1.8543377546204012 1
1 21 0.5181550542899774 1
1 9 1.1200432714506303 1
23 11 2.02253412315468 1
0 20 1.5204824599919968 1
17 33 2.02253412315468 1
31 23 0.4518638216531902 1
9 39 2.574836982024013 1
6 35 1.4346625681183898 1
8 7 0.7535492018748609 1
28 31 0.4518638216531902 1
13 13 2.02253412315468 1
1 10 0.4518638216531902 1
23 34 2.574836982024013 1
36 17 1.8306104706098087 1
34 8 0.4154391840750011 1
34 0 0.31961585322723524 1
6 19 2.341681953932289 1
36 23 1.8543377546204012 1
20 5 0.7535492018748609 1
8 3 0.4154391840750011 1
26 37 0.4142809311761813 1
35 32 1.1200432714506303 1
4 12 1.045630193236076 1
35 27 0.4518638216531902 1
6 31 0.7535492018748609 1
14 5 1.5204824599919968 1
7 19 0.4202676150502109 1
33 36 2.02253412315468 1
27 7 1.045630193236076 1
1 36 0.4518638216531902 1
30 20 2.341681953932289 1
10 23 1.8543377546204012 1
17 2 0.4154391840750011 1
14 22 0.7535492018748609 1
31 26 1.8626419592629413 1
21 1 0.4154391840750011 1
15 16 0.5181550542899774 1
3 20 0.4142809311761813 1
29 1 1.4346625681183898 1
35 3 0.4142809311761813 1
16 9 0.4518638216531902 1
25 25 0.4202676150502109 1
8 21 1.045630193236076 1
37 7 1.8626419592629413 1
21 18 1.1200432714506303 1
33 27 0.4202676150502109 1
6 0 1.8543377546204012 1
1 16 1.8306104706098087 1
4 27 1.5204824599919968 1
23 2 1.045630193236076 1
25 11 1.045630193236076 1
0 34 1.8543377546204012 1
11 17 0.4154391840750011 1
30 3 0.6606851953374354 1
29 23 1.4346625681183898 1
14 30 2.574836982024013 1
33 5 0.5181550542899774 1
16 4 0.4154391840750011 1
36 13 0.4202676150502109 1
11 28 2.02253412315468 1
27 36 1.8543377546204012 1
13 5 0.6606851953374354 1
1 17 2.341681953932289 1
38 9 0.4518638216531902 1
22 22 0.4518638216531902 1
16 29 0.6606851953374354 1
4 5 2.574836982024013 1
20 37 2.02253412315468 1
22 14 2.02253412315468 1
31 37 1.8306104706098087 1
10 9 0.31961585322723524 1
18 21 1.8306104706098087 1
39 24 1.045630193236076 1
0 25 1.5204824599919968 1
11 12 1.4346625681183898 1
11 24 1.8543377546204012 1
35 26 1.045630193236076 1
15 15 0.4202676150502109 1
20 31 2.574836982024013 1
13 35 0.4154391840750011 1
17 27 0.4518638216531902 1
3 22 1.4346625681183898 1
39 28 0.4154391840750011 1
21 4 0.4518638216531902 1
21 26 0.4202676150502109 1
24 16 1.1200432714506303 1
28 4 2.574836982024013 1
7 39 1.4346625681183898 1
21 16 1.8626419592629413 1
5 0 1.8626419592629413 1
20 11 0.4142809311761813 1
19 33 1.1200432714506303 1
9 1 2.574836982024013 1
7 18 0.31961585322723524 1
10 14 1.8626419592629413 1
17 7 1.1200432714506303 1
19 34 1.045630193236076 1
32 24 0.4518638216531902 1
25 37 1.1200432714506303 1
