19 28 1.0688843703050097 1
38 32 1.0515908805880605 1
21 21 0.9841143161661691 1
2 2 0.9517833500585927 1
13 10 1.0022549442737219 1
26 7 0.9809868274900829 1
24 35 1.0567597178069545 1
20 29 0.9606625452157855 1
15 21 0.9953193908304712 1
24 16 1.0166764078910062 1
18 13 1.081622577039067 1
29 34 1.0009373711634781 1
11 7 0.9563675688799408 1
25 33 1.0511608408314448 1
7 5 1.0236737993350664 1
14 17 0.9501012682724882 1
7 6 1.0819492511936482 1
38 27 1.0965570952075308 1
4 34 1.062043447199318 1
31 26 1.0804331900879167 1
12 33 0.9620295138638666 1
27 10 1.0459663496520257 1
36 4 1.0797676575935988 1
30 32 1.0367967863830883 1
7 20 0.9944285430905427 1
15 35 0.9201402416136731 1
5 2 0.9868343670907568 1
37 14 1.0221773946887605 1
3 31 1.0826022106475797 1
35 0 1.0933212735541518 1
16 36 0.9954019553105434 1
24 6 1.073061985554328 1
28 26 0.9520984620783919 1
5 6 1.0610055654026045 1
18 4 1.009739860767118 1
22 9 0.9028083400328039 1
16 7 1.0439409372807908 1
31 11 0.9797647084448537 1
32 31 1.0649689954296466 1
10 18 1.0336306402463702 1
28 11 0.9002285638628856 1
22 26 0.998715573293065 1
26 27 1.0735205550985563 1
13 13 0.9487821753774265 1
3 7 0.965040872549478 1
28 3 1.0740942464217311 1
0 28 0.9382134183004781 1
4 31 1.0135021481241344 1
36 33 0.947723185723044 1
20 16 1.0935080500580288 1
36 14 1.0606358938559741 1
34 8 0.9895939142871142 1
32 0 0.9160891637105071 1
0 2 0.9640109209345092 1
31 13 1.0015881285041148 1
25 10 1.0865667648453814 1
17 2 0.9218115691862208 1
12 19 1.0102534492181103 1
37 15 1.041312281973378 1
16 26 1.0094881822656847 1
36 1 1.0628933726582672 1
3 8 1.0080567213940648 1
9 31 1.0927677091947603 1
29 2 1.0206371255922766 1
11 14 1.0175234128350874 1
12 8 0.9889978052551033 1
7 11 1.0192573723166214 1
27 32 0.9769802291945321 1
22 37 1.0151302028329778 1
4 26 0.9580659004805516 1
4 4 0.9378782657108713 1
16 15 0.9373459056511111 1
26 0 1.0225546359737214 1
25 2 1.031331877797926 1
5 23 0.9953061984018762 1
15 17 0.9179648722391187 1
28 8 1.0515207843932874 1
14 36 1.075354074164555 1
36 7 1.0846762031892563 1
6 15 1.0684920446280366 1
28 1 1.079634624271576 1
17 1 1.0846164879640354 1
27 26 1.008119984989611 1
10 16 0.9782592100469251 1
30 35 1.0410566799708814 1
28 0 0.9551268242624255 1
30 3 1.0623257417015757 1
14 29 1.0698971930372734 1
22 31 1.079007793485335 1
4 27 1.017960236706232 1
30 21 1.0899529746464243 1
16 9 1.0159390021491213 1
29 18 0.9901126213262311 1
12 15 1.0320490757244778 1
14 34 1.0992515678707147 1
9 16 1.0833882435894913 1
9 27 1.058665016826045 1
9 22 0.9164745976393295 1
1 27 1.0225566210081425 1
31 14 0.9972888403938334 1
33 24 1.0260294680822946 1
13 12 1.069015515134303 1
24 15 0.9486071244123713 1
3 21 1.0462978441581696 1
4 23 0.9234268586417036 1
34 30 0.9440921073735657 1
38 31 1.0589165943421153 1
6 26 0.9665072298439311 1
7 26 1.063182619306732 1
1 39 0.9201215040432192 1
35 32 0.9292716977824608 1
27 27 1.0395341280382477 1
34 39 0.9090468135731224 1
20 1 1.0147732073578335 1
26 34 1.0820032029398081 1
14 4 1.0068395936521448 1
26 28 1.0361178265124513 1
12 2 0.9053393589324411 1
11 0 1.0269999819822917 1
34 31 1.0212676835508439 1
30 7 1.0151905896063083 1
21 18 0.9782418818645654 1
29 27 0.9740279880670375 1
14 3 1.0961033301294538 1
23 2 0.9072784075222972 1
25 8 0.9043273019710049 1
33 32 1.0922062560479224 1
32 33 0.9369943882794877 1
35 34 0.9247790328848864 1
18 11 0.9421153019773293 1
4 8 1.0601493180708363 1
16 24 1.0873938317289162 1
5 36 0.9045565151337317 1
24 36 0.9851237663933635 1
30 2 0.920300043874834 1
32 10 0.9519839779585665 1
17 6 0.9441658542632635 1
9 29 1.0293851439670645 1
12 17 0.9700587934793065 1
0 33 0.9360635803059376 1
37 18 1.0007273010419775 1
13 35 0.9078757414169385 1
5 39 0.9201842482377933 1
11 11 1.0976470297445002 1
19 1 0.9398711580934126 1
8 29 0.9717110602623205 1
21 32 1.0463196612450723 1
7 19 1.0676653130386833 1
35 28 1.0836964123990664 1
11 8 0.9338849212194935 1
2 12 1.0345281127146106 1
29 15 1.0933097806086367 1
32 18 0.9116101887652998 1
27 14 1.0352403568598758 1
30 33 1.0690849187403233 1
34 33 0.9684625082157169 1
1 14 0.9501374678570224 1
6 14 1.0193582786938822 1
32 20 0.9884628067398158 1
9 26 0.9349638968902882 1
31 1 0.9943250830192576 1
29 19 0.981981079131511 1
6 5 1.0138225479048562 1
18 38 1.0017200260125267 1
5 37 0.9622892002000414 1
1 34 0.9714303365180527 1
31 0 1.067532234873796 1
1 4 0.9501865329644275 1
9 38 1.0121200437707047 1
9 18 0.9024872637658629 1
36 30 1.0483148754821328 1
6 13 0.9671833108946921 1
24 21 0.9091392987136834 1
10 31 0.9561766328436697 1
37 9 0.9480260815652708 1
3 5 1.0906258679655598 1
1 6 0.9704451123031015 1
27 34 0.9575755829712801 1
21 31 0.9718402394507493 1
31 30 1.0893811671315783 1
5 7 1.0267495704498506 1
3 23 1.0242153691237335 1
11 12 1.0431238700602914 1
3 27 0.9776034470625011 1
33 4 0.9828835976554495 1
15 16 1.0301665724526692 1
17 37 0.9003048443713441 1
22 13 0.9384619082489352 1
9 9 0.9668803381325004 1
25 31 0.9478831920371917 1
23 36 1.0274798802258602 1
2 0 0.9757296140646189 1
10 8 1.0750846783426036 1
18 14 1.0136302841820384 1
24 3 0.982881279336729 1
29 6 0.980453415023816 1
8 26 1.0403659247867352 1
34 17 0.9836453106584933 1
39 11 1.0324391777947635 1
2 38 0.9093559371913597 1
