13 3 1.4346625681183898 1
24 18 1.4346625681183898 1
13 9 1.045630193236076 1
14 17 0.7602412299959984 1
8 36 1.045630193236076 1
36 15 1.1200432714506303 1
24 8 1.2874184910120066 1
22 16 0.9153052353049044 1
13 34 1.2874184910120066 1
11 34 1.4346625681183898 1
2 34 1.1708409769661445 1
1 21 0.9271688773102006 1
21 28 1.2874184910120066 1
29 37 1.4346625681183898 1
27 36 0.9153052353049044 1
31 35 1.1200432714506303 1
17 7 0.4142809311761813 1
0 36 0.6606851953374354 1
26 25 1.2874184910120066 1
3 35 0.4518638216531902 1
34 11 0.4154391840750011 1
16 16 0.4154391840750011 1
39 33 0.5181550542899774 1
17 23 1.4346625681183898 1
17 16 1.2874184910120066 1
19 29 0.4142809311761813 1
6 36 0.4202676150502109 1
11 24 0.9153052353049044 1
9 4 0.9271688773102006 1
30 3 1.1708409769661445 1
24 2 0.4154391840750011 1
29 33 0.4154391840750011 1
13 26 0.7535492018748609 1
17 8 1.01126706157734 1
31 8 0.6606851953374354 1
33 27 0.9313209796314706 1
33 19 0.4202676150502109 1
35 28 0.9313209796314706 1
28 39 0.9313209796314706 1
9 26 0.4518638216531902 1
23 5 0.7602412299959984 1
5 4 0.4142809311761813 1
9 30 0.7602412299959984 1
28 31 0.7602412299959984 1
16 4 1.2874184910120066 1
32 35 1.2874184910120066 1
14 18 0.6606851953374354 1
34 27 0.31961585322723524 1
33 9 0.9271688773102006 1
12 37 0.4202676150502109 1
19 11 1.2874184910120066 1
33 35 0.4202676150502109 1
18 32 0.31961585322723524 1
20 30 1.045630193236076 1
20 32 1.01126706157734 1
32 36 0.7535492018748609 1
1 12 0.4518638216531902 1
15 8 0.9271688773102006 1
9 28 0.4202676150502109 1
16 8 0.9271688773102006 1
37 10 1.2874184910120066 1
38 26 1.2874184910120066 1
15 7 0.4154391840750011 1
26 28 0.31961585322723524 1
1 11 1.2874184910120066 1
3 33 0.31961585322723524 1
0 29 0.6606851953374354 1
12 5 0.5181550542899774 1
30 12 0.4154391840750011 1
16 9 0.9153052353049044 1
29 26 1.2874184910120066 1
7 8 0.4202676150502109 1
22 12 0.7535492018748609 1
22 5 1.4346625681183898 1
19 33 1.4346625681183898 1
21 1 0.4142809311761813 1
6 39 0.9271688773102006 1
17 38 0.4154391840750011 1
6 7 0.6606851953374354 1
29 21 0.6606851953374354 1
12 7 0.4518638216531902 1
20 24 1.045630193236076 1
27 5 1.1708409769661445 1
33 16 0.4518638216531902 1
0 6 1.2874184910120066 1
20 8 0.9153052353049044 1
8 20 1.4346625681183898 1
23 1 1.4346625681183898 1
25 36 0.9313209796314706 1
10 19 0.4154391840750011 1
4 10 0.31961585322723524 1
0 15 0.4202676150502109 1
27 2 0.5181550542899774 1
16 20 0.7602412299959984 1
32 27 0.31961585322723524 1
37 16 0.9313209796314706 1
25 10 0.5181550542899774 1
0 4 1.2874184910120066 1
27 12 0.9153052353049044 1
19 24 0.7602412299959984 1
14 37 1.1708409769661445 1
28 9 1.01126706157734 1
14 29 0.31961585322723524 1
29 18 1.2874184910120066 1
32 24 0.7602412299959984 1
16 23 0.4142809311761813 1
8 32 0.7602412299959984 1
38 35 0.4154391840750011 1
6 38 1.01126706157734 1
17 26 0.9153052353049044 1
24 9 0.7602412299959984 1
7 14 1.4346625681183898 1
4 5 0.6606851953374354 1
20 13 0.4154391840750011 1
17 36 0.9313209796314706 1
17 24 1.1200432714506303 1
18 18 1.1708409769661445 1
7 11 1.1708409769661445 1
9 22 0.9271688773102006 1
30 11 0.4154391840750011 1
10 30 1.045630193236076 1
26 30 0.9313209796314706 1
38 30 0.9313209796314706 1
26 11 1.045630193236076 1
14 16 0.7535492018748609 1
15 11 0.9313209796314706 1
20 7 0.9313209796314706 1
20 5 0.5181550542899774 1
18 39 1.2874184910120066 1
32 2 0.5181550542899774 1
36 33 1.045630193236076 1
32 39 1.4346625681183898 1
17 4 0.9271688773102006 1
20 39 0.9271688773102006 1
36 3 0.31961585322723524 1
13 15 0.9271688773102006 1
12 29 0.4202676150502109 1
24 30 1.2874184910120066 1
11 35 0.4202676150502109 1
28 1 1.4346625681183898 1
17 1 0.9313209796314706 1
13 29 0.4518638216531902 1
13 33 0.4202676150502109 1
33 4 0.5181550542899774 1
19 31 0.4154391840750011 1
22 14 0.4202676150502109 1
10 15 0.9313209796314706 1
30 31 0.9271688773102006 1
4 14 0.7535492018748609 1
29 17 0.4202676150502109 1
30 6 0.4142809311761813 1
13 31 0.5181550542899774 1
33 33 0.4518638216531902 1
7 31 1.1708409769661445 1
3 18 0.7535492018748609 1
15 4 0.5181550542899774 1
22 25 0.4518638216531902 1
4 24 1.01126706157734 1
26 21 0.7535492018748609 1
20 0 0.9313209796314706 1
38 19 0.5181550542899774 1
7 23 1.2874184910120066 1
34 9 1.1708409769661445 1
19 37 0.4154391840750011 1
35 37 0.4518638216531902 1
7 29 1.4346625681183898 1
5 12 1.045630193236076 1
17 35 1.045630193236076 1
2 1 1.2874184910120066 1
25 0 0.31961585322723524 1
12 13 0.31961585322723524 1
6 30 0.6606851953374354 1
5 35 0.9271688773102006 1
38 5 1.2874184910120066 1
21 8 1.1200432714506303 1
38 12 0.9313209796314706 1
7 25 1.01126706157734 1
8 13 1.4346625681183898 1
5 16 1.045630193236076 1
27 32 1.1708409769661445 1
32 9 0.4154391840750011 1
35 22 1.1200432714506303 1
23 9 1.2874184910120066 1
31 22 1.4346625681183898 1
2 21 0.7602412299959984 1
3 17 1.01126706157734 1
12 28 1.01126706157734 1
21 14 0.31961585322723524 1
17 31 1.2874184910120066 1
14 21 1.1200432714506303 1
36 23 1.01126706157734 1
16 24 1.1200432714506303 1
15 18 0.4142809311761813 1
12 21 1.01126706157734 1
0 27 0.9313209796314706 1
20 18 1.045630193236076 1
12 11 0.4154391840750011 1
19 39 1.1708409769661445 1
33 21 0.9313209796314706 1
32 15 0.9153052353049044 1
