2 8 1.1200432714506303 1
22 34 0.6606851953374354 1
24 27 1.4346625681183898 1
21 18 1.045630193236076 1
22 17 0.4202676150502109 1
10 35 1.8306104706098087 1
22 33 1.4346625681183898 1
29 2 1.1200432714506303 1
8 1 2.574836982024013 1
33 37 1.045630193236076 1
9 28 1.8306104706098087 1
16 38 0.4142809311761813 1
34 36 1.8306104706098087 1
35 9 0.4154391840750011 1
3 39 1.8306104706098087 1
8 32 1.8626419592629413 1
16 17 1.8543377546204012 1
35 23 0.4518638216531902 1
1 5 0.7535492018748609 1
18 4 0.5181550542899774 1
13 5 0.4154391840750011 1
12 27 1.045630193236076 1
0 25 2.574836982024013 1
12 15 0.4142809311761813 1
6 32 1.8306104706098087 1
33 1 2.341681953932289 1
11 38 1.8626419592629413 1
32 14 0.4142809311761813 1
37 30 1.5204824599919968 1
13 19 1.4346625681183898 1
14 7 1.045630193236076 1
37 12 1.1200432714506303 1
26 2 1.5204824599919968 1
36 14 0.31961585322723524 1
25 32 1.8306104706098087 1
2 36 0.4518638216531902 1
37 3 1.1200432714506303 1
38 11 0.31961585322723524 1
22 22 0.5181550542899774 1
17 16 0.4518638216531902 1
6 6 0.6606851953374354 1
1 1 0.7535492018748609 1
29 16 2.02253412315468 1
6 16 0.4518638216531902 1
37 33 1.8306104706098087 1
14 26 0.4202676150502109 1
21 26 2.574836982024013 1
18 14 1.5204824599919968 1
31 1 0.31961585322723524 1
29 7 0.4142809311761813 1
11 11 1.4346625681183898 1
1 23 1.1200432714506303 1
6 34 0.4154391840750011 1
15 31 1.045630193236076 1
25 6 0.6606851953374354 1
17 3 0.4518638216531902 1
36 15 1.1200432714506303 1
28 32 0.4202676150502109 1
22 19 1.8626419592629413 1
7 28 1.1200432714506303 1
18 36 1.8306104706098087 1
33 6 2.574836982024013 1
30 30 0.6606851953374354 1
23 24 1.8543377546204012 1
32 34 0.4142809311761813 1
5 19 0.5181550542899774 1
39 21 1.045630193236076 1
27 30 0.4142809311761813 1
28 19 0.6606851953374354 1
39 33 0.4202676150502109 1
10 20 0.31961585322723524 1
16 2 0.4202676150502109 1
19 14 0.4518638216531902 1
35 37 1.8306104706098087 1
5 38 1.8626419592629413 1
32 0 1.1200432714506303 1
32 23 1.1200432714506303 1
7 11 1.8306104706098087 1
28 27 2.341681953932289 1
38 36 0.7535492018748609 1
3 13 0.4142809311761813 1
38 2 2.341681953932289 1
22 35 0.4142809311761813 1
36 38 1.1200432714506303 1
22 30 1.8626419592629413 1
37 7 2.341681953932289 1
10 25 0.31961585322723524 1
10 24 0.5181550542899774 1
28 34 0.31961585322723524 1
9 20 1.8306104706098087 1
25 35 0.7535492018748609 1
36 13 1.8306104706098087 1
1 0 2.341681953932289 1
16 0 0.6606851953374354 1
10 30 0.7535492018748609 1
16 1 2.341681953932289 1
20 7 0.4154391840750011 1
24 15 1.8543377546204012 1
1 12 0.7535492018748609 1
34 38 2.341681953932289 1
32 10 1.8626419592629413 1
36 35 0.4154391840750011 1
30 12 1.8626419592629413 1
9 2 0.4154391840750011 1
28 20 1.5204824599919968 1
2 31 0.4154391840750011 1
7 39 1.8306104706098087 1
36 29 1.045630193236076 1
9 18 1.8306104706098087 1
28 16 2.02253412315468 1
18 21 2.574836982024013 1
8 18 1.8543377546204012 1
12 12 2.574836982024013 1
29 35 1.1200432714506303 1
36 36 2.341681953932289 1
27 2 1.8626419592629413 1
37 16 0.4518638216531902 1
35 16 1.8626419592629413 1
26 3 1.5204824599919968 1
31 6 0.4142809311761813 1
27 13 0.4518638216531902 1
22 31 1.8626419592629413 1
11 34 1.8543377546204012 1
30 19 0.4518638216531902 1
0 39 0.6606851953374354 1
8 16 0.4518638216531902 1
35 2 0.31961585322723524 1
15 16 0.5181550542899774 1
4 4 0.4518638216531902 1
0 18 0.7535492018748609 1
38 38 1.5204824599919968 1
17 22 0.7535492018748609 1
35 25 1.8626419592629413 1
26 17 0.7535492018748609 1
4 36 2.02253412315468 1
36 11 1.8626419592629413 1
18 23 1.1200432714506303 1
31 25 1.8626419592629413 1
38 29 1.8543377546204012 1
29 6 1.8306104706098087 1
1 13 0.31961585322723524 1
25 23 0.4142809311761813 1
35 10 2.574836982024013 1
27 20 1.1200432714506303 1
11 10 1.1200432714506303 1
29 10 2.02253412315468 1
14 4 1.045630193236076 1
34 39 1.1200432714506303 1
16 21 1.8543377546204012 1
21 29 0.6606851953374354 1
19 15 1.8306104706098087 1
3 38 2.574836982024013 1
12 30 1.045630193236076 1
0 30 2.574836982024013 1
36 34 0.4142809311761813 1
0 38 1.045630193236076 1
20 14 0.5181550542899774 1
2 26 0.4202676150502109 1
30 37 2.341681953932289 1
26 35 0.5181550542899774 1
10 3 1.8626419592629413 1
24 22 0.6606851953374354 1
29 11 0.5181550542899774 1
7 17 2.341681953932289 1
8 20 1.4346625681183898 1
24 17 2.02253412315468 1
21 2 0.5181550542899774 1
12 11 1.8626419592629413 1
1 24 0.4202676150502109 1
19 28 0.4154391840750011 1
39 8 0.6606851953374354 1
5 3 0.5181550542899774 1
5 2 0.6606851953374354 1
18 0 1.1200432714506303 1
31 28 1.5204824599919968 1
34 29 1.5204824599919968 1
9 10 2.341681953932289 1
36 28 1.5204824599919968 1
23 15 0.6606851953374354 1
6 38 1.1200432714506303 1
14 38 0.31961585322723524 1
12 3 0.7535492018748609 1
29 17 0.4142809311761813 1
31 8 0.4142809311761813 1
39 17 0.4202676150502109 1
27 17 1.5204824599919968 1
23 3 0.4142809311761813 1
5 34 1.045630193236076 1
8 26 2.02253412315468 1
19 37 2.02253412315468 1
4 29 0.7535492018748609 1
9 25 2.341681953932289 1
1 36 1.8543377546204012 1
39 18 0.7535492018748609 1
16 31 0.4142809311761813 1
32 21 0.7535492018748609 1
32 25 0.6606851953374354 1
15 19 0.4518638216531902 1
15 34 2.341681953932289 1
22 38 0.5181550542899774 1
37 22 1.4346625681183898 1
4 32 1.045630193236076 1
15 0 1.8306104706098087 1
3 20 2.574836982024013 1
26 34 2.574836982024013 1
30 5 1.1200432714506303 1
5 24 2.574836982024013 1
27 1 0.4142809311761813 1
18 10 0.7535492018748609 1
6 17 0.6606851953374354 1
2 17 1.8626419592629413 1
18 11 0.5181550542899774 1
29 23 0.4202676150502109 1
31 7 2.02253412315468 1
37 39 0.31961585322723524 1
8 0 1.4346625681183898 1
12 17 0.4518638216531902 1
7 20 0.4142809311761813 1
19 8 0.6606851953374354 1
23 30 2.574836982024013 1
23 19 0.4154391840750011 1
0 14 0.31961585322723524 1
39 19 0.6606851953374354 1
14 11 0.6606851953374354 1
1 14 0.7535492018748609 1
17 9 1.5204824599919968 1
33 14 1.4346625681183898 1
19 27 0.31961585322723524 1
28 14 0.7535492018748609 1
37 9 1.5204824599919968 1
30 0 0.31961585322723524 1
15 17 0.4142809311761813 1
39 5 1.8306104706098087 1
31 20 1.5204824599919968 1
13 30 0.6606851953374354 1
32 9 1.5204824599919968 1
26 39 1.8626419592629413 1
27 37 0.4202676150502109 1
15 15 0.4202676150502109 1
10 36 0.7535492018748609 1
23 4 0.4142809311761813 1
1 38 1.8306104706098087 1
35 32 0.5181550542899774 1
25 13 0.4142809311761813 1
28 29 0.4154391840750011 1
20 0 1.8306104706098087 1
18 28 1.4346625681183898 1
16 25 0.4142809311761813 1
31 33 2.02253412315468 1
25 37 0.4202676150502109 1
10 33 0.6606851953374354 1
29 34 1.8306104706098087 1
1 9 2.02253412315468 1
5 36 0.6606851953374354 1
0 3 1.1200432714506303 1
35 11 0.4518638216531902 1
20 13 0.4154391840750011 1
5 7 1.8543377546204012 1
37 34 0.4518638216531902 1
4 5 0.4142809311761813 1
35 22 0.31961585322723524 1
8 9 0.31961585322723524 1
22 14 1.5204824599919968 1
38 26 1.8306104706098087 1
7 34 2.02253412315468 1
34 12 0.31961585322723524 1
33 18 1.4346625681183898 1
19 1 2.574836982024013 1
14 16 2.02253412315468 1
15 29 1.1200432714506303 1
27 16 0.7535492018748609 1
37 4 0.4518638216531902 1
4 9 0.4518638216531902 1
26 16 0.31961585322723524 1
36 27 0.4518638216531902 1
18 27 0.5181550542899774 1
24 19 2.341681953932289 1
21 20 1.045630193236076 1
21 16 1.8306104706098087 1
33 5 1.5204824599919968 1
20 19 0.4154391840750011 1
3 33 1.4346625681183898 1
27 23 0.4202676150502109 1
22 24 0.5181550542899774 1
8 21 1.8306104706098087 1
18 8 2.02253412315468 1
19 12 1.5204824599919968 1
30 2 1.045630193236076 1
28 22 2.02253412315468 1
23 17 0.6606851953374354 1
36 21 0.4154391840750011 1
18 38 0.4142809311761813 1
32 31 0.4518638216531902 1
8 37 0.4518638216531902 1
7 27 0.6606851953374354 1
3 25 1.045630193236076 1
13 1 1.1200432714506303 1
2 5 0.4518638216531902 1
13 38 2.574836982024013 1
30 20 1.1200432714506303 1
21 30 1.8306104706098087 1
4 6 1.5204824599919968 1
38 0 2.341681953932289 1
28 33 2.574836982024013 1
4 15 0.4142809311761813 1
34 10 1.4346625681183898 1
13 16 1.8306104706098087 1
4 11 0.4154391840750011 1
31 34 1.5204824599919968 1
23 14 1.5204824599919968 1
11 4 0.7535492018748609 1
30 21 1.1200432714506303 1
7 26 0.4142809311761813 1
38 6 2.02253412315468 1
37 2 1.4346625681183898 1
27 22 0.31961585322723524 1
17 8 1.045630193236076 1
29 36 1.5204824599919968 1
22 12 1.8626419592629413 1
17 26 1.5204824599919968 1
18 12 1.045630193236076 1
30 14 2.574836982024013 1
11 13 0.4154391840750011 1
20 26 0.4202676150502109 1
7 16 1.5204824599919968 1
31 3 0.5181550542899774 1
34 9 0.7535492018748609 1
1 4 0.6606851953374354 1
28 18 1.5204824599919968 1
27 36 1.8543377546204012 1
25 31 0.5181550542899774 1
20 18 0.31961585322723524 1
17 15 0.7535492018748609 1
7 1 0.5181550542899774 1
31 5 2.574836982024013 1
37 20 1.8306104706098087 1
30 13 1.8626419592629413 1
19 26 1.4346625681183898 1
28 7 0.6606851953374354 1
37 25 0.4142809311761813 1
27 3 2.341681953932289 1
4 16 1.8626419592629413 1
34 14 0.4518638216531902 1
5 23 1.8543377546204012 1
0 33 0.5181550542899774 1
26 22 0.4154391840750011 1
10 15 0.6606851953374354 1
6 36 0.7535492018748609 1
9 24 2.341681953932289 1
28 25 1.8626419592629413 1
26 29 0.6606851953374354 1
26 28 2.341681953932289 1
4 22 0.4202676150502109 1
14 2 1.8543377546204012 1
9 16 1.045630193236076 1
21 22 1.8306104706098087 1
26 25 1.5204824599919968 1
29 30 2.574836982024013 1
12 39 0.4154391840750011 1
32 13 1.8306104706098087 1
3 32 0.4518638216531902 1
22 16 0.7535492018748609 1
31 4 0.6606851953374354 1
38 12 0.31961585322723524 1
28 38 0.4518638216531902 1
17 14 1.8626419592629413 1
13 37 0.4518638216531902 1
22 9 2.02253412315468 1
26 27 0.6606851953374354 1
17 4 2.341681953932289 1
6 2 2.02253412315468 1
30 27 0.4142809311761813 1
25 3 1.5204824599919968 1
4 12 0.5181550542899774 1
9 15 0.31961585322723524 1
23 34 1.5204824599919968 1
5 14 0.4142809311761813 1
24 14 1.1200432714506303 1
21 32 1.5204824599919968 1
14 1 1.045630193236076 1
24 10 1.045630193236076 1
3 21 1.8306104706098087 1
7 31 1.1200432714506303 1
20 2 2.341681953932289 1
31 22 0.4518638216531902 1
3 11 1.4346625681183898 1
34 7 1.8626419592629413 1
20 32 1.8543377546204012 1
37 31 1.8306104706098087 1
0 16 0.31961585322723524 1
23 2 1.8306104706098087 1
39 25 0.31961585322723524 1
22 11 2.341681953932289 1
2 28 1.1200432714506303 1
21 13 0.4154391840750011 1
30 35 1.8543377546204012 1
2 24 2.02253412315468 1
37 38 0.5181550542899774 1
11 18 1.8543377546204012 1
6 30 2.341681953932289 1
