1,-144.18432908737233,0.0017498375351479125
2,-36.4089430053733,0.030327048596102982
3,-13.596289373719479,0.1514832942323326
4,-5.494714146185051,0.33690464458294395
5,-2.511856737742486,0.4970707145047543
6,-0.9299791454803923,0.6090242321919828
7,-0.06863117045774225,0.6768824343278419
8,0.3497015083549857,0.7830173509458145
9,0.6246856653412203,0.841082486580884
10,0.7926504326230845,0.8867463182997363
11,0.8655804494004342,0.9208325688656973
12,0.9104184024055666,0.9451829747893195
13,0.944692280549875,0.9570625691709393
14,0.963784733138831,0.9682610946022361
15,0.9764053201598906,0.9786395049099396
16,0.9842038652166741,0.9850162045470608
17,0.9893065216877392,0.9895747289821115
18,0.99300773825075,0.9931824161353214
19,0.99457699639081,0.9946757154461378
20,0.9957261600266795,0.995807971057718
