1,-153.19896967328555,0.0034977976896989065
2,-37.09635511940651,0.01937503675062269
3,-10.669240674312146,0.14331810866480887
4,-2.9806729156744893,0.39068880857734506
5,-0.8260867436186179,0.6049087787937889
6,0.18952256122887956,0.6864555898622333
7,0.5594006586631761,0.805961402615766
8,0.7923238167502397,0.8717234201224333
9,0.888870980897502,0.9171582774368894
10,0.938450399194039,0.9465807602155444
11,0.9657405515530033,0.9687624214793953
12,0.9779135621762451,0.9795259240536716
13,0.9857771590566913,0.9865332127720092
14,0.9907588101519255,0.9910193911418255
15,0.9939731129786432,0.9940909616116892
16,0.9959399131080602,0.9960018545968038
17,0.9974007069554138,0.9974178794320268
18,0.9984531904576678,0.9984609887467779
19,0.9990292888469213,0.9990335326492372
20,0.9994532006032738,0.9994539790835956
