1,-116.66282383823318,0.0031306325788349972
2,-22.696034919776288,0.03426722331146038
3,-4.495629494388801,0.2827021516958847
4,-0.807222991245419,0.5515913429767308
5,0.3553388590636978,0.7408718086811494
6,0.7634599130074906,0.8807730754039778
7,0.9015452273910223,0.9313574804621578
8,0.9594413634859748,0.9687657036974604
9,0.9806143868792876,0.9834559627029376
10,0.9919066597707745,0.9920337469438977
11,0.996850325104151,0.9968619674409139
12,0.9990157738694606,0.9990193513561609
13,0.9994625804480919,0.9994644037684944
14,0.9996862958594758,0.9996878153004878
15,0.999837228878311,0.9998373979102998
16,0.9999102557151212,0.9999103526432038
17,0.999959478155712,0.9999594843479707
18,0.9999782234444099,0.9999782275588418
19,0.9999923220260302,0.999992323403226
20,0.9999962446988969,0.9999962454555178
