1,-97.45731674994362,0.0037543024742256975
2,-18.168508790750533,0.04939929956053805
3,-3.9764646586441756,0.3411699347422903
4,-0.7410566735569883,0.5817635202667837
5,0.47204919339093565,0.8175428342865443
6,0.8088943801498097,0.890206826611439
7,0.9367182049431322,0.952744765516393
8,0.9706642139738245,0.9793917997255077
9,0.9877260440314527,0.9889320847807354
10,0.9954345602744976,0.9955135038864509
11,0.9977546784579568,0.9977750625923847
12,0.9989785478377142,0.9989869295270846
13,0.9996282425401771,0.9996289697981654
14,0.9998337982791617,0.9998340511071504
15,0.999918726462894,0.9999187614969582
16,0.999969525486869,0.9999695330001646
17,0.9999880240689445,0.9999880264007264
18,0.9999940670035512,0.9999940681821955
19,0.9999981760038689,0.9999981763835954
20,0.9999992237134151,0.9999992238205786
