1,-185.69597985628005,0.0032148320266089745
2,-56.92966186074938,0.04384724722441555
3,-18.95528801538797,0.2072834454255868
4,-8.348268274833668,0.3840459256332644
5,-2.818171315230073,0.495093525234382
6,-0.6768798530059232,0.6233736635205276
7,0.09734556846156894,0.724670212778957
8,0.505926190332413,0.7998035368801688
9,0.7010729146555291,0.8522617259291175
10,0.8151766137448573,0.8949266201640612
11,0.87684068542351,0.92337923283662
12,0.9171719102920391,0.9452562646477655
13,0.947386272985502,0.9615694118633765
14,0.9591849176312722,0.9676039065264096
15,0.9700924392311344,0.9762228332974474
16,0.9760679642984827,0.980673119798943
17,0.981310139958735,0.9844027761068408
18,0.9845240319750062,0.9873663695785306
19,0.9875421705556279,0.9893910720033506
20,0.9897023126772879,0.9907963125356971
