9 33 1.4346625681183898 1
10 21 0.9313209796314706 1
31 14 0.5181550542899774 1
1 25 0.9313209796314706 1
4 20 0.9271688773102006 1
10 39 1.2874184910120066 1
17 8 1.045630193236076 1
1 30 0.4518638216531902 1
16 14 0.4202676150502109 1
17 30 1.4346625681183898 1
26 9 0.5181550542899774 1
26 18 0.9153052353049044 1
39 15 0.31961585322723524 1
12 31 1.1200432714506303 1
9 14 0.6606851953374354 1
21 8 0.6606851953374354 1
35 36 0.7535492018748609 1
0 36 0.4202676150502109 1
17 11 0.9313209796314706 1
33 8 1.01126706157734 1
17 28 0.9271688773102006 1
8 18 1.01126706157734 1
1 26 0.6606851953374354 1
39 18 1.1708409769661445 1
1 15 1.1708409769661445 1
13 29 0.4142809311761813 1
21 26 1.01126706157734 1
27 11 1.045630193236076 1
34 33 1.045630193236076 1
39 1 0.9271688773102006 1
24 0 1.1708409769661445 1
17 0 1.1200432714506303 1
39 35 0.9153052353049044 1
33 12 0.4518638216531902 1
11 22 1.1708409769661445 1
7 38 0.9271688773102006 1
11 21 0.9153052353049044 1
12 17 1.4346625681183898 1
22 32 0.7602412299959984 1
26 38 0.4202676150502109 1
21 12 1.1200432714506303 1
11 32 1.045630193236076 1
16 20 1.2874184910120066 1
3 14 0.4202676150502109 1
29 35 0.4154391840750011 1
3 26 1.2874184910120066 1
30 3 0.4202676150502109 1
22 3 0.6606851953374354 1
28 0 0.4142809311761813 1
1 7 1.01126706157734 1
10 3 1.2874184910120066 1
26 26 1.1200432714506303 1
9 7 1.1708409769661445 1
11 25 0.31961585322723524 1
27 7 0.4154391840750011 1
3 39 1.01126706157734 1
30 37 0.9153052353049044 1
13 12 0.9271688773102006 1
15 35 0.4154391840750011 1
16 17 1.01126706157734 1
2 31 0.31961585322723524 1
25 25 0.4202676150502109 1
35 24 1.1200432714506303 1
35 23 1.01126706157734 1
39 28 0.7602412299959984 1
4 3 0.4142809311761813 1
1 10 0.7602412299959984 1
9 32 0.4518638216531902 1
33 25 0.9271688773102006 1
17 24 1.1200432714506303 1
22 25 0.7535492018748609 1
19 17 0.4202676150502109 1
23 16 1.4346625681183898 1
37 30 1.2874184910120066 1
8 13 0.4142809311761813 1
17 27 0.4142809311761813 1
13 15 0.31961585322723524 1
4 28 0.4202676150502109 1
16 19 0.9313209796314706 1
7 4 0.9271688773102006 1
26 29 0.7602412299959984 1
39 27 0.9313209796314706 1
31 15 1.4346625681183898 1
35 5 1.1200432714506303 1
33 20 0.7602412299959984 1
17 13 0.9313209796314706 1
3 1 0.7535492018748609 1
35 29 1.2874184910120066 1
36 18 0.5181550542899774 1
35 35 0.7535492018748609 1
12 24 0.9271688773102006 1
39 31 1.2874184910120066 1
35 21 0.9153052353049044 1
13 35 0.4518638216531902 1
21 1 1.1708409769661445 1
32 37 0.9153052353049044 1
9 22 1.01126706157734 1
12 32 1.045630193236076 1
6 37 0.4518638216531902 1
38 13 0.7535492018748609 1
