1,0.002277309475272395
2,0.00903279618399537
3,0.03277934810930858
4,0.05083148371912545
5,0.07787547955215651
6,0.08834259296423012
7,0.0926241601743773
8,0.09538650765531044
9,0.10530446149388892
10,0.1283008326524465
11,0.16919339886503904
12,0.18404750500025807
13,0.2250722027593094
14,0.23790181900600033
15,0.24415678754918607
16,0.26852033545156856
17,0.2781296390727547
18,0.36691875305297805
19,0.41225530011441464
20,0.42353369545547426
21,0.4418181141436953
22,0.4540289535333567
23,0.49337276105008054
24,0.5016814913909293
25,0.5183419012757511
26,0.5251879299094405
27,0.5418596853182901
28,0.6234919413090849
29,0.6487432216136921
30,0.6698676288238781
31,0.6714511514499688
32,0.6736265152343689
33,0.6759387964593204
34,0.6766736661507935
35,0.6840257069314672
36,0.6880092252074255
37,0.7230837080802337
38,0.7516851022158335
39,0.7587008628416932
40,0.7624555908048225
41,0.768882798553444
42,0.784043020217135
43,0.7883725355652178
44,0.792445357482346
45,0.7961263071860211
46,0.816311818580328
47,0.8228730087965059
48,0.8351315198218859
49,0.8365579814281854
50,0.8478463101112662
51,0.8513076087251389
52,0.8534970545778442
53,0.8553023827291287
54,0.855316791950687
55,0.8632286395759347
56,0.8691367913961026
57,0.8834991019370363
58,0.8880745962652445
59,0.8897796496349261
60,0.8904836803244418
61,0.8950058060362931
62,0.8982123794038364
63,0.9021068342923362
64,0.9026583556504022
65,0.9040875224037367
66,0.9098477352537233
67,0.9186454153147399
68,0.9238826690620894
69,0.9246915502724322
70,0.9260128102376911
71,0.9260217601601559
72,0.9260612545406235
73,0.9266211365790444
74,0.9283502804909538
75,0.9316145297877749
76,0.9318014983479087
77,0.9322397442123753
78,0.9325296953543188
79,0.9328762075596814
80,0.9340395885247407
81,0.9401076340794035
82,0.9428276219370253
83,0.9444172399817077
84,0.9444318199116641
85,0.9446657504424647
86,0.9585662011996001
87,0.9589112702502403
88,0.9591588114343248
89,0.9592724422627696
90,0.9593323456612196
91,0.959531320368807
92,0.9609935105080787
93,0.9610622525273143
94,0.9612571730881209
95,0.9652403407168699
96,0.9652813507595823
97,0.9688419663277938
98,0.9689218950815457
99,0.9689287336551966
100,0.9689627260454399
