35 13 1.8626419592629413 0.388882393442197
38 19 1.8306104706098092 0.388882393442197
1 13 1.854337754620402 0.388882393442197
21 8 2.341681953932289 0.388882393442197
32 35 0.5181550542899771 0.388882393442197
49 30 1.43466256811839 0.388882393442197
23 44 0.5181550542899771 0.388882393442197
4 24 2.5748369820240136 0.388882393442197
3 45 0.4518638216531903 0.388882393442197
37 20 2.341681953932289 0.388882393442197
3 39 0.5181550542899771 0.388882393442197
38 25 1.12004327145063 0.388882393442197
10 8 2.5748369820240136 0.388882393442197
0 17 0.41428093117618064 0.388882393442197
0 26 1.12004327145063 0.388882393442197
12 3 1.43466256811839 0.388882393442197
11 2 1.854337754620402 0.388882393442197
43 0 2.0225341231546787 0.388882393442197
10 24 2.341681953932289 0.388882393442197
43 48 0.4202676150502107 0.388882393442197
11 26 1.12004327145063 0.388882393442197
42 36 1.12004327145063 0.388882393442197
2 32 1.12004327145063 0.388882393442197
33 25 0.6606851953374364 0.388882393442197
32 32 1.12004327145063 0.388882393442197
7 5 2.5748369820240136 0.388882393442197
12 5 0.4518638216531903 0.388882393442197
49 25 0.41428093117618064 0.388882393442197
13 49 1.12004327145063 0.388882393442197
17 37 1.5204824599919975 0.388882393442197
6 9 2.0225341231546787 0.388882393442197
24 20 1.43466256811839 0.388882393442197
31 17 0.5181550542899771 0.388882393442197
20 38 0.6606851953374364 0.388882393442197
7 29 2.0225341231546787 0.388882393442197
11 21 0.7535492018748607 0.388882393442197
0 15 2.0225341231546787 0.388882393442197
18 44 2.0225341231546787 0.388882393442197
1 17 1.43466256811839 0.388882393442197
8 25 1.0456301932360759 0.388882393442197
15 16 1.12004327145063 0.388882393442197
9 20 0.41428093117618064 0.388882393442197
26 29 0.6606851953374364 0.388882393442197
33 6 2.341681953932289 0.388882393442197
0 23 0.31961585322723474 0.388882393442197
16 7 1.0456301932360759 0.388882393442197
34 36 2.341681953932289 0.388882393442197
20 7 0.4202676150502107 0.388882393442197
2 47 1.5204824599919975 0.388882393442197
38 27 0.41428093117618064 0.388882393442197
31 18 1.5204824599919975 0.388882393442197
49 31 0.4518638216531903 0.388882393442197
6 25 1.0456301932360759 0.388882393442197
18 3 1.0456301932360759 0.388882393442197
40 26 0.5181550542899771 0.388882393442197
15 15 1.5204824599919975 0.388882393442197
47 25 2.5748369820240136 0.388882393442197
21 47 0.41543918407500113 0.388882393442197
40 24 0.5181550542899771 0.388882393442197
6 20 2.0225341231546787 0.388882393442197
19 27 2.5748369820240136 0.388882393442197
13 8 0.41428093117618064 0.388882393442197
29 44 0.31961585322723474 0.388882393442197
41 48 0.7535492018748607 0.388882393442197
27 7 0.6606851953374364 0.388882393442197
3 20 0.7535492018748607 0.388882393442197
1 18 1.8306104706098092 0.388882393442197
33 1 1.43466256811839 0.388882393442197
48 19 1.5204824599919975 0.388882393442197
45 32 2.341681953932289 0.388882393442197
46 5 0.31961585322723474 0.388882393442197
47 21 1.5204824599919975 0.388882393442197
7 45 2.5748369820240136 0.388882393442197
40 5 0.7535492018748607 0.388882393442197
7 6 0.5181550542899771 0.388882393442197
38 1 1.12004327145063 0.388882393442197
40 0 0.5181550542899771 0.388882393442197
41 23 0.41543918407500113 0.388882393442197
21 29 1.0456301932360759 0.388882393442197
20 40 2.5748369820240136 0.388882393442197
31 12 0.31961585322723474 0.388882393442197
3 41 0.31961585322723474 0.388882393442197
43 26 1.5204824599919975 0.388882393442197
15 6 2.0225341231546787 0.388882393442197
35 41 1.12004327145063 0.388882393442197
9 14 0.4518638216531903 0.388882393442197
35 14 0.6606851953374364 0.388882393442197
12 12 0.6606851953374364 0.388882393442197
29 11 2.0225341231546787 0.388882393442197
9 26 2.5748369820240136 0.388882393442197
1 25 1.5204824599919975 0.388882393442197
37 8 0.7535492018748607 0.388882393442197
6 42 0.7535492018748607 0.388882393442197
15 49 1.43466256811839 0.388882393442197
2 24 1.854337754620402 0.388882393442197
17 10 0.6606851953374364 0.388882393442197
46 16 1.12004327145063 0.388882393442197
30 11 2.5748369820240136 0.388882393442197
34 44 1.5204824599919975 0.388882393442197
30 2 1.8626419592629413 0.388882393442197
44 25 1.5204824599919975 0.388882393442197
14 45 0.6606851953374364 0.388882393442197
41 16 0.4518638216531903 0.388882393442197
29 14 0.41428093117618064 0.388882393442197
24 24 0.41543918407500113 0.388882393442197
22 35 0.5181550542899771 0.388882393442197
1 44 0.7535492018748607 0.388882393442197
46 12 0.6606851953374364 0.388882393442197
48 3 0.4518638216531903 0.388882393442197
12 20 1.5204824599919975 0.388882393442197
34 20 0.41428093117618064 0.388882393442197
13 5 0.5181550542899771 0.388882393442197
29 36 0.7535492018748607 0.388882393442197
11 35 0.41428093117618064 0.388882393442197
49 44 0.7535492018748607 0.388882393442197
17 44 1.12004327145063 0.388882393442197
49 35 0.6606851953374364 0.388882393442197
3 44 0.6606851953374364 0.388882393442197
6 37 0.4202676150502107 0.388882393442197
44 0 1.43466256811839 0.388882393442197
20 32 1.12004327145063 0.388882393442197
37 27 2.0225341231546787 0.388882393442197
2 14 0.31961585322723474 0.388882393442197
6 21 0.6606851953374364 0.388882393442197
39 39 0.31961585322723474 0.388882393442197
49 1 1.8306104706098092 0.388882393442197
6 34 0.6606851953374364 0.388882393442197
37 46 1.854337754620402 0.388882393442197
27 1 0.41543918407500113 0.388882393442197
5 5 1.8306104706098092 0.388882393442197
3 29 1.8306104706098092 0.388882393442197
25 47 1.12004327145063 0.388882393442197
16 11 1.43466256811839 0.388882393442197
31 48 1.12004327145063 0.388882393442197
12 10 1.854337754620402 0.388882393442197
17 11 2.0225341231546787 0.388882393442197
34 22 1.854337754620402 0.388882393442197
29 32 2.341681953932289 0.388882393442197
10 46 0.31961585322723474 0.388882393442197
42 32 0.7535492018748607 0.388882393442197
5 14 1.0456301932360759 0.388882393442197
15 7 1.8306104706098092 0.388882393442197
6 19 0.31961585322723474 0.388882393442197
40 39 0.31961585322723474 0.388882393442197
30 0 1.854337754620402 0.388882393442197
27 14 1.5204824599919975 0.388882393442197
15 43 0.31961585322723474 0.388882393442197
1 41 1.854337754620402 0.388882393442197
45 35 1.0456301932360759 0.388882393442197
24 18 1.43466256811839 0.388882393442197
26 19 0.4202676150502107 0.388882393442197
31 25 0.5181550542899771 0.388882393442197
27 40 0.5181550542899771 0.388882393442197
11 39 2.341681953932289 0.388882393442197
21 18 1.12004327145063 0.388882393442197
38 33 1.0456301932360759 0.388882393442197
30 27 2.5748369820240136 0.388882393442197
45 45 0.4202676150502107 0.388882393442197
27 22 0.41428093117618064 0.388882393442197
48 17 0.4518638216531903 0.388882393442197
47 3 1.854337754620402 0.388882393442197
43 5 2.341681953932289 0.388882393442197
45 41 1.854337754620402 0.388882393442197
10 30 1.5204824599919975 0.388882393442197
3 13 0.4518638216531903 0.388882393442197
34 16 0.41428093117618064 0.388882393442197
27 25 1.12004327145063 0.388882393442197
23 24 2.0225341231546787 0.388882393442197
27 24 1.12004327145063 0.388882393442197
12 45 2.5748369820240136 0.388882393442197
22 30 1.8626419592629413 0.388882393442197
26 13 0.41543918407500113 0.388882393442197
3 38 0.31961585322723474 0.388882393442197
35 48 1.43466256811839 0.388882393442197
48 6 1.5204824599919975 0.388882393442197
4 10 0.41428093117618064 0.388882393442197
32 49 0.6606851953374364 0.388882393442197
5 42 2.0225341231546787 0.388882393442197
39 46 1.5204824599919975 0.388882393442197
45 30 1.43466256811839 0.388882393442197
22 14 2.0225341231546787 0.388882393442197
38 12 1.5204824599919975 0.388882393442197
26 20 1.12004327145063 0.388882393442197
47 34 2.5748369820240136 0.388882393442197
41 17 0.4202676150502107 0.388882393442197
32 46 0.41428093117618064 0.388882393442197
13 4 0.41543918407500113 0.388882393442197
12 32 1.0456301932360759 0.388882393442197
25 28 1.8626419592629413 0.388882393442197
22 31 0.4518638216531903 0.388882393442197
9 42 0.41543918407500113 0.388882393442197
25 13 1.0456301932360759 0.388882393442197
16 3 1.8306104706098092 0.388882393442197
47 42 1.8306104706098092 0.388882393442197
45 20 1.0456301932360759 0.388882393442197
45 21 1.0456301932360759 0.388882393442197
42 6 0.31961585322723474 0.388882393442197
19 11 0.41428093117618064 0.388882393442197
35 6 1.854337754620402 0.388882393442197
22 36 1.8626419592629413 0.388882393442197
37 19 1.12004327145063 0.388882393442197
16 31 0.6606851953374364 0.388882393442197
23 35 0.41543918407500113 0.388882393442197
27 32 0.4518638216531903 0.388882393442197
24 13 1.43466256811839 0.388882393442197
33 26 0.31961585322723474 0.388882393442197
44 35 1.5204824599919975 0.388882393442197
48 39 0.41543918407500113 0.388882393442197
18 17 2.5748369820240136 0.388882393442197
38 9 0.4518638216531903 0.388882393442197
16 35 0.7535492018748607 0.388882393442197
10 49 2.341681953932289 0.388882393442197
37 43 0.4518638216531903 0.388882393442197
22 33 0.41428093117618064 0.388882393442197
33 9 0.4518638216531903 0.388882393442197
37 22 0.5181550542899771 0.388882393442197
16 20 2.341681953932289 0.388882393442197
1 31 2.5748369820240136 0.388882393442197
41 45 1.0456301932360759 0.388882393442197
16 0 1.5204824599919975 0.388882393442197
27 15 0.5181550542899771 0.388882393442197
14 43 1.12004327145063 0.388882393442197
47 35 0.4202676150502107 0.388882393442197
36 1 2.5748369820240136 0.388882393442197
26 2 1.0456301932360759 0.388882393442197
30 49 1.12004327145063 0.388882393442197
42 19 0.31961585322723474 0.388882393442197
16 21 0.4518638216531903 0.388882393442197
8 14 0.4202676150502107 0.388882393442197
16 23 1.8626419592629413 0.388882393442197
7 12 0.4202676150502107 0.388882393442197
21 44 0.41428093117618064 0.388882393442197
21 16 0.4518638216531903 0.388882393442197
19 22 1.854337754620402 0.388882393442197
24 25 2.341681953932289 0.388882393442197
49 47 2.5748369820240136 0.388882393442197
27 20 0.6606851953374364 0.388882393442197
28 36 0.7535492018748607 0.388882393442197
38 13 0.6606851953374364 0.388882393442197
33 44 0.5181550542899771 0.388882393442197
12 29 0.6606851953374364 0.388882393442197
10 40 2.0225341231546787 0.388882393442197
20 34 1.8306104706098092 0.388882393442197
48 9 0.41543918407500113 0.388882393442197
5 17 1.8306104706098092 0.388882393442197
36 46 1.8626419592629413 0.388882393442197
19 31 0.31961585322723474 0.388882393442197
38 16 0.31961585322723474 0.388882393442197
13 23 0.6606851953374364 0.388882393442197
42 8 0.4518638216531903 0.388882393442197
48 1 1.854337754620402 0.388882393442197
31 46 0.4202676150502107 0.388882393442197
4 1 1.5204824599919975 0.388882393442197
14 24 1.854337754620402 0.388882393442197
9 11 0.7535492018748607 0.388882393442197
49 40 0.4202676150502107 0.388882393442197
30 30 0.4202676150502107 0.388882393442197
45 46 2.341681953932289 0.388882393442197
40 35 1.0456301932360759 0.388882393442197
10 41 2.0225341231546787 0.388882393442197
11 29 0.5181550542899771 0.388882393442197
25 26 1.8626419592629413 0.388882393442197
3 0 0.6606851953374364 0.388882393442197
7 10 2.341681953932289 0.388882393442197
11 36 0.4202676150502107 0.388882393442197
41 36 0.41543918407500113 0.388882393442197
34 28 0.41428093117618064 0.388882393442197
48 24 1.8306104706098092 0.388882393442197
8 44 2.5748369820240136 0.388882393442197
35 32 1.8626419592629413 0.388882393442197
40 27 1.8626419592629413 0.388882393442197
40 46 0.4202676150502107 0.388882393442197
16 40 2.341681953932289 0.388882393442197
13 9 2.5748369820240136 0.388882393442197
46 30 1.8306104706098092 0.388882393442197
35 16 0.6606851953374364 0.388882393442197
31 45 2.0225341231546787 0.388882393442197
15 0 1.8306104706098092 0.388882393442197
0 49 1.854337754620402 0.388882393442197
42 41 0.7535492018748607 0.388882393442197
14 16 1.0456301932360759 0.388882393442197
40 37 0.6606851953374364 0.388882393442197
11 49 2.341681953932289 0.388882393442197
17 42 1.43466256811839 0.388882393442197
25 33 1.854337754620402 0.388882393442197
0 25 2.341681953932289 0.388882393442197
47 13 0.41543918407500113 0.388882393442197
40 36 1.0456301932360759 0.388882393442197
24 43 1.12004327145063 0.388882393442197
8 16 1.12004327145063 0.388882393442197
22 29 1.8306104706098092 0.388882393442197
5 43 0.41428093117618064 0.388882393442197
14 0 2.341681953932289 0.388882393442197
44 31 0.41543918407500113 0.388882393442197
23 47 0.4518638216531903 0.388882393442197
44 34 2.0225341231546787 0.388882393442197
9 33 0.41428093117618064 0.388882393442197
26 27 0.31961585322723474 0.388882393442197
43 47 2.341681953932289 0.388882393442197
27 5 1.43466256811839 0.388882393442197
