24 42 1.8626419592629415 0.388882393442197
49 45 1.8306104706098094 0.388882393442197
41 16 1.854337754620402 0.388882393442197
45 34 2.3416819539322895 0.388882393442197
29 4 0.5181550542899772 0.388882393442197
20 39 1.43466256811839 0.388882393442197
43 29 0.5181550542899772 0.388882393442197
34 46 2.574836982024013 0.388882393442197
20 45 0.4518638216531901 0.388882393442197
18 16 2.3416819539322895 0.388882393442197
17 41 0.5181550542899772 0.388882393442197
43 33 1.12004327145063 0.388882393442197
36 39 2.574836982024013 0.388882393442197
11 29 0.4142809311761804 0.388882393442197
47 33 1.12004327145063 0.388882393442197
17 28 1.43466256811839 0.388882393442197
6 0 1.854337754620402 0.388882393442197
5 44 2.0225341231546783 0.388882393442197
12 44 2.3416819539322895 0.388882393442197
6 27 0.42026761505021043 0.388882393442197
26 37 1.12004327145063 0.388882393442197
7 49 1.12004327145063 0.388882393442197
14 2 1.12004327145063 0.388882393442197
40 18 0.6606851953374362 0.388882393442197
25 14 1.12004327145063 0.388882393442197
5 45 2.574836982024013 0.388882393442197
43 47 0.4518638216531901 0.388882393442197
40 14 0.4142809311761804 0.388882393442197
25 7 1.12004327145063 0.388882393442197
7 45 1.5204824599919975 0.388882393442197
45 20 2.0225341231546783 0.388882393442197
32 2 1.43466256811839 0.388882393442197
38 5 0.5181550542899772 0.388882393442197
40 6 0.6606851953374362 0.388882393442197
18 1 2.0225341231546783 0.388882393442197
5 37 0.7535492018748607 0.388882393442197
9 1 2.0225341231546783 0.388882393442197
1 23 2.0225341231546783 0.388882393442197
22 20 1.43466256811839 0.388882393442197
0 22 1.0456301932360759 0.388882393442197
48 8 1.12004327145063 0.388882393442197
6 15 0.4142809311761804 0.388882393442197
10 28 0.6606851953374362 0.388882393442197
39 23 2.3416819539322895 0.388882393442197
34 5 0.31961585322723485 0.388882393442197
35 13 1.0456301932360759 0.388882393442197
3 13 2.3416819539322895 0.388882393442197
10 43 0.42026761505021043 0.388882393442197
38 13 1.5204824599919975 0.388882393442197
17 22 0.4142809311761804 0.388882393442197
6 24 1.5204824599919975 0.388882393442197
12 37 0.4518638216531901 0.388882393442197
18 26 1.0456301932360759 0.388882393442197
33 40 1.0456301932360759 0.388882393442197
40 38 0.5181550542899772 0.388882393442197
17 9 1.5204824599919975 0.388882393442197
46 1 2.574836982024013 0.388882393442197
27 25 0.4154391840750009 0.388882393442197
33 31 0.5181550542899772 0.388882393442197
6 28 2.0225341231546783 0.388882393442197
24 34 2.574836982024013 0.388882393442197
20 15 0.4142809311761804 0.388882393442197
8 21 0.31961585322723485 0.388882393442197
45 8 0.7535492018748607 0.388882393442197
38 20 0.6606851953374362 0.388882393442197
39 41 0.7535492018748607 0.388882393442197
6 17 1.8306104706098094 0.388882393442197
30 49 1.43466256811839 0.388882393442197
18 35 1.5204824599919975 0.388882393442197
35 1 2.3416819539322895 0.388882393442197
23 18 0.31961585322723485 0.388882393442197
23 1 1.5204824599919975 0.388882393442197
27 32 2.574836982024013 0.388882393442197
49 11 0.7535492018748607 0.388882393442197
44 2 0.5181550542899772 0.388882393442197
6 13 1.12004327145063 0.388882393442197
25 36 0.5181550542899772 0.388882393442197
23 41 0.4154391840750009 0.388882393442197
47 34 1.0456301932360759 0.388882393442197
31 44 2.574836982024013 0.388882393442197
3 18 0.31961585322723485 0.388882393442197
15 42 0.31961585322723485 0.388882393442197
46 36 1.5204824599919975 0.388882393442197
14 18 2.0225341231546783 0.388882393442197
45 42 1.12004327145063 0.388882393442197
25 2 0.4518638216531901 0.388882393442197
17 32 0.6606851953374362 0.388882393442197
8 47 0.6606851953374362 0.388882393442197
15 26 2.0225341231546783 0.388882393442197
46 34 2.574836982024013 0.388882393442197
40 4 1.5204824599919975 0.388882393442197
23 24 0.7535492018748607 0.388882393442197
14 10 0.7535492018748607 0.388882393442197
18 17 1.43466256811839 0.388882393442197
44 3 1.854337754620402 0.388882393442197
4 25 0.6606851953374362 0.388882393442197
39 5 1.12004327145063 0.388882393442197
13 6 2.574836982024013 0.388882393442197
21 25 1.5204824599919975 0.388882393442197
20 24 1.8626419592629415 0.388882393442197
