34 6 1.1941400537101363 0.387115631942
14 31 1.2445435816218544 0.39826181846500003
9 7 0.6850290609951816 0.388882393442
13 2 0.977271627237306 0.388882393442
35 35 2.2257484133661363 0.42261974356
10 38 1.3547941873997449 0.388882393442
3 21 1.3547941873997449 0.460851942788
39 17 0.9335988210359988 0.670953661483
7 6 1.1404944102828012 0.5318082024499999
27 6 1.4959011061781105 0.42261974356
11 7 0.9335988210359988 0.460851942788
26 4 1.1941400537101363 0.670953661483
24 27 1.7212756453952396 0.5318082024499999
0 21 1.5757259497002156 0.42261974356
15 28 0.977271627237306 0.39826181846500003
5 26 0.977271627237306 0.387115631942
21 8 1.5757259497002156 0.388882393442
24 28 1.7212756453952396 0.670953661483
32 38 0.49315413763204 0.5318082024499999
1 0 0.6850290609951816 0.5318082024499999
22 14 1.7463471585535122 0.670953661483
35 23 1.3547941873997449 0.387115631942
33 28 1.5757259497002156 0.42261974356
30 28 1.0830388939780136 0.388882393442
10 16 1.2445435816218544 0.5318082024499999
8 10 0.9335988210359988 0.388882393442
28 25 1.0830388939780136 0.460851942788
26 15 1.3547941873997449 0.460851942788
30 2 1.3547941873997449 0.387115631942
2 36 0.977271627237306 0.460851942788
5 21 1.7463471585535122 0.39826181846500003
27 21 1.7212756453952396 0.388882393442
4 6 1.4959011061781105 0.39826181846500003
24 39 0.977271627237306 0.387115631942
18 38 1.1404944102828012 0.39826181846500003
12 34 1.7212756453952396 0.42261974356
21 26 0.49315413763204 0.460851942788
9 38 0.49315413763204 0.39826181846500003
0 34 1.2154563875068929 0.460851942788
21 30 1.0830388939780136 0.5318082024499999
25 0 0.6850290609951816 0.460851942788
12 13 1.2154563875068929 0.388882393442
19 25 1.2445435816218544 0.39826181846500003
35 26 1.2154563875068929 0.670953661483
11 14 1.1941400537101363 0.42261974356
8 1 1.1941400537101363 0.670953661483
38 4 1.7463471585535122 0.670953661483
0 37 0.31961585 0.388882393442
14 21 0.977271627237306 0.670953661483
31 2 0.6850290609951816 0.388882393442
14 38 1.3547941873997449 0.387115631942
25 23 2.2257484133661363 0.460851942788
19 13 1.0830388939780136 0.670953661483
3 27 1.1941400537101363 0.460851942788
1 11 1.7463471585535122 0.388882393442
24 9 0.977271627237306 0.39826181846500003
20 26 1.7463471585535122 0.39826181846500003
23 2 1.1404944102828012 0.5318082024499999
2 13 1.3547941873997449 0.460851942788
17 18 1.2445435816218544 0.670953661483
15 18 1.5757259497002156 0.39826181846500003
25 10 0.49315413763204 0.39826181846500003
33 37 1.5757259497002156 0.42261974356
8 26 1.4959011061781105 0.42261974356
26 3 1.3547941873997449 0.670953661483
7 31 1.4959011061781105 0.42261974356
3 10 1.7463471585535122 0.42261974356
8 34 1.1404944102828012 0.387115631942
0 6 2.2257484133661363 0.460851942788
11 30 1.3547941873997449 0.42261974356
39 34 2.2257484133661363 0.387115631942
20 4 0.9335988210359988 0.39826181846500003
0 32 1.0830388939780136 0.460851942788
5 35 0.31961585 0.39826181846500003
10 10 0.49315413763204 0.670953661483
25 39 0.31961585 0.39826181846500003
7 29 0.9335988210359988 0.387115631942
27 33 0.9335988210359988 0.387115631942
23 34 1.1404944102828012 0.460851942788
34 19 1.5757259497002156 0.39826181846500003
37 5 1.5757259497002156 0.388882393442
17 21 1.4959011061781105 0.387115631942
8 5 1.4959011061781105 0.5318082024499999
27 12 1.0830388939780136 0.39826181846500003
39 39 1.3547941873997449 0.39826181846500003
29 29 1.1404944102828012 0.39826181846500003
39 1 2.2257484133661363 0.5318082024499999
6 17 0.9335988210359988 0.387115631942
15 22 0.6850290609951816 0.388882393442
13 16 1.0830388939780136 0.388882393442
35 6 1.7463471585535122 0.42261974356
18 4 1.7212756453952396 0.42261974356
32 19 0.49315413763204 0.387115631942
9 14 2.2257484133661363 0.42261974356
19 9 1.3547941873997449 0.39826181846500003
24 24 2.2257484133661363 0.42261974356
26 33 1.3547941873997449 0.460851942788
2 39 0.49315413763204 0.42261974356
20 10 2.2257484133661363 0.387115631942
38 10 1.7212756453952396 0.39826181846500003
35 21 1.4959011061781105 0.39826181846500003
38 24 0.31961585 0.388882393442
22 37 0.6850290609951816 0.39826181846500003
24 15 1.0830388939780136 0.460851942788
33 13 1.7463471585535122 0.460851942788
3 14 0.9335988210359988 0.42261974356
21 18 0.31961585 0.388882393442
4 36 0.49315413763204 0.388882393442
29 38 0.49315413763204 0.387115631942
13 29 0.31961585 0.670953661483
37 38 1.7212756453952396 0.5318082024499999
39 19 0.9335988210359988 0.388882393442
14 13 1.2154563875068929 0.39826181846500003
36 15 1.2154563875068929 0.388882393442
24 32 1.1941400537101363 0.42261974356
12 36 1.2445435816218544 0.670953661483
37 4 1.2445435816218544 0.387115631942
30 5 0.977271627237306 0.460851942788
3 28 1.1941400537101363 0.387115631942
29 9 0.977271627237306 0.39826181846500003
9 23 1.1941400537101363 0.388882393442
22 29 1.4959011061781105 0.5318082024499999
38 8 0.49315413763204 0.5318082024499999
16 3 0.6850290609951816 0.387115631942
32 5 1.3547941873997449 0.39826181846500003
11 0 0.9335988210359988 0.387115631942
35 7 1.5757259497002156 0.670953661483
18 14 1.7463471585535122 0.42261974356
13 4 0.6850290609951816 0.5318082024499999
22 25 1.2445435816218544 0.670953661483
29 35 1.7463471585535122 0.42261974356
31 22 0.31961585 0.388882393442
26 32 0.31961585 0.42261974356
21 10 0.49315413763204 0.5318082024499999
34 14 1.7463471585535122 0.42261974356
39 26 1.1941400537101363 0.387115631942
11 18 1.7463471585535122 0.5318082024499999
16 24 2.2257484133661363 0.388882393442
12 6 1.1941400537101363 0.387115631942
5 5 0.49315413763204 0.460851942788
31 26 1.7212756453952396 0.670953661483
9 11 2.2257484133661363 0.388882393442
20 25 0.49315413763204 0.5318082024499999
4 15 1.3547941873997449 0.5318082024499999
35 17 1.5757259497002156 0.5318082024499999
37 14 1.3547941873997449 0.670953661483
27 2 1.0830388939780136 0.387115631942
19 36 1.0830388939780136 0.460851942788
25 21 1.3547941873997449 0.5318082024499999
29 27 1.2445435816218544 0.39826181846500003
37 31 0.977271627237306 0.42261974356
28 35 1.7463471585535122 0.460851942788
26 31 1.1941400537101363 0.5318082024499999
7 16 1.5757259497002156 0.42261974356
17 33 1.1941400537101363 0.388882393442
5 32 2.2257484133661363 0.42261974356
29 5 0.31961585 0.387115631942
8 30 1.0830388939780136 0.5318082024499999
20 13 1.0830388939780136 0.42261974356
12 14 1.4959011061781105 0.5318082024499999
28 0 1.0830388939780136 0.39826181846500003
33 32 1.2445435816218544 0.670953661483
11 12 1.7463471585535122 0.39826181846500003
28 13 1.1404944102828012 0.39826181846500003
10 36 2.2257484133661363 0.42261974356
9 9 1.3547941873997449 0.5318082024499999
21 36 1.2445435816218544 0.670953661483
19 26 1.7463471585535122 0.670953661483
38 1 0.9335988210359988 0.42261974356
8 19 1.2445435816218544 0.670953661483
32 34 0.6850290609951816 0.387115631942
17 10 0.6850290609951816 0.460851942788
30 21 1.2154563875068929 0.5318082024499999
22 19 0.6850290609951816 0.460851942788
7 22 1.5757259497002156 0.39826181846500003
31 29 1.1404944102828012 0.387115631942
35 3 1.5757259497002156 0.388882393442
12 29 1.4959011061781105 0.388882393442
1 20 1.7463471585535122 0.39826181846500003
23 8 0.31961585 0.670953661483
30 9 1.2445435816218544 0.388882393442
39 37 0.31961585 0.460851942788
31 34 1.1941400537101363 0.5318082024499999
20 12 1.7212756453952396 0.5318082024499999
27 32 1.1941400537101363 0.460851942788
5 18 1.0830388939780136 0.42261974356
33 0 1.1404944102828012 0.39826181846500003
29 37 1.1404944102828012 0.42261974356
36 12 2.2257484133661363 0.39826181846500003
15 19 1.0830388939780136 0.387115631942
30 30 0.9335988210359988 0.460851942788
29 7 0.977271627237306 0.670953661483
34 38 2.2257484133661363 0.39826181846500003
6 4 0.977271627237306 0.670953661483
1 34 1.1941400537101363 0.387115631942
9 29 0.49315413763204 0.460851942788
15 26 1.7463471585535122 0.39826181846500003
7 20 1.2445435816218544 0.39826181846500003
14 34 2.2257484133661363 0.39826181846500003
31 39 1.2154563875068929 0.670953661483
