5.576964005547706549e-01
-5.600068743150377060e-02
-1.583341806339344515e-01
4.464634511518605908e-02
9.684346811118154097e-01
6.102372978000542014e-01
-1.228518578130008310e+00
3.464854585891725680e-01
3.464589942509930798e-01
1.666471842179875207e+00
7.460177165651640241e-01
-4.290999747864141511e-01
2.639781856285581263e-01
-9.684683672691773992e-02
5.664207452183300795e-01
1.393628109108948188e+00
-1.238315900281570237e-01
5.715891253177038944e-01
1.886610093911974761e+00
9.797238970423132187e-01
-3.998257684301553816e-01
2.086900517626024687e-01
1.598472509792707719e-01
2.929082388123731562e-01
6.237525587639520808e-01
7.887498204090614973e-02
-3.089318455399081564e-01
9.767502185493381894e-01
-2.783463987796719330e-01
-3.140937948417838577e+00
-3.634795035546061204e-01
-1.769169011838074290e-01
4.365138593056805960e-01
1.184771314575890688e+00
2.831380588088626693e-01
1.737884563040747565e+00
4.470872357263904195e-01
4.636693881786380089e-02
1.014896112303754760e+00
5.048724255889677215e-01
5.201426130567645689e-01
-1.545064871523720296e-01
4.157670295572759578e-01
-2.558115658885522503e-01
1.661253721628834779e-01
-3.261805149797014636e-02
-1.671820172350875655e+00
-1.201809405983234047e+00
-2.024512645015243972e-01
3.793163599695370536e-02
9.297058177815886726e-02
3.108838180917865568e-01
3.680293926053883613e-01
2.301988648917987490e-01
9.055836982848992633e-01
3.107000133383319707e-01
5.671904294634109167e-01
4.340756352959251885e-02
5.875481832341862276e-01
-2.067327497022435345e+00
4.817832064226510447e-01
1.271728594007348612e-01
7.283727644046560368e-01
-1.936615847854772365e-01
-1.806859540284033727e-03
6.390665975910270191e-01
1.394683976820728644e+00
3.700004763463611290e-01
2.963265279980211719e-01
6.043879550130082379e-02
2.172552659824334986e-01
3.395673975715824966e-01
2.463403768944560923e-02
1.710254853329828961e+00
-1.435280172267567877e-01
-1.134519309262719045e+00
7.173258056460096732e-01
9.021355801160479970e-03
3.902741185048972383e-01
1.656085433395214190e+00
1.131619632288470845e+00
-3.406496715316074120e-01
3.272524359905153446e-01
5.285081477531397010e-01
5.226739789585201912e-01
4.756677802335632643e-01
3.485843349683825920e-03
2.472592484021804982e-01
-6.756827912515164791e-02
-8.375905275556512208e-01
6.463249398977906346e-02
4.178226872706738426e-01
2.022602581524621801e-01
-6.530941133630663309e-01
6.346111109748644452e-01
7.475208039594728460e-01
1.240666606992850696e-01
7.680102673638208310e-01
8.989906691461915234e-01
2.244669340015807979e-01
1.136694267338767883e+00
-6.436240727515589732e-01
-1.865075812852859394e-01
8.098743173500284609e-01
2.000535901179425480e-01
7.056445098662180726e-01
7.862019756178473262e-01
5.218897770351266230e-01
3.382228584146114159e-01
-1.755040486634664720e-01
2.414089896865472262e-01
1.367076298961186431e+00
3.031576639050825861e-01
3.938514965954409419e-02
7.497739244983292473e-01
4.317043707679907305e-01
-7.386413754195064740e-01
1.300276093233852626e+00
7.060749779120589764e-01
8.280925099201894568e-01
-6.256792015241221527e-01
-5.360494236413382296e-02
-6.114022240347649628e-02
2.618399234253765417e-01
-5.186778488394918618e-01
1.594171845089067396e+00
-3.241392208940335085e+00
-7.623706121547382253e-01
5.009820317465423223e-01
-2.286298703219615813e+00
3.922479611017916090e-01
8.467240116431009600e-01
2.312240260158682226e-01
-6.273872554961148484e-01
2.910878400169645275e-01
-4.303581101461224634e-01
-5.376702140637876770e-01
5.833748953688826511e-01
5.842144034864382718e-03
-9.222344358618723703e-01
1.709020274617725876e+00
4.037845607340395659e-01
-6.081680812571015338e-01
-1.761409558264471542e+00
2.462366681957558479e-01
1.347990646860202313e+00
3.688242658147378172e-01
-2.145330280081503282e-01
-7.369325123078218631e-01
-1.211951895553420311e+00
1.149905358942393541e-01
1.983989691085603635e-01
2.513353524033352659e-01
-1.468875386759163071e-01
5.464219334870668021e-02
-3.164604702884776799e-02
3.357593368364244490e-01
7.333355790960420784e-01
5.706304700739006641e-01
7.350633355223123999e-04
7.807733759482404778e-02
3.321894935773408442e-01
1.018960533349789532e+00
1.905460208161128821e-01
7.401086426094212189e-01
1.699920484704326995e-01
9.645784724396868626e-01
5.539089003436994396e-01
2.767300465587753666e-01
-1.226763108474716368e+00
8.414984889421379677e-01
-1.064429751191810603e+00
1.016916178653603842e+00
4.038381148131608978e-01
1.559351804331152724e+00
3.590143951684614532e-01
-1.206903974382554923e+00
-1.841979097295507017e+00
5.851515410339614975e-01
-1.828528627386816208e-02
-3.450658693780419561e-01
1.077150233890657116e+00
3.888582568862622435e-01
1.287686219200279147e-01
2.526712585279118350e-01
-4.742570814304520876e-01
2.011681409744525695e-02
-7.917584166500817311e-01
3.691088244104976379e-01
2.512844615224798517e-01
-8.526147464170416579e-02
4.810951692376137512e-01
6.742719464625758219e-01
1.273225160840407710e-02
1.261337902380673892e+00
6.033383516100658817e-01
-1.041748774405315991e+00
-1.157459783098282902e+00
3.511403301238626984e-01
3.174139113850162897e-01
-4.730669447230515523e-01
3.815350487469055807e-01
-6.291086479315388669e-01
1.410011576753414264e+00
3.802172213340848650e-01
5.114785037211575514e-01
1.987979597593486636e-02
-1.085129310237533673e-01
-8.304238519233653193e-02
3.173257359738621552e-01
9.341616463232997880e-01
9.705417517464922650e-01
-8.553508894178518673e-02
3.893827022538720595e-01
1.639419987045622307e+00
9.277633611255864388e-01
1.273935287291701357e+00
5.445700218382643065e-02
5.777127125950810571e-01
1.826803669454548640e-01
5.477385308342075376e-03
1.913548094485595374e-01
3.346885747334626959e-01
6.470879252686978500e-02
7.570928498642937043e-01
4.417962408167883659e-01
1.447441191415589579e+00
3.005389934962190424e-01
9.903501507632928025e-02
-1.873278427438909155e-01
-3.306796787510017932e-01
-6.417522211940247523e-01
3.557455966690553639e-02
7.033091594896150323e-01
-7.679886301571707818e-01
-5.902113316287062039e-01
3.478788235010077834e+00
5.882556518884942687e-01
3.256648700979170030e-02
-1.993130510071802863e+00
2.704714199426094812e-01
-6.052010299677750282e-01
3.269823618549236866e-01
1.269632452181930216e+00
1.167673625066838250e+00
-6.835469210639932847e-01
9.873606406409840552e-02
-1.373786956528968872e+00
7.014998496850131104e-01
7.420212327012110087e-02
3.026240774457381599e-01
-8.834271741017940549e-02
1.881117595021644107e-01
9.772653271341313896e-01
-2.154640163518997120e-01
1.010834935106865728e+00
-1.235358859515425234e-01
-6.103896349861126502e-02
2.203973841489759167e-01
1.574454460474032258e+00
-5.633988065715055393e-01
-8.191221481894626066e-01
-1.669451215914254938e-01
1.753825697568878184e-02
-2.179781619832279679e-02
5.524591211323897078e-01
1.194521836125300940e+00
1.718119893677285681e-01
6.522055634223584697e-01
3.299228037167816208e-01
2.101406548102378036e-01
2.863351326436456290e-01
5.080662119418608569e-01
5.155811073148199863e-01
1.012550575764232796e+00
3.817625773461746919e-02
1.776124848711144733e+00
1.436057757241315791e-01
-5.114084147307235151e-01
1.954240995472606990e-01
-1.369055746651056005e+00
-3.231159307339739328e-01
-3.256914596543538654e-01
-1.446058858472998310e-02
2.336561307838112000e-01
-4.607693676901410962e-01
5.383904161216130912e-01
6.200207362461826466e-02
2.591251481000422241e-01
7.414342598228276238e-01
1.045648147957307650e-01
-4.149307563132142995e-01
9.632180419601363841e-01
-3.690027446582092030e-01
1.023376028471708832e+00
3.223801886642041481e-01
6.099272631668419820e-01
-8.400347821989244679e-01
6.049457979192143231e-01
2.014502034082445991e+00
6.961837088006670449e-01
4.475515838511423539e-02
3.661180652216522446e-02
9.080621084340627647e-01
-1.656077672586747651e-02
1.873001838268572028e-01
6.982146501489432389e-01
-7.457923954828626911e-02
5.268078325329716982e-01
1.037379204239975650e+00
-8.544671578599531969e-01
8.482741854387435554e-01
3.991452682675435959e-01
2.014990030994368020e+00
1.599058528997887141e+00
-3.570822865787404155e-02
-1.196427089570573088e+00
1.908802756948253965e+00
-2.133591002921702007e-01
3.086211092519843824e-01
-1.097266043003126690e-01
2.901734478254018867e-01
4.367561777628754527e-01
-1.635314092855472357e+00
1.410583407797911804e-01
-6.069084377646505324e-01
1.224026207946658173e+00
-6.074398720343112679e-01
-1.351721086942722361e-01
-8.112432551910044864e-01
6.266951790656976051e-01
4.054214349416276342e-01
-1.250377309526107261e-01
5.412167920299695290e-01
-1.795361759202747987e+00
-9.160188831347135796e-01
8.966526890020086737e-01
4.819933085507166481e-01
5.398195041999604982e-01
2.303070167813578983e-01
-5.457184797551852817e-01
8.882731259069023277e-01
1.915123110454852728e-01
7.009240057490566667e-01
1.422372025066247492e-01
-1.385189616552676917e+00
6.851979178676081972e-01
6.714433369488803649e-02
-1.836990141909383922e+00
-5.210827080838271730e-01
5.367077039378576053e-02
4.997335052909144260e-01
1.998388901277824647e+00
8.161772088587044838e-01
2.948734199022118307e-02
-9.217778340683864258e-01
3.529002090869270969e-02
-2.186682697533504083e-02
-7.464616473309959588e-02
1.861042691416345818e-01
4.211522332462758200e-01
3.076711176591726549e-01
6.698536442071865160e-01
9.275225144157783763e-01
8.654461477168975403e-01
-4.314267332109276154e-01
9.431012023439728775e-01
-1.458787712148697513e-01
6.399249653640493030e-02
-2.649258782386030298e-01
6.196564568017559615e-02
6.856988214118925340e-02
1.567854414432188204e+00
9.114395809563131667e-01
-2.192681942429494102e-01
1.654795557189688626e+00
1.230621039376322390e+00
4.312813256359548930e-01
-1.502698293634940896e-02
7.787427976731838841e-01
-4.520366137001774476e-02
2.049000955337620944e-01
-1.225090897501968090e-01
3.066563404934155024e-01
3.386218878134612531e-01
2.320329133331382465e-01
-1.275442716348136329e-01
4.885283850439599007e-01
2.499313059786740787e-01
1.726507122152187712e+00
1.528353203207890587e-01
4.382868243941715480e-01
1.863445384419786022e+00
-7.936117641096225306e-01
4.810027258623188473e-01
-3.620156354008242650e-01
6.321651748029282203e-01
5.668159496429692190e-01
3.446662609091482032e-01
1.425246017682924915e+00
-1.189334879606861461e-01
-4.966643472160706119e-02
5.066745031410806455e-01
-5.513550213980455972e-02
2.506351954814021177e-01
1.369081961955269211e+00
-5.577071938315349975e-01
2.696578699108107546e+00
-1.203292565338307529e-01
1.243387577940945787e+00
8.060051340694631694e-01
-7.067979496916452220e-01
-1.568718270819381644e+00
1.573502821701964205e-01
3.123127212589182911e-01
1.998928348164099589e-01
-1.542073573495201799e-01
9.205637530175483363e-01
-1.008276705769808324e-01
4.817265395195463595e-01
7.141368866635886548e-01
1.736183832383162429e-01
-5.004958116056283934e-01
-7.662843209739111927e-02
4.818938223735910187e-01
8.087885492566293522e-02
7.169377407461806628e-01
-1.049285993547226514e-01
8.198790248088067001e-01
1.977016644614374208e+00
3.169775202342606235e-02
1.141309227923610337e+00
4.709619248842722428e-03
8.694037959464306908e-02
1.768375934598537036e+00
5.310390207278259389e-01
7.918878094036339021e-01
-2.761972064634594659e-01
-2.893344308214160776e-01
1.935112979954056733e-01
-1.400970138347847893e-01
3.567268804748464639e-01
8.119871617758517290e-01
-1.329669101877173354e-01
1.078520055740938566e-01
7.938662466446271271e-01
2.638284943465145638e-01
-4.582716001031594821e-02
9.460283931687632486e-02
-1.885993524478702665e-01
-3.310465676509808386e-01
1.240588092188830149e-01
-1.287255594250709123e-01
7.786336006004246357e-02
8.567085186710921008e-02
-3.044727394952781441e-01
1.229416487485625487e+00
-4.977745969763569533e-02
1.073854373918095018e-01
1.079355325213008587e+00
4.483388316777386362e-01
-9.463944904107846057e-02
1.590176612120076882e+00
-3.352530262729168653e-01
2.767100510070159558e-01
-2.872266411483082038e-02
4.850076186881192575e-01
3.911150430980907533e-01
-2.798932635324060669e-01
1.356514153835157721e-01
-3.395536139340160631e-02
-3.753301099101083782e+00
-7.708733890613190809e-01
6.090718352332880059e-02
9.038454160856562725e-02
-1.937669124177354707e-01
-4.213943752330280290e-01
1.077881219165885973e-01
1.301726423921194531e-01
7.409535404760532185e-01
6.026804673398058476e-01
3.280407252380457273e-01
