5.164919773783198664e-01
-4.219280758990303637e-01
-1.976940464173287948e-01
2.256423913532521475e-01
-3.664223602576344163e-01
8.064979324577548070e-02
-4.024330674040532685e-01
1.024442029678336308e-01
2.714233458579884406e-01
-2.021421606201250221e-01
-1.957466545026439741e-01
3.110060556786516939e-01
6.830718402450862703e-01
-4.126641369228631895e-01
2.544351822760259618e-01
7.597648376704724260e-02
6.946269070016592995e-01
1.282254755433027693e-01
4.111204155892496104e-01
-2.401271005851506324e-01
-1.980336860266299071e-01
1.625985432683560994e-01
2.067353900839350445e-01
1.961614204827333285e-02
-3.403633231422962258e-01
-1.901968660115136434e-01
1.802652120699432814e-01
-3.872169137578536091e-01
1.324160308509135797e-01
-1.042095466988723906e-02
3.364756043232887128e-01
-7.676037324203974777e-01
2.237551330910430014e-01
2.409350831739369703e-01
5.479096752875500798e-01
3.031576639050825861e-01
-3.468855788054349132e-01
-2.200610813941792365e-01
1.480505646671803621e-02
3.880090011941185191e-01
-1.028962540886901866e-02
6.301744710877921207e-02
-2.286771375381047022e-01
-4.719686566698380048e-01
-3.581817609691572146e-01
-1.120461572124307192e-01
1.150519848166653425e-01
6.514861772127145123e-02
9.372306112058255145e-01
7.807733759482404778e-02
3.321894935773408442e-01
1.855797063688557347e-01
7.732368915252836317e-01
-5.055978201952573414e-01
2.200194136563535796e-01
-1.579852767702896732e-01
-5.107324094936367409e-01
2.402275702574001581e-01
-2.438902431620455502e-01
-1.245638647487164463e-01
3.774412953019172789e-01
2.811344366502035452e-01
-1.066037025450576881e+00
1.630456032597709104e-01
-1.746482568314592365e-01
2.333519973472232278e-01
-7.439085814290269383e-02
1.403179350718226637e-01
9.321224587742626966e-02
7.958857543203379237e-02
-2.544482239635030840e-01
-4.045870412251673098e-01
-3.117008671232901484e-02
2.810967228969918352e-02
1.336275548430712057e-01
-4.762693949876124488e-01
6.262130434710311278e-01
2.485396546429730069e-01
-1.308991348377883668e-01
-1.226815374926635283e-01
5.543653759339228770e-01
5.151969652368593167e-01
-1.943937464131031412e-01
-3.132782481735147950e-01
-2.663410941196526771e-01
3.014900845958995435e-02
-4.765193797323838965e-01
-2.051052238159950525e-01
-3.939938946436636336e-01
-3.959005440111991181e-01
3.813881620935415384e-01
3.095616291874865311e-01
1.486222271921899818e-02
-3.106802519431151044e-01
-4.876181285919373165e-02
6.348156206097474996e-01
-1.585628602682982446e-01
5.367276887856924361e-01
1.647238488051313565e-01
2.773234312112315969e-01
-2.160620934355619305e-01
-1.632242658590745688e-01
1.380106740872194537e-01
-1.501430393614506809e-01
2.006764656118269485e-01
6.101471364969990319e-02
-6.039761935745924237e-02
1.139392722980888673e-01
6.714433369488803649e-02
-1.427271499200548632e-01
-2.160032891101237862e-02
3.404838317177121265e-01
-4.508175915722861804e-02
6.075573466681507551e-01
3.990081975223014332e-01
2.111916684656713894e-01
5.662336968489648514e-01
-8.176516881110351687e-01
1.752313604112609724e-02
1.043521392872520437e+00
4.885283850439599007e-01
2.076957498535201285e-01
1.388542187031767128e+00
-4.053320283338557317e-01
3.373540433690100926e-01
3.073941091631489098e-01
2.170018063507189510e+00
-5.030421389101822349e-01
-1.542073573495201799e-01
6.766630605350485439e-01
2.722570735333000869e-01
5.567089300210081859e-02
7.154385353765090327e-01
-1.057073235578773751e-01
1.803615201255074352e-01
9.056729418489603001e-01
1.729359851687310989e+00
1.197205482790439923e-01
-4.105166831595362664e-01
7.400188622889372070e-01
-4.330756954699122030e-02
-1.845079485504501626e-01
-3.156813665529398794e-01
-1.673090299124537772e-01
2.638475370504782536e-01
1.583090103464905862e-01
-1.352385087925085383e-01
-2.839521060788503526e-01
-8.167290791390691140e-02
