5.159411154790616294e-01
-4.211444022258187259e-01
-1.686458292074847209e-01
-1.561660562891653559e-02
3.618387811114259223e-01
6.707044319675633526e-01
-3.606717454592671679e-01
1.806089462593947204e-01
-8.336350637683875853e-02
-9.725406939460778943e-03
-3.992393426196718664e-01
2.086900517626024687e-01
1.170723989087067984e-01
-2.467891778781214907e-01
-5.568670235207240360e-01
4.206617608639787731e-01
9.102717717585995238e-02
3.190627020126675095e-01
5.926430937104696373e-01
2.088599195663035646e-01
7.745942026954165671e-01
-4.126641369228631895e-01
2.575604821519756893e-01
-3.091573023777789420e-01
1.544766961167138852e-01
7.937136231942887310e-02
1.385588600594440667e-01
1.693486925973377577e-01
7.669119876202223907e-02
8.340669843560091223e-01
4.210522869345674213e-01
-1.350518386315040509e-01
-1.873856775494972537e-01
-2.110191972185719855e-01
3.109816042167843353e-01
1.689548168747480039e-01
2.140202663507806413e-01
1.987400483067969237e-02
1.710254853329828961e+00
-1.435280172267567877e-01
8.002362047421682778e-01
-1.781037404922840572e-01
2.683069553811543440e-01
2.424617267617943384e-01
5.089445162930246180e-01
-3.857222598056904150e-01
1.440522888944615887e-01
-4.146320377281798031e-03
-6.527113775595894118e-01
6.455800720307862672e-01
7.277535628546270008e-01
-7.658715396243296336e-01
3.245224501984045329e-01
5.922843158417484544e-01
-4.373667968959082941e-02
2.409214132950938669e-01
1.004237250339973908e+00
3.031576639050825861e-01
4.457755775782256125e-01
9.306383655690789181e-02
-3.445251298968476927e-01
-1.432757186212962885e-01
8.728104181178064636e-02
3.136492918781674799e-01
5.300279917079686598e-02
3.870134005261508525e-01
8.319388164541681174e-01
6.601348322570954608e-02
-5.182471260139664970e-01
2.878709511635797469e-01
-4.576863140811300856e-01
-6.081680812571015338e-01
-1.761409558264471542e+00
4.916496206116933720e-01
1.015283174978950376e+00
-9.993730309918813504e-02
1.190375913287993193e-01
9.258621649938914011e-02
-4.881453528581554124e-01
-5.825533225302748086e-02
9.722313064605025978e-01
7.807733759482404778e-02
3.321894935773408442e-01
2.571200546959411248e-01
1.545779273271689347e-01
2.719282921500424388e-01
-1.226763108474716368e+00
1.580209027044929826e-01
6.836592826410106127e-01
8.414984889421379677e-01
5.797208033752098144e-01
-1.468591189342576264e-01
-4.236076686092355992e-01
1.047556670640278798e+00
-7.917584166500817311e-01
3.524945759533315570e-01
-1.546388172341645051e-01
-1.210289370470036402e-01
1.354300029446323106e-01
4.970702249345311241e-01
3.457718921607615403e-01
2.810614242230460302e-01
-4.212357020106473060e-01
3.815350487469055807e-01
-6.686928128993250287e-01
3.603908251303247212e-01
5.079403845549104179e-01
2.727136885852190495e-01
8.232600416000155352e-01
-1.916401888229804840e+00
-4.471332129081306839e-02
5.683165406613709392e-01
9.814518261735560856e-02
-3.425914404307928152e-02
1.754760532432326769e-01
9.227084148059994106e-02
-2.534764197117185258e-01
-2.078797282568529692e-01
-3.342027073227344935e-01
-6.370504790736037926e-01
-2.303175026670345460e-02
2.996164027172643074e-02
1.639303463536161409e-01
6.869489928197136663e-03
-2.188077894076168040e-01
-6.558657582235736250e-01
4.483368428502876313e-02
-1.158853545476308256e-01
6.477177764483451616e-01
-9.053564852635731519e-02
2.700804384691868343e-01
-1.271197926213627483e-01
-1.207247680287664160e-01
2.090565973138501787e-01
6.599545465708063219e-01
5.587129152847793989e-01
5.166630571227011082e-01
-1.250366622707645980e-01
6.628916858883719954e-01
3.292002432245522137e-01
-1.160785546423888093e-01
-4.083841038869857609e-01
3.234167274693061644e-02
6.618250758212432805e-01
-4.556200995473032034e-01
-4.709702919975491398e-01
2.370289935583054231e-01
-3.753316310009429113e-01
4.528836211459628114e-01
7.026744920177671605e-02
-3.831786575337337020e-01
3.890041339460470482e-01
3.784611297347781900e-01
6.063014408720484028e-01
-8.400347821989244679e-01
1.792921534869962308e-02
-2.189433046083049117e-01
-4.454173211818562850e-02
-1.479082570132214114e-01
5.377360555330592540e-01
8.120583769740425950e-01
3.081410491905362536e-01
3.991452682675435959e-01
3.145532842140046803e+00
1.740316548450873135e-01
3.049832345117668986e-01
-2.085003434317269644e-01
2.888562418095039774e-01
3.507049125530457001e-01
-1.606624481466165655e-01
1.443508709852642791e-01
2.092894002498497663e-01
2.021542068736108533e-01
-2.562727501124852925e-01
4.589987341702510548e-01
1.845828141305985159e-01
-8.223092781809715479e-02
3.837737320388716622e-01
1.677314539706609153e-02
1.163616200746555585e-01
6.714433369488803649e-02
-1.338201499778923775e-02
-6.721155065448702892e-02
-1.557567506351249520e-01
-1.763145878527483390e-02
6.003101776259260891e-01
-4.373196090806769076e-02
-7.403077869799412625e-02
1.751064407291269553e-02
6.127850128582270628e-01
4.003933338023493160e-01
4.788790017375743613e-02
7.191835267582447067e-01
2.145971528437584652e-01
1.231750741022661133e+00
4.331018241480816822e-01
2.126972069057453396e-02
7.697275202829920726e-01
-4.494305310005453080e-02
1.043590070268075820e+00
4.885283850439599007e-01
2.085034775596503742e-01
7.261553145440402535e-02
1.417265916548462457e-01
1.388526403417204680e+00
-4.054692440776594964e-01
5.191427591143185083e-01
2.316588813289723880e-01
5.223328464818131067e-01
9.443673857570744623e-02
2.169920581753706390e+00
-2.635609054549055141e-01
1.103592712437982071e+00
5.173088937308627511e-01
-1.542073573495201799e-01
8.771936673460931644e-01
2.807862147977271405e-01
-6.363015730822436655e-01
1.400627410015329311e-01
5.982282776597980245e-02
7.159185763137663194e-01
-1.055168147977145754e-01
8.028157632884138639e-01
1.857678932390139259e+00
-7.610567340019909199e-01
9.071622257452338633e-01
1.730373251963739145e+00
-1.400969172386734574e-01
-2.266754553073613287e-02
-1.366305725865761822e-01
-7.687325399557870531e-02
7.989988160033976161e-01
2.209445506056404440e-01
1.089346525356222894e-01
-3.449374211827072045e-02
-1.804921266235943733e-01
-4.069896340424494774e-01
1.152195086328527740e+00
2.031292166446788672e-01
-3.370286955916150795e-01
3.141137256521864263e-01
1.608580761640281409e-01
4.814901269796333372e-01
-3.753301099101083782e+00
-7.851890525781879404e-02
2.291385586918553985e-02
-3.911308372723110161e-02
3.598632887767583277e-02
2.998390287705010593e-01
