5.397506114183121539e-01
-2.136297868697645264e-02
-1.649680785718503073e-01
6.174648353820193503e-01
9.687857167393407742e-01
5.916230213962730966e-01
6.662496125227919119e-01
6.757307883768022272e-01
-3.599547942948277957e-01
1.975557854213216835e-01
-7.860169088446378183e-02
3.134523589997427750e-01
-6.967522047691199205e-02
-6.063718908910518124e-01
-4.012335880268442789e-01
1.018177456221052157e-01
-1.274477002569796014e-01
2.768224925832392103e-01
-1.210521186213897593e-01
5.823989043485078287e-02
-3.151715001193919008e+00
8.402257715378957936e-01
-1.769169011838074290e-01
4.273200923457519673e-01
5.965953028471266961e-01
2.689582142804423093e-01
1.737884563040747565e+00
4.107441151563306914e-01
1.127373416309912280e+00
-2.746853388963728104e-01
4.157670295572759578e-01
-3.028714016458542435e-01
1.595196558961562427e-01
-2.564219113265164829e-01
-1.671820172350875655e+00
8.822001686036018420e-02
3.589347768922783732e-01
1.759341325748364770e-01
-1.444739920031703484e-01
8.427760972030047260e-01
2.784583285541262221e-01
1.611531748048879997e-01
4.285153797943652698e-01
1.223270453583857886e-01
1.624102043073819002e-01
-1.984994006667517574e-01
1.213009940553957389e-01
6.491444376608129785e-02
1.931165716738658666e-01
3.029074891511225331e-01
2.144299057528775698e-02
1.710254853329828961e+00
-1.435280172267567877e-01
-6.951542271127375550e-01
1.099651469905488899e+00
-1.675461485798523942e-01
2.737081173277162716e-01
8.200735239493175399e-01
5.185808185026672401e-01
4.617482880898101660e-01
3.485843349683825920e-03
5.640266727156725834e-02
4.166452312472679331e-01
1.729212647611144682e-01
-6.527942323521807033e-01
6.477780405391080354e-01
7.478078552529235923e-01
4.068081198722475200e-01
1.129397243251980987e+00
-6.915572169408059633e-01
3.261251922713765961e-01
6.047826740192780992e-01
-5.612691009781411999e-02
4.670947834851935099e-02
7.467556092799816359e-01
2.408977268705920771e-01
1.361991031697464827e+00
3.031576639050825861e-01
4.723680965155224176e-01
1.114125839847281974e-01
1.052284983761975212e-01
-1.361417129742665821e-01
1.052123453659043473e-01
-6.347948106204714946e-02
3.584945001172830104e-01
1.086160630282559936e-01
9.423861899918741791e-01
-3.896585162776611266e-01
3.981009605236248694e-01
8.360654504474509530e-01
2.620771661431526844e-01
-1.978125049150492032e-01
-4.300684923448256924e-01
1.666460792459335316e+00
-4.570896704012368805e-01
-6.081680812571015338e-01
-1.761409558264471542e+00
3.861024599976206062e-01
5.014821705477561231e-01
3.642367797172696431e-01
1.150268525707847100e-01
1.222574215997922487e-01
9.314017044294220504e-02
-4.820109565563674980e-01
-5.264021879845803831e-02
-3.158005922532058918e-02
3.311487682915779107e-01
1.284417750862462793e+00
7.807733759482404778e-02
3.321894935773408442e-01
3.589477712143058774e-01
1.579494667846018940e-01
-3.172469598801134771e-01
2.719152146988593199e-01
-1.226763108474716368e+00
6.836299896977040547e-01
2.688491034902482646e-01
4.019315445503668371e-01
-1.841979097295507017e+00
8.414984889421379677e-01
5.814631728861739957e-01
-3.376051635185218780e-01
-4.210632081843281860e-01
2.860934290432335381e-01
1.056611999338509245e+00
7.566815233549097908e-01
7.879899320371457072e-02
3.590967309468784396e-01
-7.498571514100071944e-02
-1.191161804325929496e-01
1.405894737232666059e-01
6.669363194119178884e-01
1.273225160840407710e-02
6.923572823291301859e-01
3.774412953019172789e-01
2.799713072389218294e-01
3.815350487469055807e-01
-6.679147395056612702e-01
1.392434486931579674e+00
3.802172213340848650e-01
3.639194861226420219e-01
7.304516090679931128e-01
2.860149518068306751e-01
8.511767609385645361e-01
-9.013086296405448117e-02
1.147218306123809484e-01
2.083598111770195160e+00
5.442727444697537109e-02
5.768401795359190398e-01
1.693994196323300727e-01
5.477385308342075376e-03
1.906018692761715094e-01
5.855371647417044745e-01
6.470601428461952853e-02
9.402025146720838222e-02
-2.528845298873234615e-01
-1.903874242752916501e-01
-3.342027073227344935e-01
-3.681089075429411217e-01
3.247122593716250671e-02
6.942998827567278264e-01
-1.967301589339187640e-02
3.087532458522601608e-02
1.444142675229665551e+00
-1.993130510071802863e+00
1.162473761595796740e+00
-6.835469210639932847e-01
6.858328531322377408e-02
6.262130434710311278e-01
6.798973796265113112e-01
-6.162136732507028647e-02
-1.179991952183561676e-01
-1.099591099587660104e-01
1.010834935106865728e+00
-1.240342930369464636e-01
4.349390135038733174e-01
2.092148400162059385e-01
1.534414622663669681e+00
-1.753883702070653250e-01
-1.853741726037871906e-02
5.606689003576916797e-01
-8.840532421004001495e-01
3.876454556232777904e-02
6.619824848709439102e-01
3.297579598060889072e-01
1.982585888783250372e-01
1.038958188779727454e+00
-9.528227529250399286e-02
3.556262893711964468e-02
5.723905527964590068e-01
-6.091796774822614280e-01
3.034724161657727404e+00
-7.121816941024841086e-01
-4.545043255554779282e-01
-1.458082066874499816e-02
3.389930154904009507e-01
-3.981430411115162160e-01
4.622900235648570999e-01
1.223150989522755250e+00
2.583725390710351344e-01
6.505258165120461067e-01
-3.733968439032125941e-01
9.166392154154554550e-01
3.886577408450941906e-01
6.060574128006535055e-01
-8.400347821989244679e-01
4.440963630597525302e-01
2.411206949467090244e+00
3.221822559013376441e-02
3.953979453638394315e-01
-3.859375976043138978e-02
-1.516410755958292889e-01
1.133960656926058519e-01
1.106025225809320389e+00
-7.808369555749550273e-02
1.015140649688926144e+00
1.332355785019621930e+00
3.991452682675435959e-01
1.310432937755097171e-01
7.354482173196075223e-02
3.145532842140046803e+00
-2.813136925474926109e-01
3.064242991007177785e-01
-2.046620917854518051e-01
2.899460189039659852e-01
-6.074398720343112679e-01
4.488223757006615244e-02
3.646859071445276435e-01
-1.521525427196906144e-01
1.487841989782274221e-01
-1.981464266743464542e-01
4.054214349416276342e-01
-4.043914741223919584e-01
5.412167920299695290e-01
-1.795361759202747987e+00
4.647985998273780339e-01
3.999269092102393230e-01
2.425730409275450583e-02
1.377101465419365844e-01
1.143514237603164174e+00
1.221150747332977460e-01
6.714433369488803649e-02
-1.836990141909383922e+00
-1.410360980932805486e-01
4.997335052909144260e-01
1.998388901277824647e+00
3.122789395439307114e-02
-2.247428856137068109e-02
-3.899380235934870598e-01
2.330870750819324932e-02
2.151780691996107997e-02
3.090495564301058984e-01
-5.241518611827062912e-01
6.426729116360256899e-01
4.043595236547405936e-01
-8.971952826251561319e-01
-2.649258782386030298e-01
7.706427797425430271e-01
2.018694635103560064e-01
1.567854414432188204e+00
1.231785860961672752e+00
4.323668966526570401e-01
-3.207945554187130455e-03
7.710223262667539323e-01
-4.495678405476821737e-02
1.957972118554169860e-01
-1.989608583000501696e-01
1.045417144205830873e+00
4.885283850439599007e-01
2.152459311349581572e-01
1.125744591421357077e-01
1.528353203207890587e-01
4.376348942842938072e-01
9.890010618838137590e-01
1.408538749158241732e+00
-4.947637820520736085e-01
5.210196388834242853e-01
2.409571691378105118e-01
5.752553358764096458e-01
-2.030015832276030885e-01
-2.261487211447743562e-02
3.043247459559913493e-01
2.170938579412335034e+00
-2.124193723429887992e-01
1.130212713113147194e+00
7.752234838986347132e-01
-7.067979496916452220e-01
-1.568718270819381644e+00
-1.542073573495201799e-01
8.888435000972165767e-01
-6.332000843222679309e-01
3.436084198842370707e-01
1.731634492563134398e-01
-2.504371085396769336e-01
1.424267114418555913e+00
6.981684920067721123e-02
7.165118224993114460e-01
-1.052041367553537832e-01
8.118760423764848078e-01
1.913393454549336958e+00
-1.527536961797015813e-02
1.809033351884408169e-01
9.094949651451104122e-01
1.730909434054971330e+00
-2.556899624837646323e-01
-1.401269598173984221e-01
1.710665569178583922e+00
1.955854531680400132e+00
1.204109410983214001e-01
1.058536790068065891e-01
7.400601861786755276e-01
2.551044091022134364e-01
1.135258338850767545e-01
3.822860054002141794e-01
-1.892925117748024133e-01
9.379716863942294536e-02
-1.656160611321229048e-01
-3.692120103310130297e-01
1.182171717218095885e+00
-4.977745969763569533e-02
7.467365294454225699e-02
1.574865127289458933e+00
-6.984616980441745726e-01
-5.275658535035026020e-01
3.869655594039775881e-01
7.062930867588873562e-01
1.223775639513720925e+00
3.066083079830494995e-01
-3.753301099101083782e+00
-7.761675146939084335e-02
6.055695300169749995e-02
-5.138943949877905482e-02
3.631904365845439742e-02
3.402854014512302072e-01
8.790990509045393253e-02
1.291750586445192805e-01
