30 17 0.9271688773102006 1
33 21 0.5181550542899774 1
7 15 0.4518638216531902 1
13 20 0.9153052353049044 1
7 16 0.6606851953374354 1
8 34 0.9313209796314706 1
28 35 0.7602412299959984 1
26 3 0.4518638216531902 1
5 36 0.31961585322723524 1
22 3 1.01126706157734 1
31 36 1.1708409769661445 1
26 25 0.7602412299959984 1
35 13 0.31961585322723524 1
32 34 1.4346625681183898 1
27 3 0.31961585322723524 1
18 18 0.9313209796314706 1
17 20 0.4142809311761813 1
32 22 1.2874184910120066 1
26 31 1.1708409769661445 1
23 9 0.4202676150502109 1
35 8 0.9153052353049044 1
20 13 0.31961585322723524 1
8 28 0.9271688773102006 1
38 33 0.5181550542899774 1
32 5 0.7535492018748609 1
35 0 1.045630193236076 1
29 1 0.9313209796314706 1
17 9 1.4346625681183898 1
1 14 0.9153052353049044 1
14 31 0.4202676150502109 1
0 24 0.7602412299959984 1
19 31 0.9271688773102006 1
37 28 1.4346625681183898 1
7 22 0.6606851953374354 1
0 19 1.01126706157734 1
18 11 0.9271688773102006 1
5 13 1.045630193236076 1
14 29 0.9271688773102006 1
24 0 0.9153052353049044 1
25 37 0.4154391840750011 1
20 3 1.1708409769661445 1
13 14 0.4154391840750011 1
11 16 1.01126706157734 1
12 6 0.31961585322723524 1
32 19 0.7535492018748609 1
26 2 0.4518638216531902 1
20 4 1.4346625681183898 1
26 4 1.2874184910120066 1
19 13 0.6606851953374354 1
20 19 0.7535492018748609 1
38 26 1.01126706157734 1
14 28 0.4518638216531902 1
36 5 0.5181550542899774 1
33 20 0.5181550542899774 1
29 12 0.4154391840750011 1
16 18 0.5181550542899774 1
3 13 0.9153052353049044 1
19 10 1.1708409769661445 1
27 27 0.7602412299959984 1
25 4 0.31961585322723524 1
9 11 0.31961585322723524 1
38 35 1.1708409769661445 1
26 38 0.9313209796314706 1
2 13 0.4518638216531902 1
9 20 0.4518638216531902 1
17 30 0.5181550542899774 1
14 6 0.31961585322723524 1
34 8 0.31961585322723524 1
16 9 0.7602412299959984 1
5 27 0.9153052353049044 1
33 23 1.1200432714506303 1
20 0 0.9153052353049044 1
38 39 0.9313209796314706 1
3 32 0.9153052353049044 1
23 23 0.4154391840750011 1
11 35 0.4518638216531902 1
12 21 1.045630193236076 1
21 2 0.9313209796314706 1
1 10 0.9313209796314706 1
20 33 1.045630193236076 1
16 24 0.9271688773102006 1
17 5 0.9271688773102006 1
16 16 1.1708409769661445 1
16 20 1.4346625681183898 1
29 27 0.5181550542899774 1
9 3 0.4142809311761813 1
28 37 1.2874184910120066 1
24 29 0.9271688773102006 1
26 22 0.4518638216531902 1
22 19 0.7535492018748609 1
5 9 1.4346625681183898 1
4 33 0.4518638216531902 1
33 32 0.31961585322723524 1
38 18 0.4518638216531902 1
22 15 0.4154391840750011 1
9 4 1.01126706157734 1
22 17 1.1708409769661445 1
0 15 0.7602412299959984 1
15 14 0.4202676150502109 1
6 1 1.1200432714506303 1
2 33 0.4202676150502109 1
29 35 0.4202676150502109 1
14 32 0.9271688773102006 1
26 34 1.4346625681183898 1
8 6 0.4142809311761813 1
23 22 0.7535492018748609 1
32 24 0.4154391840750011 1
2 37 0.6606851953374354 1
5 15 0.9313209796314706 1
23 24 0.6606851953374354 1
36 7 0.4154391840750011 1
33 17 1.1708409769661445 1
2 27 1.2874184910120066 1
35 2 1.2874184910120066 1
5 34 1.01126706157734 1
36 8 0.7535492018748609 1
27 10 0.31961585322723524 1
37 10 0.4202676150502109 1
25 15 0.4202676150502109 1
39 32 0.31961585322723524 1
34 28 0.31961585322723524 1
31 12 1.2874184910120066 1
12 12 0.4518638216531902 1
25 20 0.4202676150502109 1
31 2 1.1708409769661445 1
2 32 0.9153052353049044 1
2 39 0.7535492018748609 1
31 14 1.045630193236076 1
23 10 1.045630193236076 1
9 35 0.4202676150502109 1
7 3 0.4518638216531902 1
24 19 0.4142809311761813 1
21 25 1.01126706157734 1
32 12 0.7535492018748609 1
16 14 0.4142809311761813 1
22 24 0.6606851953374354 1
19 11 0.9313209796314706 1
7 32 0.9271688773102006 1
4 7 1.1200432714506303 1
4 3 0.4518638216531902 1
15 8 0.6606851953374354 1
34 15 0.9153052353049044 1
38 28 0.4202676150502109 1
29 13 0.4142809311761813 1
38 37 0.5181550542899774 1
11 33 0.4202676150502109 1
27 31 1.1708409769661445 1
33 25 0.9153052353049044 1
15 19 0.31961585322723524 1
21 35 1.01126706157734 1
33 7 0.4518638216531902 1
20 9 1.4346625681183898 1
15 11 0.5181550542899774 1
18 27 0.9271688773102006 1
22 10 0.7602412299959984 1
25 34 0.5181550542899774 1
15 4 1.2874184910120066 1
33 30 1.045630193236076 1
35 5 0.9271688773102006 1
14 11 0.4142809311761813 1
30 10 1.1200432714506303 1
19 19 1.1708409769661445 1
4 10 0.31961585322723524 1
0 23 0.9271688773102006 1
0 27 0.4142809311761813 1
20 17 0.4142809311761813 1
10 5 0.4142809311761813 1
30 23 0.9313209796314706 1
0 33 1.4346625681183898 1
24 14 0.7602412299959984 1
31 7 1.1708409769661445 1
19 33 0.4202676150502109 1
16 17 0.7602412299959984 1
13 21 0.7602412299959984 1
31 24 0.6606851953374354 1
6 33 0.31961585322723524 1
13 22 1.1200432714506303 1
30 28 0.4154391840750011 1
26 36 0.5181550542899774 1
2 7 0.4142809311761813 1
20 36 0.4202676150502109 1
4 0 0.4142809311761813 1
23 13 0.9313209796314706 1
20 23 0.4518638216531902 1
23 7 0.4154391840750011 1
25 36 0.9313209796314706 1
26 12 0.4518638216531902 1
1 30 0.9313209796314706 1
6 8 0.9153052353049044 1
7 5 1.1708409769661445 1
37 35 0.6606851953374354 1
5 11 0.4142809311761813 1
3 17 0.7602412299959984 1
18 20 0.9153052353049044 1
36 33 0.5181550542899774 1
13 6 0.4142809311761813 1
7 17 0.9313209796314706 1
10 18 0.4518638216531902 1
13 0 0.9313209796314706 1
13 2 1.1200432714506303 1
9 31 0.31961585322723524 1
22 11 0.7602412299959984 1
27 35 0.5181550542899774 1
1 33 0.4202676150502109 1
4 39 0.4142809311761813 1
37 37 0.9271688773102006 1
14 8 0.6606851953374354 1
8 20 1.4346625681183898 1
36 35 0.7602412299959984 1
33 39 0.9153052353049044 1
5 39 0.4142809311761813 1
27 39 0.6606851953374354 1
30 26 0.4202676150502109 1
21 19 1.01126706157734 1
39 31 0.31961585322723524 1
33 1 0.9153052353049044 1
20 20 0.9313209796314706 1
0 4 0.9153052353049044 1
39 27 1.2874184910120066 1
35 31 0.6606851953374354 1
27 33 0.9271688773102006 1
36 24 0.4154391840750011 1
4 19 1.2874184910120066 1
19 18 0.7602412299959984 1
29 0 0.4202676150502109 1
8 10 1.2874184910120066 1
8 13 0.9153052353049044 1
1 5 0.9153052353049044 1
9 21 1.01126706157734 1
2 38 0.6606851953374354 1
6 15 0.6606851953374354 1
23 31 0.9153052353049044 1
38 0 1.045630193236076 1
8 21 0.31961585322723524 1
7 33 0.31961585322723524 1
13 11 0.4202676150502109 1
13 29 0.4154391840750011 1
7 10 0.5181550542899774 1
32 20 1.045630193236076 1
18 25 1.2874184910120066 1
30 13 1.1200432714506303 1
27 11 1.4346625681183898 1
7 12 0.9313209796314706 1
17 11 1.4346625681183898 1
1 28 0.5181550542899774 1
13 37 0.6606851953374354 1
24 31 0.4518638216531902 1
39 26 0.4202676150502109 1
30 18 0.5181550542899774 1
11 29 0.4202676150502109 1
