1,-341.0762217571417,0.0026453703348022378
2,-161.00718165994013,0.010077414207722166
3,-90.32269825621755,0.04117272440656179
4,-59.08057830481048,0.13939880972562965
5,-40.67168523700218,0.21023979258367714
6,-29.7534892060335,0.22172831348947608
7,-21.31082236178021,0.2679038438690205
8,-15.600006705846937,0.3406065504836715
9,-11.59947028126658,0.38402028289404894
10,-8.624000948941625,0.4363532869561584
11,-6.3115261921667205,0.47349557789195507
12,-4.54427458563811,0.5479934979381393
13,-3.316654603082802,0.584811912876236
14,-2.38667448682332,0.6121855479513705
15,-1.5920921568637691,0.6535960545263202
16,-1.005858346416428,0.7087122644796174
17,-0.5788936359472907,0.7391707408484116
18,-0.21430777357531627,0.7555816075420729
19,0.07413711091298392,0.7876627140906339
20,0.27104272907597327,0.8078137230255591
21,0.437180764173991,0.8276543933849838
22,0.5547025962932568,0.8477148881994341
23,0.6442241516592558,0.8693087356889055
24,0.7108275130070474,0.880746153761288
25,0.7680882354779375,0.9006718277644183
26,0.8203315158757183,0.911973994948031
27,0.8649916432237932,0.9284697445066568
28,0.8956408927407761,0.9384796280935475
29,0.918203001913969,0.9492203791804716
30,0.9389871859323954,0.9575310648023978
31,0.9513237200156632,0.9626434955954822
32,0.9591620045275773,0.968428525939856
33,0.9662499424356763,0.9709858316797186
34,0.9712994801394649,0.9754462021318963
35,0.9759867545894793,0.9782563832067992
36,0.9794289553520051,0.981368252789175
37,0.9823750313497325,0.9836540498022499
38,0.9847350909465866,0.9854971665385102
39,0.9867551928810551,0.9874779559601327
40,0.9886507898000497,0.9892188568268564
41,0.9903170347591321,0.9907271488240141
42,0.9916694195041805,0.9920260237182192
43,0.99263574966317,0.9929533547038292
44,0.9934178395133384,0.9936847047078886
45,0.9940058988777419,0.9942177456534413
46,0.9945384172020972,0.994723414207127
47,0.9950322994510163,0.9951833428025767
48,0.9954642596087044,0.9955926024193527
49,0.995883399939391,0.9959718248403164
50,0.9962801968460181,0.9963394600808287
