1,0.0008023272200089564
2,0.004427065411222054
3,0.010421380213204582
4,0.022480955716047957
5,0.040320467644579736
6,0.04951574432915336
7,0.07846526687858593
8,0.0886506775758801
9,0.09480028142457528
10,0.16226904964582453
11,0.18088189328715693
12,0.18466005929897844
13,0.217144109050582
14,0.2899949515215524
15,0.3086546471096637
16,0.3353835389496032
17,0.36105453281524286
18,0.38451734739943555
19,0.40646167306453607
20,0.419905146267236
21,0.47247739635379843
22,0.48310423915213374
23,0.49328756318907613
24,0.504032582734397
25,0.5267343008378882
26,0.5522994119088549
27,0.5589576419199319
28,0.5851584252389213
29,0.6273014847892611
30,0.6602433249464569
31,0.6859289994835703
32,0.7293447839984661
33,0.7362233271340773
34,0.750288217885003
35,0.7969290401034606
36,0.8183580718072775
37,0.852484273993142
38,0.8548907878540803
39,0.8573902488307026
40,0.8586983272373651
41,0.8630099996453331
42,0.8831016914110214
43,0.8836295150124411
44,0.8851250749440377
45,0.8864867721798444
46,0.9011611556172889
47,0.9012814181295811
48,0.9084908128636445
49,0.9085115364737213
50,0.9182625071969723
51,0.92014406179049
52,0.9288421223566892
53,0.9289019857877798
54,0.9388611925504492
55,0.9413789442697892
56,0.9510648673041235
57,0.9522052099795094
58,0.9528370445363652
59,0.9535408847554508
60,0.9540758075706819
61,0.9542787832439434
62,0.9572561724607755
63,0.9576047997609526
64,0.9579956247058268
65,0.9580017208325818
66,0.9602676454555745
67,0.9612974530317249
68,0.9613184785201495
69,0.9616582724183281
70,0.9693314512453892
71,0.9712152091809014
72,0.971316587029714
73,0.9773387051111071
74,0.9777501241164872
75,0.9778513416339212
76,0.9778735762486827
77,0.9782828209245249
78,0.9792854294817579
79,0.9793638744784298
80,0.9794918279472331
81,0.9794918925236796
82,0.9820526828553061
83,0.9820844967438325
84,0.982102062810526
85,0.9840310913358682
86,0.9848482079539249
87,0.9850107332302318
88,0.9850136013456183
89,0.9858579762801554
90,0.9859191895707378
91,0.9871816570835761
92,0.9874151377274765
93,0.9874172454255277
94,0.9875733900236657
95,0.9875842074217593
96,0.9875856238886825
97,0.9876236500922716
98,0.9876347418861177
99,0.9890144473327891
100,0.9895297902598648
