1,0.007990471650409338
2,0.03114104009547986
3,0.06680940165075105
4,0.1386527443262786
5,0.20123020955192594
6,0.2594522457509076
7,0.33650689936569816
8,0.40457460615501795
9,0.4577354161378768
10,0.5108156531449257
11,0.5596156178343945
12,0.5993390952744031
13,0.636548351164784
14,0.6698049832089195
15,0.7007845707666003
16,0.7307359918025028
17,0.7574372501522155
18,0.7803868442765949
19,0.8003305648266007
20,0.8189998576143688
21,0.8372223982546543
22,0.8556682054921325
23,0.8714264398592321
24,0.8864343524481643
25,0.9001739780268748
26,0.9127501450110993
27,0.9226213916725265
28,0.9315250410600862
29,0.940171546897606
30,0.9476520786826725
31,0.954461615050756
32,0.9601795424944004
33,0.965817290715151
34,0.9707234366439267
35,0.9748430871131566
36,0.9786319372796076
37,0.9815352543885209
38,0.984414007499881
39,0.9870841288588079
40,0.9892945442282393
41,0.9906079128856531
42,0.991620923620423
43,0.9925269582762952
44,0.9933314596414604
45,0.9939979731294908
46,0.9945523696091623
47,0.9950469145420039
48,0.9954975622143627
49,0.9959390917674994
50,0.9963210686376582
