-1.377687406100192469e+00
1.180777514639007875e-01
1.589634164862158805e+00
3.802634501983428450e-01
8.648056438609095231e-01
-1.089612877179009232e-01
1.666471842179875207e+00
-1.031817611761209896e+00
1.462543023550395116e+00
5.537320570892596550e-01
5.715510576249454022e-01
1.950475701521114935e+00
2.295379251231908502e-01
1.393628109108948188e+00
-1.154893404542052693e+00
-9.539915484299386073e-01
1.886610093911974761e+00
1.758629124430024504e-01
1.168785113528969299e+00
4.680006450069484902e-01
6.580044874822017498e-01
1.056120043725906843e+00
1.117955771098454454e+00
7.674541696434231675e-01
4.756878910317845488e-01
-4.272069345633515702e-01
2.086900517626024687e-01
-9.518585083675654701e-01
-1.769169011838074290e-01
1.584319845615222100e+00
1.974102955484535737e-02
1.626873570891980147e+00
6.635240081327169470e-01
1.318791217943941829e+00
1.947328033780503453e+00
-3.349876328385839930e+00
1.655968501648572122e+00
1.051032190038821312e+00
7.737989346767828458e-01
-1.499166924532797651e-01
3.281798276491243449e-01
6.624279019170979943e-01
-4.246128022682842396e-01
2.447566755355368606e+00
-8.898489537798821569e-01
-4.039064310012296932e-02
1.508393220441192284e+00
9.378480335388201805e-01
6.461823348562869551e-01
-9.890833759012895854e-02
-1.689299986661668029e+00
6.746236664448063136e-01
2.265731320067452259e-01
1.404101787452303185e+00
-1.769801135108201251e+00
-1.160209131344589473e-01
-4.629888870849622196e-01
7.121838307210928143e-01
1.804349489339763579e+00
9.535140682213683050e-01
1.558771324723737584e+00
3.889058065858947977e-01
8.027227811270547519e-01
9.610774596084277199e-01
-1.080559343751960721e+00
7.046689406673505296e-01
1.396262107840585021e+00
4.832473931283018942e-01
5.733342926319296984e-01
1.389867154562000495e+00
-6.345448383595209130e-02
1.686119346262783703e+00
-1.248041521600745218e+00
1.508198566624687764e-01
3.159208101099339139e+00
-3.008688398247807427e-01
1.182265581628292539e+00
1.010236060283659754e+00
-1.996514156650316174e+00
1.432526259711571992e+00
1.864885398717577081e+00
9.811336164737303189e-01
2.906055933409827929e-01
5.337526000546346516e-01
8.252323423083398612e-01
4.068081198722475200e-01
7.856498028161995606e-02
3.768259306802528297e+00
-1.822851010126242510e+00
4.271543278602260019e-01
-3.123652045378815245e-01
1.195554895705898568e+00
1.631712644741807328e-01
1.153407719517088426e+00
1.359081773924721404e+00
-5.964653052797934396e-02
-2.897102115794627508e+00
2.688908753511627392e+00
-1.678395204949982844e+00
4.955514811063356229e-01
-1.221214155245213817e+00
2.134106787998268473e+00
1.037366179504805697e+00
1.650460684600412176e+00
4.093685479972494212e-01
1.952365443832777991e+00
8.280925099201894568e-01
-1.506285090142554406e+00
8.848834137771253161e-01
-4.518620187469446492e-02
4.585683840689491753e-01
4.044224951277024527e-01
1.449844791069752503e+00
1.367009602891444686e+00
2.305260819587471310e+00
7.586077910596649154e-01
1.907151317646824662e-01
1.333577293873617231e+00
6.247407176090125080e-01
8.537355115090039526e-01
9.838027055180047498e-01
1.411360327326328878e+00
1.776654767571134608e+00
1.099348257751549429e+00
-9.360944088510918526e-01
-7.363276720644429396e-01
-2.745301351413218960e+00
3.308924056594642060e-01
-8.103420959474219032e-01
9.811442746387026848e-01
2.385904417355284579e-01
9.768979462678433201e-01
1.063762543421213014e+00
7.880481044465796892e-01
1.263067487692178137e+00
1.390314337915081744e-01
8.693609899351151249e-01
3.916408717489439084e-01
5.464219334870668021e-02
1.117586189316511991e+00
4.820349274613153767e-01
7.967318312476350251e-01
-2.982553661606832662e-01
7.350633355223123999e-04
-6.320508990589925880e-01
2.601427734814897308e-01
8.577680512856115103e-01
1.369176694422916896e+00
1.086776186178838755e+00
3.874930842628553362e-01
7.918251808014167281e-01
1.959486505490620090e+00
2.216156975286807107e+00
-1.618254067077876224e+00
7.732368915252836317e-01
1.580209027044929826e-01
8.496487983408153033e-01
9.355702488081893975e-01
-3.463201642356621979e-01
1.354467771104678420e+00
2.180123987269481312e+00
1.899068445701483698e+00
-6.457221939809776323e-01
8.765024870711435323e-01
1.083324180195269548e+00
1.991438469342744932e+00
2.386128357129901900e-02
-2.848483795107882299e-01
1.201974049803010480e+00
2.430311432425503515e+00
9.847962588300234188e-01
1.274940546667114649e+00
1.291496692798918655e+00
1.206545786324721981e+00
1.376352452907886548e+00
1.273225160840407710e-02
1.141788971767000671e+00
1.406960827261221514e+00
5.098413393301661767e-01
9.582512255946840085e-01
3.774412953019172789e-01
-7.450166281068102414e-01
9.339629745494231194e-01
-1.618464951253094419e+00
9.606902100440923853e-01
6.153348262076352437e-01
3.802172213340848650e-01
-2.917626769968872935e-01
1.103343646426559799e+00
-3.488521496278842449e+00
-7.590676968702694261e-01
1.448288106778316209e+00
8.777349038869974862e-01
1.236296204550784150e+00
7.685827921862893319e-01
1.274799784787872481e+00
-1.050548956275217938e+00
-4.982495855037250010e-02
-6.597979193327918601e-01
-1.832837519269091331e+00
5.477385308342075376e-03
1.880715529423099053e+00
1.517631747138699971e+00
-6.056849622316775594e-01
6.174206497497332080e-01
-1.866799982118823031e-01
1.014750972055333822e+00
-5.614743603055791787e-01
3.005389934962190424e-01
2.055768880272914600e-01
3.164716994704795949e-01
1.604467637444221939e+00
9.569709955911052113e-01
1.221490618328519240e+00
2.217057045079480204e-01
-1.771922137613949344e+00
2.168265092215690970e-01
6.408010547525067047e-01
-2.894544429635268479e-01
9.949065462716175645e-01
-6.835469210639932847e-01
2.144671643725192034e+00
-1.030947923622818951e+00
-7.766372641253216358e-02
1.472263208897134357e+00
6.262130434710311278e-01
3.659753216104614237e-01
5.131675510182498456e-01
-6.904928604974713835e-03
1.881117595021644107e-01
4.608359892776758837e-02
2.044562080045802865e+00
2.928459690947171623e-01
3.306784131242493707e+00
3.638550630416166332e-01
6.499320750667227919e-01
1.072378859865735778e+00
6.258823509943580721e-01
8.853064409832658299e-01
5.102967718262472196e-01
8.342889312417745007e-01
7.442317920358907379e-01
-8.110105293836387119e-01
1.401806893134559751e+00
1.718119893677285681e-01
1.004704913707704872e+00
1.497166226070504091e+00
1.892362859012742149e+00
7.405367075532169885e-01
1.382591620793051090e+00
-8.588529350155580389e-01
1.476591332386270050e+00
1.055852773473165529e+00
-7.121816941024841086e-01
-5.299868773798452892e-01
1.782771018226713133e+00
3.726797425142291398e-01
1.146683420410277154e+00
8.001774998809383366e-01
6.309442533489439953e-01
1.548171319295347903e+00
2.897612454836240303e-01
1.215598143929649932e+00
-5.419366864165864328e-02
1.178611099283435770e+00
7.148376845945292324e-01
1.077391826837316158e+00
4.577260598257981705e-02
1.164334278815948531e+00
-4.843350338370560060e-01
-8.938002967667113552e-02
5.109785655864098608e-01
1.385456984428952598e+00
1.638879285100540262e+00
4.691126393197571076e-01
4.475515838511423539e-02
-5.658936947709801712e-01
-8.400347821989244679e-01
-4.911298959190180113e-02
1.365297396002346897e+00
1.431343988867657124e+00
8.007307294215432192e-01
6.991849609454536818e-02
1.913362435096532810e-01
1.545827021424178938e+00
1.037379204239975650e+00
2.378528879729120860e+00
3.946291129457882851e-01
1.476053303105288261e+00
6.730502222834473525e-01
4.299286705446008217e-01
1.162645189420062675e+00
-3.824155673570980296e-01
5.617325771836609860e-01
-1.212513348411141667e+00
-2.813136925474926109e-01
-5.289319823151141797e-01
2.522830051775455384e+00
1.452812789881541278e-02
3.646859071445276435e-01
1.253949762009662017e+00
-6.069084377646505324e-01
-1.268015439533094035e+00
-7.491066076600139123e-01
-7.988723600426266280e-01
4.532669883773216002e-01
-4.249803302217667333e-01
4.054214349416276342e-01
4.702638791814250929e-01
1.869731020899778828e+00
2.046382407972520134e-01
6.035346209984915333e-02
1.322074969788603394e+00
-2.703015205830424428e+00
4.417409493522777009e-01
-1.002163801542682808e+00
1.682683765321091318e-01
3.826425573208925845e-01
1.377101465419365844e-01
6.746393586291022926e-01
5.814704222742714812e-01
9.210813854095085684e-01
2.832021772871389231e-01
-5.690688414956146524e-01
3.267022398297094732e-01
1.293296718818450763e-01
9.859680931831038553e-02
2.911771955399061751e-01
1.078222165931613574e+00
-1.932855666305111964e+00
-1.159622528686490295e+00
-1.314802082132391803e+00
-1.500266494709085574e+00
1.271981757648088518e+00
1.633589567681744459e+00
1.335501091542085073e+00
6.323203817961751128e-01
3.157636649189168310e-01
-6.007090316539764885e-02
8.541665519182595201e-01
1.249408957147080779e+00
5.230806637483258470e-01
-5.578947788812813613e-01
1.063245796687696032e+00
8.927580812443696168e-01
-4.321455855678117963e-01
1.712369014294883751e+00
2.932146736678327148e+00
5.002730475759267215e-01
2.839160634723776333e-01
-6.803651628080067404e-01
1.288560361390337139e+00
4.584083549398387802e-01
-3.639205467698451990e-01
-2.507231237091267495e-01
1.416756904157288499e+00
1.342158604713172387e+00
-1.090879518211117727e+00
5.880835257486590750e-01
-1.258759946438921862e+00
-1.511471614956040099e+00
1.911665236479014984e+00
8.702954153848296848e-01
-1.847164679679210941e+00
-6.572749378184639113e-01
4.810027258623188473e-01
1.480141439876692777e+00
1.486510522305696469e+00
7.104494494918087710e-01
1.260732718963365695e+00
1.601608132313439015e+00
1.131914279069532903e+00
3.446662609091482032e-01
1.688243898856272018e+00
8.465025122921356893e-01
4.968435043016887209e-01
3.932653980859535103e-01
-3.057118359007895414e-01
-2.122379027839365051e-01
1.094872528463368688e-01
1.953222447431221198e+00
7.861945020191962730e-02
5.126058740726814333e-01
-3.975575198247301989e-01
1.293202050308354778e+00
4.312817291806183562e-01
-3.477553305176646070e-01
3.123127212589182911e-01
1.303958983397533355e+00
5.157685787954751078e-01
1.755921994308495826e+00
1.498709806836497904e-01
1.313412943528931898e+00
5.100689385875862847e-01
2.187243086135150616e+00
9.941353069002516474e-01
1.086134008376663296e+00
2.704446441942391921e-01
1.340732321451710618e+00
5.518535340829071600e-01
2.949304515105241054e-01
1.249377987511252508e+00
1.986952804901449543e+00
9.526764676950527644e-01
-2.167888036418384790e+00
-1.163890130724443139e-01
1.199787018434755437e+00
7.627909235756106243e-01
1.338815720261090636e+00
1.710665569178583922e+00
-3.183237223787556136e-01
2.437536041202573944e+00
1.561398700675602047e+00
-9.738831713588256278e-01
3.672482630515333746e+00
2.677170910839237195e-01
9.112568919007825174e-01
6.845878737285919780e-01
5.608533058289544293e-01
2.112019120930836991e-01
8.614148248381026107e-02
3.871274440574929088e+00
5.759283965480376244e-01
7.432719263845761759e-01
1.303163264408269573e+00
1.144223302835028822e+00
3.175179166505164297e-01
1.032306478628507662e+00
1.186274512016295191e+00
-9.463944904107846057e-02
6.649587336209218380e-01
1.606323953672048610e+00
-8.461873690720977947e-01
6.778898327781984756e-01
-1.572237846436193021e-01
9.520599712175843443e-01
5.055664283822531857e-01
3.285418897329153154e+00
-1.864348584616484228e+00
1.070400146088656079e+00
3.900698692108077736e-01
7.339052441626225942e-01
1.486660589192694948e+00
1.414420670987645234e+00
3.243700427048586410e-01
-2.943737544892057745e+00
