6.223125938998075313e-01
-3.306036815686950181e-01
1.928830438800268610e-01
6.346644170359888593e-01
2.148002967150350884e-01
2.810650392915459150e-01
1.758629124430024504e-01
2.086900517626024687e-01
4.986344378043570114e-01
3.488492571707717538e-01
4.395001638882524153e-01
5.526350053858790634e-01
-3.729285004936873094e-01
1.070802481200331169e+00
1.365960259671577415e+00
1.052366800193015317e-01
6.737780488636446741e-02
8.192257377372134108e-01
3.126894912816398087e-01
7.121838307210928143e-01
6.943306621028484393e-01
-3.877564083712294885e-01
1.355759849386649396e+00
2.701226130536484860e-01
1.771040052576206669e+00
1.508198566624687764e-01
1.815887701952112465e-01
4.653849290952798978e-01
8.149342209123522363e-01
9.246078540914137722e-01
8.556512025080613704e-01
1.638368881586768078e+00
-2.082183435142411776e-01
7.252427923165039036e-01
4.365800669246656662e-01
-1.696842336094917414e+00
5.424632416846768557e-01
5.594762969533495500e-01
2.856879695061516067e-01
6.462700984789828684e-01
2.785459871854623071e-02
2.084802175267230773e-01
3.987666827787919033e-01
-8.103420959474219032e-01
7.558610816132389498e-01
1.390314337915081744e-01
1.469141365810286981e-01
5.696178967479776922e-01
1.644605009602797319e+00
9.672621400593574004e-01
-7.468466282043322302e-01
8.012084106369963266e-01
7.127494293620559862e-01
1.580209027044929826e-01
1.322940232990619469e+00
3.568552460680983196e-01
9.009558119070910642e-01
1.019749731596464315e-01
2.850080654683770920e-01
5.984798342588955045e-01
3.036418833835707876e-01
1.418796163436321978e+00
1.189091266345410070e+00
3.205605741185113544e-01
1.671624807309086691e-01
8.116668352499089023e-01
4.196398098849041247e-01
3.005389934962190424e-01
2.055768880272914600e-01
2.583093627293668870e-01
5.997941639782902179e-01
6.408010547525067047e-01
1.690159886203999262e+00
3.168399193662564395e-01
2.928459690947171623e-01
6.262130434710311278e-01
3.400897044383957013e-01
5.226935234560343702e-01
1.269291959923823931e-01
7.237574967587390162e-01
3.295386059636555842e-01
5.959383361789449829e-02
1.548171319295347903e+00
1.476591332386270050e+00
1.706682644152829331e-02
3.227621726222671406e-01
6.438748605039309458e-01
2.963042829279085577e-01
-2.428449433845240590e-01
1.760190834871027121e-01
9.821733341890767077e-01
4.898854736978861535e-01
6.640201456592849105e-01
9.430656650570811150e-01
7.359241158487315193e-01
5.199530419642733881e-01
5.917225013803847355e-01
6.501852690605187668e-01
7.319845604669059647e-01
1.697889020004373362e-01
-1.906560231492800128e-01
2.958258237530064783e-02
1.617600394404884234e+00
9.978361984573171917e-01
2.534609597404871018e-01
1.346823537065493959e+00
6.714433369488803649e-02
1.630098580906160777e-01
1.522479571828999623e-01
3.945275806186088197e-01
2.581105883060894612e-01
5.475837803196992315e-01
5.755390782783578185e-01
4.721330654285054163e-01
8.903708200050270971e-01
7.549030727460903645e-01
4.935439817834921250e-01
1.391614912178043895e+00
-1.511471614956040099e+00
1.640573956454118187e+00
1.369277693968402598e+00
7.812086956396083748e-01
-1.987091640436509099e-01
-7.263014428100400544e-03
7.454693440200201859e-01
-2.953688304376123064e-02
1.180083224230627614e+00
2.095411170583436622e-01
8.790985792196186477e-01
3.718012875830085107e-01
5.518535340829071600e-01
-2.167888036418384790e+00
3.432316362420785305e-01
1.200388153063894903e+00
-3.275173694846662542e-01
-1.541718184552778315e-01
4.466267372020001902e-01
6.278704858507314635e-01
1.367300817270699631e-01
-5.394034844935173822e-01
1.853165456417031898e-01
4.140683357872991799e-01
1.439139810633332406e+00
3.823189788859708838e-01
9.123039341326378837e-01
5.159971073421999455e-01
6.156037173504524951e-01
