6.223125938998075313e-01
-1.249640401685995217e-01
1.286642864712873369e+00
-1.408739633883091535e-01
1.020411254131516898e+00
7.794190946060927105e-01
1.716111451553792300e-01
9.449015240935438875e-01
2.465731413256382787e+00
1.748750205686717019e+00
1.758629124430024504e-01
9.736229882300281302e-01
2.029187134216021704e+00
6.580044874822017498e-01
-2.039497580167071167e-01
6.365982276185426780e-01
7.565496374780557032e-01
1.467870083400251158e+00
1.096252817531982560e+00
-6.372617241244618036e-01
5.745642039711047477e-01
1.500796239434822654e+00
1.656171593218300764e+00
3.871826405387804870e-01
-2.660603827183596337e-01
1.394452721361239211e+00
2.436815374649343724e-01
8.192257377372134108e-01
2.301988648917987490e-01
-1.676454894636458803e-01
6.521574548870663346e-01
7.121838307210928143e-01
9.809167159328900931e-01
-2.449954850902091863e-02
1.681134464271586193e+00
-2.806514739722054674e-01
1.665240749058903624e+00
6.801108876877333120e-01
1.169371572022916972e+00
2.164294760087739911e-01
-1.752328112698515739e-01
1.508198566624687764e-01
6.938227003006529614e-01
1.180732308513568363e+00
7.373086700695244966e-01
1.965666490237409914e+00
1.077033674964036347e+00
1.747373865277821681e+00
-2.127204895602281542e-01
2.824498228791816778e+00
3.824492421853347146e-01
1.268953435323140200e+00
7.987972389268683804e-01
2.190481785960725514e+00
4.521785238225660697e-01
-1.696842336094917414e+00
1.213162086741407020e+00
5.998273805415021975e-01
7.257834328566441506e-01
4.956041416632748220e-01
2.840171934536539489e-01
9.477313301518353050e-01
2.247890194669074582e+00
7.265039601142539993e-01
1.236302626372702163e+00
6.026553544402792895e-01
1.543556632280757013e+00
-2.538408101505047476e-01
-8.103420959474219032e-01
7.599132951144689230e-01
2.385904417355284579e-01
1.060199026839889536e+00
1.390314337915081744e-01
2.828839023036286981e-01
7.789877664423876524e-01
5.464219334870668021e-02
-6.320508990589925880e-01
1.865886604549469308e+00
1.359981670934871545e+00
7.261564322735515331e-01
3.619370802004153731e-01
3.321894935773408442e-01
1.690443634431384456e-01
7.732368915252836317e-01
1.580209027044929826e-01
7.257747173871642588e-02
9.355702488081893975e-01
-6.457221939809776323e-01
4.895929372775883470e-01
8.094931300239138761e-01
1.433484626277993224e+00
1.274940546667114649e+00
1.077906811494725892e+00
1.108797922562898997e+00
8.680873564814799437e-01
3.774412953019172789e-01
8.372265403070542344e-01
5.898665607922763954e-01
-1.618464951253094419e+00
9.606902100440923853e-01
9.556581116033439072e-01
3.489798480758938837e-01
7.246401102356674340e-01
-6.232033885075741186e-02
4.927520449795719237e-01
1.671624807309086691e-01
1.044996799869918114e+00
5.477385308342075376e-03
1.363985754612965007e+00
3.005389934962190424e-01
2.055768880272914600e-01
4.302666238056827019e-01
1.995614816098100208e-01
8.428758644507450271e-01
6.408010547525067047e-01
1.930102291193865671e+00
-4.676169949184096897e-01
9.229154516207787040e-01
1.183352392136746367e+00
2.928459690947171623e-01
6.262130434710311278e-01
2.637025083952634352e-01
5.131675510182498456e-01
3.414268911289202180e-01
1.188989470616361288e+00
1.407046624797279044e-01
1.184110606035885915e+00
1.772970851425157424e+00
8.479713232846242121e-01
-1.830313275584560806e-01
1.188214378410059613e-01
1.144538779573142984e+00
7.658356718424125242e-01
1.548171319295347903e+00
1.476591332386270050e+00
5.701652431666517362e-01
4.240883150070976493e-01
-5.299868773798452892e-01
5.306567963558372902e-01
8.046443766616743209e-01
-9.930603334562615458e-01
1.161657303819784159e+00
5.536772565011633951e-01
-8.375824270822431750e-01
6.877176320098197237e-01
2.712837077444505418e-01
1.228147755629630744e+00
-6.142726527911319678e-01
1.077408444315220315e+00
1.232666834468746586e+00
1.189247600922677783e+00
1.264542906186932214e+00
1.168731099937249773e+00
9.340751170573904361e-01
7.478130479953317700e-01
3.991452682675435959e-01
3.363521333119858792e-01
1.463480942086030412e+00
7.319845604669059647e-01
1.476071477805436238e+00
4.980089751302005929e-01
3.071229460386312726e-01
3.498548386205431182e-01
6.266951790656976051e-01
4.054214349416276342e-01
-1.759813992056520338e-01
1.805221577424711121e+00
-6.588628191171030934e-02
-9.892269176384163032e-01
5.398195041999604982e-01
2.505797807585885550e-02
7.367498436293785646e-01
6.714433369488803649e-02
1.630098580906160777e-01
3.267022398297094732e-01
8.403774713135097052e-01
1.023077822513094537e+00
1.633589567681744459e+00
5.233484076099067517e-01
6.323203817961751128e-01
-1.338201154304359264e+00
7.511003127788358213e-01
6.308115258767161837e-01
5.571731136639535009e-01
-2.649258782386030298e-01
1.208548353214694338e+00
1.112870196029494885e+00
2.205559907526085439e+00
9.206423202437163944e-01
1.793616957278643120e-01
2.165573162451754463e+00
-1.511471614956040099e+00
1.692391460810708015e+00
1.313835378677679078e+00
9.179928990035168823e-03
1.021166135861562907e+00
1.616112725226422020e+00
3.446662609091482032e-01
1.656825507370069506e+00
3.246867752270407026e-01
1.414892407845183664e+00
1.359751604373058864e+00
4.300367703056934277e-01
-3.958756882723516446e-01
2.666222896038510370e-01
8.047335525084933217e-01
1.277611597596243875e+00
1.810222394867616602e-02
1.244288600080339924e+00
4.811323692142825403e-01
5.518535340829071600e-01
2.667260806684461638e-01
1.101272490614948030e+00
-2.167888036418384790e+00
8.786353207094016460e-01
1.644764741763517835e+00
2.507443031145393242e-01
1.471009640165350074e+00
4.469276941900477418e-01
-6.271004094680403540e-01
1.294238053855287340e+00
5.608533058289544293e-01
1.433152707014607063e+00
5.653760986499773988e-01
1.028341771107825764e-01
8.473725754631941109e-01
9.948721578700245871e-01
1.139273081767506302e+00
5.098087604057562894e-01
7.117787055301387777e-01
-6.267431022208658220e-01
2.466989008989162180e-01
1.261657923637179879e+00
8.462963840235950830e-01
1.333565775766007100e+00
8.392763893766990169e-01
-4.641595610061601818e-01
