1.312213258635392066e+00
4.407785120305600657e-01
1.169820164487533454e+00
2.380263450198342845e+00
8.648056438609095231e-01
-3.377687406100192469e+00
9.681823882387901037e-01
9.312578694784900968e-01
5.278333721622978647e-01
9.449015240935438875e-01
1.156475698035084099e+00
9.452185966292246944e-01
-8.565035172398198782e-01
1.135536437086738459e+00
1.758629124430024504e-01
1.093404347750141614e+00
2.429040017743051116e+00
6.580044874822017498e-01
1.056120043725906843e+00
9.285877846153660631e-01
-2.123424619583047512e-01
1.095976609801732726e+00
-1.769169011838074290e-01
-1.140399532908316971e+00
1.236725804864097666e+00
-2.034979471971758436e-01
1.250080548940097902e+00
1.947328033780503453e+00
6.818062406809756171e-01
1.765450837620457847e+00
1.972745299295779020e+00
5.701698441825379104e-01
-2.660603827183596337e-01
-2.712531812306374635e-01
3.281798276491243449e-01
1.453092721937217391e+00
1.032852042957082439e+00
3.174829911169041452e-01
-1.769801135108201251e+00
-1.258783174464399579e-01
-1.689299986661668029e+00
2.323701994450398267e+00
8.266396649533480634e-01
7.121838307210928143e-01
1.405865097301433941e+00
-6.498634064944130984e-02
1.848020512719979580e+00
2.265759779741404190e-01
3.280239741616007287e-01
5.970005074951219015e-01
2.463539682733451031e-02
1.242856091405207142e+00
3.988762575131505894e-01
4.695207377382715208e-01
-6.009925642258284739e-02
1.508198566624687764e-01
2.962495833932195843e+00
1.180732308513568363e+00
8.654127766304471336e-01
1.010236060283659754e+00
-1.996514156650316174e+00
8.126279244051108908e-01
6.679992991382114331e-01
2.099463804581557014e+00
5.337526000546346516e-01
-1.711494299060149771e-02
4.068081198722475200e-01
3.189044156858165113e+00
2.723585716502497922e-01
1.372001005604550627e+00
1.006104608014307011e+00
1.284536628751535847e-01
7.846624602092862055e-01
-1.715556218700458491e+00
2.190481785960725514e+00
4.569616176092153870e-01
-1.696842336094917414e+00
1.222242516898569331e+00
1.498275633067387203e+00
3.217174984110074965e-01
7.142871806660378020e-01
-1.048075204247224113e-01
7.441870775279388894e-01
2.627106056716563831e-01
1.001914139856062258e+00
8.245862380746520337e-01
1.101104961244767866e+00
2.472348004741693472e+00
6.912875551741621827e-01
2.011018418056016444e-01
8.364898460582901318e-01
1.411360327326328878e+00
-7.363276720644429396e-01
-2.542425857680004064e-01
-8.103420959474219032e-01
8.311858363631980939e-01
2.385904417355284579e-01
1.087062295900986131e+00
-3.517012437698494587e-01
1.063762543421213014e+00
1.390314337915081744e-01
-4.661877516856449688e-02
8.655976415595540985e-01
5.464219334870668021e-02
6.134826500656735959e-01
4.820349274613153767e-01
-6.320508990589925880e-01
6.607942069078459602e-02
3.321894935773408442e-01
7.433823889370937410e-01
3.619370802004153731e-01
1.369176694422916896e+00
6.234102052408669881e-01
-1.087978961707447345e+00
2.263417315501840554e-01
7.732368915252836317e-01
1.580209027044929826e-01
6.170566495854323819e-02
9.355702488081893975e-01
-3.594140524652387758e-01
7.081470502265017064e-01
1.274940546667114649e+00
-6.457221939809776323e-01
5.934707915912321718e-01
1.218793880871229529e+00
1.788059120137734714e+00
-1.925147681377819886e+00
9.102367752091947151e-02
1.232907981975830403e+00
1.197484789313796316e+00
2.509480475176821823e-01
1.273225160840407710e-02
8.588656829293079831e-01
3.774412953019172789e-01
2.122065460224668021e-01
6.035436954429889145e-01
-1.618464951253094419e+00
9.606902100440923853e-01
3.805147325180173734e-01
3.802172213340848650e-01
1.027448358564643449e+00
-7.590676968702694261e-01
9.160848339124842976e-01
5.814931876485471829e-01
5.614001893452802427e-01
3.948777893864443556e-01
-1.170533432800985540e+00
-1.832837519269091331e+00
1.350832690991878415e+00
5.477385308342075376e-03
1.708897138721711340e+00
1.396941993499341228e+00
-6.056849622316775594e-01
3.005389934962190424e-01
2.055768880272914600e-01
4.302666238056827019e-01
2.026276210687437684e-01
9.853989464460082282e-01
4.981470860546850510e-01
9.511211050415653290e-01
5.883576114647361965e-01
2.173557141634200995e+00
-4.845529399234405066e-01
9.192824912574417695e-01
8.871623322759099040e-01
2.266262540406060122e+00
1.431178291093805566e+00
-1.707154030905282838e+00
6.262130434710311278e-01
3.580697499926527305e-01
5.131675510182498456e-01
-8.824393953855036443e-03
1.830431495367196959e+00
3.440716021871086383e-01
1.499714756218186729e-01
1.340867077690798492e+00
6.282019178972573226e-01
6.241655400145240673e-01
-8.110105293836387119e-01
9.769466746448183248e-01
1.399716956346575003e-02
1.668251250669354757e-01
6.336837242547455062e-01
7.528811979092628892e-01
-1.297029719935767211e+00
1.112938746170098137e+00
1.548171319295347903e+00
1.476591332386270050e+00
7.622992766144611743e-01
4.512817290606780940e-01
-5.299868773798452892e-01
1.470414316982019409e+00
2.241134386895800579e-01
-1.924762152467964782e-01
8.000280804238112387e-01
-1.158305982188965855e+00
1.412384400655774863e+00
5.588632141413536480e-01
1.341165682103266477e+00
3.380242878600312473e-01
-7.817124303572620114e-01
-1.344219916028217554e-01
2.825373396993815511e-01
1.336915240286479234e+00
-4.073867354989024747e-01
9.561164347515409556e-01
-3.530570380453368351e-02
9.494885743461588534e-01
1.209674741207012794e+00
1.264542906186932214e+00
1.443844388124453371e+00
1.170937877262243632e-01
1.450424328292235110e+00
1.127268243288427563e+00
1.470689090228454399e+00
6.880084172293700062e-01
2.104783428261309819e-01
4.045778372129895661e-01
1.471068017684885820e+00
3.260816684030587442e-01
1.982122039344904385e+00
8.194912593994987393e-01
3.646859071445276435e-01
-3.563243822237124547e+00
3.257227875508831860e-01
4.569788390671136735e-01
6.266951790656976051e-01
4.054214349416276342e-01
1.496096263480817257e-02
1.496658128957651046e+00
2.046382407972520134e-01
4.289194514283460880e-01
-1.002163801542682808e+00
1.614485168245902713e-01
1.035612022600904680e-01
1.377101465419365844e-01
6.688530567651650438e-01
-1.932855666305111964e+00
-1.300415011270321664e-01
2.301560047199935344e-01
-1.611098722175352549e-03
-1.159622528686490295e+00
1.271981757648088518e+00
1.633589567681744459e+00
7.386555289949845449e-01
6.323203817961751128e-01
-1.338201154304359264e+00
-6.007090316539764885e-02
-5.241518611827062912e-01
-5.578947788812813613e-01
8.374951402668855405e-01
-2.649258782386030298e-01
1.208548353214694338e+00
8.593571215150325182e-02
-4.321455855678117963e-01
-1.020936078252225876e-01
1.076463487523835028e+00
2.212605669834607269e+00
-4.228737963224262764e-01
1.868819492001541072e-01
1.051264289302863641e+00
1.446885426545089226e+00
-1.511471614956040099e+00
1.886632288307274363e+00
-6.572749378184639113e-01
7.244279903060636405e-01
8.429130417941608222e-01
1.292421091928266375e+00
9.138462310721768844e-01
3.446662609091482032e-01
1.607513690216288316e+00
6.676939655687370578e-01
1.167157475318029602e+00
1.776561240304213030e+00
3.027716490490417467e-02
4.923354107671463753e-01
-4.203343377655922586e-01
7.014855122129530773e-01
1.814948456813478828e-01
1.613234449504672430e-01
1.514988079369723906e+00
7.915378930698994953e-02
1.313412943528931898e+00
4.359990230853649784e-01
1.756998545511203380e+00
1.322538636374746446e+00
5.518535340829071600e-01
2.925701398266491449e-01
2.002356447592257727e+00
1.033627396231917572e-01
-2.167888036418384790e+00
2.125672606706786816e+00
7.170319919876205761e-01
1.759375232654571075e+00
1.485229498510551860e-01
2.680387791168990397e+00
3.672482630515333746e+00
2.331049276598755604e-01
1.104318774022839289e+00
5.868752647652740739e-01
5.608533058289544293e-01
1.615789127257322821e+00
-2.062869136094079181e+00
3.320167797364599327e-01
6.766922171327003355e-01
1.209176879888137268e+00
1.348647523295490203e+00
4.541735324963589449e-01
4.760470993635612658e-01
1.427685766067069206e+00
1.153812630927902205e+00
-1.582358838557812453e-01
2.466989008989162180e-01
6.209381172875270138e-01
1.483136227017754383e+00
8.801454339278186323e-01
9.915541543258639123e-01
5.983598472704176885e-01
1.427890475686504956e+00
-2.540480128736956056e-01
