1.000000000000000000e+00
1.000000000000000000e+00
1.000000000000000000e+00
1.000000000000000000e+00
2.236067977499789805e+00
3.162277660168379523e+00
1.000000000000000000e+00
1.000000000000000000e+00
1.000000000000000000e+00
1.414213562373095145e+00
1.414213562373095145e+00
2.000000000000000000e+00
0.000000000000000000e+00
1.000000000000000000e+00
1.000000000000000000e+00
1.414213562373095145e+00
1.414213562373095145e+00
2.236067977499789805e+00
0.000000000000000000e+00
1.000000000000000000e+00
1.000000000000000000e+00
1.414213562373095145e+00
2.000000000000000000e+00
2.236067977499789805e+00
1.000000000000000000e+00
1.000000000000000000e+00
1.000000000000000000e+00
1.000000000000000000e+00
1.414213562373095145e+00
1.414213562373095145e+00
2.000000000000000000e+00
0.000000000000000000e+00
0.000000000000000000e+00
0.000000000000000000e+00
1.000000000000000000e+00
2.236067977499789805e+00
2.236067977499789805e+00
7.280109889280518054e+00
0.000000000000000000e+00
0.000000000000000000e+00
1.000000000000000000e+00
1.414213562373095145e+00
2.000000000000000000e+00
3.000000000000000000e+00
7.071067811865475505e+00
0.000000000000000000e+00
0.000000000000000000e+00
1.000000000000000000e+00
1.414213562373095145e+00
2.000000000000000000e+00
2.236067977499789805e+00
0.000000000000000000e+00
0.000000000000000000e+00
0.000000000000000000e+00
1.414213562373095145e+00
1.414213562373095145e+00
4.242640687119284770e+00
1.000000000000000000e+00
1.000000000000000000e+00
2.000000000000000000e+00
2.000000000000000000e+00
2.236067977499789805e+00
2.236067977499789805e+00
1.000000000000000000e+00
1.414213562373095145e+00
1.414213562373095145e+00
2.000000000000000000e+00
2.236067977499789805e+00
2.236067977499789805e+00
0.000000000000000000e+00
0.000000000000000000e+00
1.414213562373095145e+00
2.236067977499789805e+00
3.162277660168379523e+00
8.000000000000000000e+00
0.000000000000000000e+00
1.000000000000000000e+00
1.000000000000000000e+00
1.000000000000000000e+00
1.000000000000000000e+00
1.414213562373095145e+00
1.000000000000000000e+00
1.000000000000000000e+00
1.000000000000000000e+00
1.000000000000000000e+00
2.236067977499789805e+00
2.236067977499789805e+00
0.000000000000000000e+00
1.000000000000000000e+00
1.000000000000000000e+00
1.414213562373095145e+00
2.000000000000000000e+00
2.000000000000000000e+00
1.000000000000000000e+00
1.414213562373095145e+00
2.000000000000000000e+00
2.236067977499789805e+00
2.236067977499789805e+00
5.656854249492380582e+00
0.000000000000000000e+00
1.000000000000000000e+00
1.414213562373095145e+00
2.000000000000000000e+00
2.828427124746190291e+00
0.000000000000000000e+00
1.000000000000000000e+00
1.000000000000000000e+00
1.000000000000000000e+00
1.000000000000000000e+00
1.000000000000000000e+00
1.000000000000000000e+00
1.000000000000000000e+00
1.000000000000000000e+00
1.000000000000000000e+00
0.000000000000000000e+00
0.000000000000000000e+00
0.000000000000000000e+00
1.414213562373095145e+00
2.236067977499789805e+00
2.828427124746190291e+00
0.000000000000000000e+00
1.000000000000000000e+00
1.414213562373095145e+00
1.414213562373095145e+00
2.236067977499789805e+00
2.236067977499789805e+00
0.000000000000000000e+00
1.414213562373095145e+00
2.000000000000000000e+00
2.000000000000000000e+00
2.828427124746190291e+00
3.162277660168379523e+00
0.000000000000000000e+00
1.000000000000000000e+00
1.000000000000000000e+00
1.414213562373095145e+00
3.605551275463989125e+00
0.000000000000000000e+00
0.000000000000000000e+00
1.000000000000000000e+00
1.000000000000000000e+00
1.000000000000000000e+00
2.000000000000000000e+00
0.000000000000000000e+00
1.000000000000000000e+00
1.000000000000000000e+00
1.000000000000000000e+00
1.414213562373095145e+00
2.236067977499789805e+00
3.605551275463989125e+00
0.000000000000000000e+00
1.000000000000000000e+00
1.000000000000000000e+00
1.414213562373095145e+00
2.236067977499789805e+00
5.385164807134503739e+00
0.000000000000000000e+00
0.000000000000000000e+00
1.000000000000000000e+00
1.414213562373095145e+00
2.000000000000000000e+00
1.414213562373095145e+00
2.000000000000000000e+00
2.000000000000000000e+00
2.000000000000000000e+00
2.236067977499789805e+00
4.000000000000000000e+00
0.000000000000000000e+00
1.000000000000000000e+00
1.000000000000000000e+00
1.414213562373095145e+00
2.236067977499789805e+00
2.236067977499789805e+00
1.000000000000000000e+00
1.000000000000000000e+00
1.000000000000000000e+00
1.414213562373095145e+00
2.000000000000000000e+00
3.162277660168379523e+00
0.000000000000000000e+00
1.000000000000000000e+00
1.414213562373095145e+00
2.236067977499789805e+00
5.385164807134503739e+00
6.708203932499369415e+00
0.000000000000000000e+00
0.000000000000000000e+00
1.000000000000000000e+00
2.236067977499789805e+00
0.000000000000000000e+00
2.000000000000000000e+00
2.000000000000000000e+00
2.000000000000000000e+00
2.000000000000000000e+00
2.236067977499789805e+00
2.236067977499789805e+00
1.000000000000000000e+00
1.000000000000000000e+00
1.000000000000000000e+00
1.414213562373095145e+00
2.000000000000000000e+00
2.000000000000000000e+00
6.000000000000000000e+00
0.000000000000000000e+00
1.000000000000000000e+00
1.000000000000000000e+00
1.000000000000000000e+00
1.000000000000000000e+00
2.236067977499789805e+00
1.000000000000000000e+00
1.000000000000000000e+00
1.414213562373095145e+00
1.414213562373095145e+00
1.414213562373095145e+00
1.414213562373095145e+00
0.000000000000000000e+00
1.000000000000000000e+00
1.000000000000000000e+00
1.414213562373095145e+00
1.414213562373095145e+00
2.236067977499789805e+00
1.414213562373095145e+00
1.414213562373095145e+00
2.000000000000000000e+00
2.236067977499789805e+00
3.000000000000000000e+00
7.615773105863908654e+00
1.000000000000000000e+00
1.000000000000000000e+00
1.414213562373095145e+00
1.414213562373095145e+00
1.414213562373095145e+00
2.236067977499789805e+00
0.000000000000000000e+00
1.000000000000000000e+00
1.000000000000000000e+00
1.414213562373095145e+00
1.414213562373095145e+00
2.000000000000000000e+00
0.000000000000000000e+00
1.000000000000000000e+00
1.414213562373095145e+00
1.414213562373095145e+00
2.236067977499789805e+00
2.236067977499789805e+00
3.605551275463989125e+00
0.000000000000000000e+00
0.000000000000000000e+00
1.000000000000000000e+00
2.000000000000000000e+00
2.236067977499789805e+00
2.236067977499789805e+00
0.000000000000000000e+00
1.000000000000000000e+00
2.000000000000000000e+00
2.236067977499789805e+00
2.236067977499789805e+00
2.236067977499789805e+00
0.000000000000000000e+00
1.414213562373095145e+00
1.414213562373095145e+00
2.000000000000000000e+00
2.000000000000000000e+00
2.236067977499789805e+00
1.000000000000000000e+00
1.414213562373095145e+00
1.414213562373095145e+00
1.414213562373095145e+00
2.236067977499789805e+00
2.236067977499789805e+00
1.000000000000000000e+00
1.000000000000000000e+00
2.000000000000000000e+00
2.000000000000000000e+00
3.000000000000000000e+00
4.123105625617660586e+00
1.000000000000000000e+00
1.000000000000000000e+00
1.000000000000000000e+00
1.000000000000000000e+00
2.000000000000000000e+00
0.000000000000000000e+00
0.000000000000000000e+00
1.000000000000000000e+00
1.414213562373095145e+00
2.236067977499789805e+00
0.000000000000000000e+00
1.000000000000000000e+00
1.000000000000000000e+00
1.414213562373095145e+00
2.000000000000000000e+00
2.236067977499789805e+00
6.082762530298219339e+00
1.000000000000000000e+00
1.414213562373095145e+00
2.000000000000000000e+00
2.236067977499789805e+00
2.236067977499789805e+00
