34 0 1.8626419592629415 0.388882393442197
46 45 1.8306104706098092 0.388882393442197
5 3 1.854337754620402 0.388882393442197
19 48 2.3416819539322895 0.388882393442197
41 17 0.5181550542899773 0.388882393442197
35 46 1.4346625681183902 0.388882393442197
37 37 0.5181550542899773 0.388882393442197
2 14 2.574836982024013 0.388882393442197
34 41 0.4518638216531903 0.388882393442197
3 3 2.3416819539322895 0.388882393442197
48 30 0.5181550542899773 0.388882393442197
20 16 1.1200432714506305 0.388882393442197
21 28 2.574836982024013 0.388882393442197
5 8 0.41428093117618053 0.388882393442197
42 16 1.1200432714506305 0.388882393442197
48 46 1.4346625681183902 0.388882393442197
23 35 1.854337754620402 0.388882393442197
22 48 2.0225341231546783 0.388882393442197
45 15 2.3416819539322895 0.388882393442197
16 40 0.4202676150502106 0.388882393442197
27 8 1.1200432714506305 0.388882393442197
47 31 1.1200432714506305 0.388882393442197
12 24 1.1200432714506305 0.388882393442197
14 41 0.6606851953374365 0.388882393442197
47 40 1.1200432714506305 0.388882393442197
20 1 2.574836982024013 0.388882393442197
32 26 0.4518638216531903 0.388882393442197
47 32 0.41428093117618053 0.388882393442197
2 23 1.1200432714506305 0.388882393442197
24 1 1.5204824599919973 0.388882393442197
42 12 2.0225341231546783 0.388882393442197
22 16 1.4346625681183902 0.388882393442197
42 26 0.5181550542899773 0.388882393442197
7 46 0.6606851953374365 0.388882393442197
3 11 2.0225341231546783 0.388882393442197
38 27 0.7535492018748607 0.388882393442197
8 35 2.0225341231546783 0.388882393442197
22 17 2.0225341231546783 0.388882393442197
41 21 1.4346625681183902 0.388882393442197
44 7 1.0456301932360759 0.388882393442197
3 31 1.1200432714506305 0.388882393442197
43 44 0.41428093117618053 0.388882393442197
8 28 0.6606851953374365 0.388882393442197
38 43 2.3416819539322895 0.388882393442197
34 39 0.31961585322723485 0.388882393442197
31 43 1.0456301932360759 0.388882393442197
11 19 2.3416819539322895 0.388882393442197
17 5 0.4202676150502106 0.388882393442197
15 3 1.5204824599919973 0.388882393442197
46 6 0.41428093117618053 0.388882393442197
44 10 1.5204824599919973 0.388882393442197
45 13 0.4518638216531903 0.388882393442197
32 13 1.0456301932360759 0.388882393442197
4 44 1.0456301932360759 0.388882393442197
47 21 0.5181550542899773 0.388882393442197
10 27 1.5204824599919973 0.388882393442197
8 49 2.574836982024013 0.388882393442197
22 41 0.4154391840750009 0.388882393442197
45 20 0.5181550542899773 0.388882393442197
7 30 2.0225341231546783 0.388882393442197
37 27 2.574836982024013 0.388882393442197
43 27 0.41428093117618053 0.388882393442197
16 9 0.31961585322723485 0.388882393442197
42 23 0.7535492018748607 0.388882393442197
13 19 0.6606851953374365 0.388882393442197
23 49 0.7535492018748607 0.388882393442197
2 40 1.8306104706098092 0.388882393442197
4 11 1.4346625681183902 0.388882393442197
25 47 1.5204824599919973 0.388882393442197
7 45 2.3416819539322895 0.388882393442197
13 26 0.31961585322723485 0.388882393442197
10 3 1.5204824599919973 0.388882393442197
15 33 2.574836982024013 0.388882393442197
49 5 0.7535492018748607 0.388882393442197
7 31 0.5181550542899773 0.388882393442197
3 12 1.1200432714506305 0.388882393442197
12 10 0.5181550542899773 0.388882393442197
46 27 0.4154391840750009 0.388882393442197
19 9 1.0456301932360759 0.388882393442197
6 48 2.574836982024013 0.388882393442197
13 6 0.31961585322723485 0.388882393442197
37 46 0.31961585322723485 0.388882393442197
3 45 1.5204824599919973 0.388882393442197
16 18 2.0225341231546783 0.388882393442197
18 46 1.1200432714506305 0.388882393442197
34 6 0.4518638216531903 0.388882393442197
42 21 0.6606851953374365 0.388882393442197
44 29 0.6606851953374365 0.388882393442197
10 24 2.0225341231546783 0.388882393442197
11 46 2.574836982024013 0.388882393442197
18 9 1.5204824599919973 0.388882393442197
25 37 0.7535492018748607 0.388882393442197
35 22 0.7535492018748607 0.388882393442197
41 8 1.4346625681183902 0.388882393442197
37 3 1.854337754620402 0.388882393442197
11 24 0.6606851953374365 0.388882393442197
0 1 1.1200432714506305 0.388882393442197
9 1 2.574836982024013 0.388882393442197
25 7 1.5204824599919973 0.388882393442197
43 33 1.8626419592629415 0.388882393442197
21 9 1.5204824599919973 0.388882393442197
13 3 0.6606851953374365 0.388882393442197
19 15 0.4518638216531903 0.388882393442197
31 19 0.41428093117618053 0.388882393442197
3 48 0.4154391840750009 0.388882393442197
24 34 0.5181550542899773 0.388882393442197
13 13 0.7535492018748607 0.388882393442197
23 9 0.6606851953374365 0.388882393442197
46 36 0.4518638216531903 0.388882393442197
35 13 1.5204824599919973 0.388882393442197
38 19 0.41428093117618053 0.388882393442197
1 13 0.5181550542899773 0.388882393442197
21 8 0.7535492018748607 0.388882393442197
32 35 0.41428093117618053 0.388882393442197
49 30 0.7535492018748607 0.388882393442197
23 44 1.1200432714506305 0.388882393442197
4 24 0.6606851953374365 0.388882393442197
37 20 0.6606851953374365 0.388882393442197
3 39 0.4202676150502106 0.388882393442197
38 25 1.4346625681183902 0.388882393442197
10 8 1.1200432714506305 0.388882393442197
0 17 2.0225341231546783 0.388882393442197
0 26 0.31961585322723485 0.388882393442197
12 3 0.6606851953374365 0.388882393442197
11 2 0.31961585322723485 0.388882393442197
43 0 1.8306104706098092 0.388882393442197
43 48 0.6606851953374365 0.388882393442197
11 26 1.854337754620402 0.388882393442197
42 36 0.4154391840750009 0.388882393442197
2 32 1.8306104706098092 0.388882393442197
33 25 1.8306104706098092 0.388882393442197
32 32 1.1200432714506305 0.388882393442197
7 5 1.4346625681183902 0.388882393442197
12 5 1.1200432714506305 0.388882393442197
49 25 1.854337754620402 0.388882393442197
13 49 2.0225341231546783 0.388882393442197
17 37 1.854337754620402 0.388882393442197
6 9 2.3416819539322895 0.388882393442197
24 20 0.31961585322723485 0.388882393442197
31 17 0.7535492018748607 0.388882393442197
20 38 1.0456301932360759 0.388882393442197
7 29 1.8306104706098092 0.388882393442197
11 21 0.31961585322723485 0.388882393442197
0 15 0.31961585322723485 0.388882393442197
18 44 1.854337754620402 0.388882393442197
1 17 1.5204824599919973 0.388882393442197
8 25 0.31961585322723485 0.388882393442197
15 16 1.854337754620402 0.388882393442197
9 20 1.0456301932360759 0.388882393442197
26 29 1.4346625681183902 0.388882393442197
33 6 0.4202676150502106 0.388882393442197
0 23 0.5181550542899773 0.388882393442197
16 7 0.5181550542899773 0.388882393442197
34 36 2.3416819539322895 0.388882393442197
20 7 1.1200432714506305 0.388882393442197
2 47 1.0456301932360759 0.388882393442197
31 18 2.574836982024013 0.388882393442197
49 31 0.4202676150502106 0.388882393442197
6 25 0.41428093117618053 0.388882393442197
18 3 0.4518638216531903 0.388882393442197
40 26 1.854337754620402 0.388882393442197
15 15 2.3416819539322895 0.388882393442197
47 25 1.854337754620402 0.388882393442197
21 47 1.5204824599919973 0.388882393442197
40 24 0.4518638216531903 0.388882393442197
6 20 0.41428093117618053 0.388882393442197
19 27 1.1200432714506305 0.388882393442197
13 8 2.0225341231546783 0.388882393442197
29 44 1.1200432714506305 0.388882393442197
41 48 2.574836982024013 0.388882393442197
27 7 1.8626419592629415 0.388882393442197
3 20 0.4154391840750009 0.388882393442197
1 18 0.31961585322723485 0.388882393442197
33 1 1.4346625681183902 0.388882393442197
48 19 1.5204824599919973 0.388882393442197
45 32 0.41428093117618053 0.388882393442197
46 5 0.6606851953374365 0.388882393442197
40 5 2.0225341231546783 0.388882393442197
7 6 1.5204824599919973 0.388882393442197
38 1 1.4346625681183902 0.388882393442197
40 0 2.0225341231546783 0.388882393442197
41 23 1.5204824599919973 0.388882393442197
21 29 1.1200432714506305 0.388882393442197
20 40 2.574836982024013 0.388882393442197
31 12 0.4202676150502106 0.388882393442197
3 41 0.41428093117618053 0.388882393442197
43 26 0.4154391840750009 0.388882393442197
15 6 1.0456301932360759 0.388882393442197
35 41 1.8626419592629415 0.388882393442197
9 14 0.4518638216531903 0.388882393442197
35 14 0.4154391840750009 0.388882393442197
12 12 1.0456301932360759 0.388882393442197
29 11 1.8306104706098092 0.388882393442197
9 26 1.8306104706098092 0.388882393442197
1 25 1.0456301932360759 0.388882393442197
37 8 1.0456301932360759 0.388882393442197
6 42 0.31961585322723485 0.388882393442197
15 49 0.41428093117618053 0.388882393442197
2 24 1.854337754620402 0.388882393442197
17 10 1.8626419592629415 0.388882393442197
