0 0 8 0 -86.01 1.5204824599919968
0 0 6 3 -84.0637 1.4346625681183898
0 0 3 7 -81.5629 1.8626419592629413
0 0 9 2 -76.84 1.4346625681183898
0 0 0 6 -82.41 0.4202676150502109
0 0 7 4 -85.7922 0.7535492018748609
0 0 9 4 -87.6 0.5181550542899774
0 0 4 7 -85.6624 2.574836982024013
0 0 6 6 -86.2416 0.31961585322723524
0 0 2 9 -86.7 0.4154391840750011
0 0 1 9 -85.92 0.4142809311761813
0 0 9 6 -88.57 1.8306104706098087
0 0 2 4 -79.7784 2.341681953932289
0 0 9 9 -89.56 0.7535492018748609
0 0 8 7 -88.3683 0.7535492018748609
0 0 6 9 -88.22 1.4346625681183898
0 0 9 8 -89.37 0.4202676150502109
0 0 3 4 -81.0194 1.045630193236076
0 0 2 7 -84.7099 1.5204824599919968
0 0 1 3 -75.8729 2.574836982024013
0 1 8 0 -86.02 1.5204824599919968
0 1 6 3 -83.5698 1.4346625681183898
0 1 3 7 -80.3575 1.8626419592629413
0 1 9 2 -76.93 1.4346625681183898
0 1 0 6 -80.83 0.4202676150502109
0 1 7 4 -85.3068 0.7535492018748609
0 1 9 4 -86.87 0.5181550542899774
0 1 4 7 -84.2646 2.574836982024013
0 1 6 6 -85.5458 0.31961585322723524
0 1 2 9 -85.75 0.4154391840750011
0 1 1 9 -84.89 0.4142809311761813
0 1 9 6 -87.87 1.8306104706098087
0 1 2 4 -77.7842 2.341681953932289
0 1 9 9 -89.36 0.7535492018748609
0 1 8 7 -87.865 0.7535492018748609
0 1 6 9 -87.41 1.4346625681183898
0 1 9 8 -88.72 0.4202676150502109
0 1 3 4 -79.5571 1.045630193236076
0 1 2 7 -83.4543 1.5204824599919968
0 1 1 3 -72.1884 2.574836982024013
0 2 8 0 -86.08 1.5204824599919968
0 2 6 3 -83.2055 1.4346625681183898
0 2 3 7 -80.3161 1.8626419592629413
0 2 9 2 -78.6 1.4346625681183898
0 2 0 6 -78.89 0.4202676150502109
0 2 7 4 -84.9451 0.7535492018748609
0 2 9 4 -86.78 0.5181550542899774
0 2 4 7 -83.7426 2.574836982024013
0 2 6 6 -84.8809 0.31961585322723524
0 2 2 9 -84.68 0.4154391840750011
0 2 1 9 -83.72 0.4142809311761813
0 2 9 6 -87.68 1.8306104706098087
0 2 2 4 -75.4769 2.341681953932289
0 2 9 9 -88.71 0.7535492018748609
0 2 8 7 -87.3831 0.7535492018748609
0 2 6 9 -87.09 1.4346625681183898
0 2 9 8 -88.54 0.4202676150502109
0 2 3 4 -78.0843 1.045630193236076
0 2 2 7 -81.7516 1.5204824599919968
0 2 1 3 -66.6223 2.574836982024013
0 3 8 0 -86.17 1.5204824599919968
0 3 6 3 -83.0336 1.4346625681183898
0 3 3 7 -82.0707 1.8626419592629413
0 3 9 2 -86.72 1.4346625681183898
0 3 0 6 -76.39 0.4202676150502109
0 3 7 4 -84.6733 0.7535492018748609
0 3 9 4 -86.72 0.5181550542899774
0 3 4 7 -82.6839 2.574836982024013
0 3 6 6 -84.2542 0.31961585322723524
0 3 2 9 -83.46 0.4154391840750011
0 3 1 9 -82.37 0.4142809311761813
0 3 9 6 -86.97 1.8306104706098087
0 3 2 4 -73.2177 2.341681953932289
0 3 9 9 -88.53 0.7535492018748609
0 3 8 7 -86.9372 0.7535492018748609
0 3 6 9 -86.26 1.4346625681183898
0 3 9 8 -87.84 0.4202676150502109
0 3 3 4 -76.7882 1.045630193236076
0 3 2 7 -79.9145 1.5204824599919968
0 3 1 3 -62.7315 2.574836982024013
0 4 8 0 -86.31 1.5204824599919968
0 4 6 3 -83.0692 1.4346625681183898
0 4 3 7 -78.5492 1.8626419592629413
0 4 9 2 -86.77 1.4346625681183898
0 4 0 6 -72.87 0.4202676150502109
0 4 7 4 -84.5283 0.7535492018748609
0 4 9 4 -86.7 0.5181550542899774
0 4 4 7 -79.599 2.574836982024013
0 4 6 6 -83.719 0.31961585322723524
0 4 2 9 -82.03 0.4154391840750011
0 4 1 9 -80.77 0.4142809311761813
0 4 9 6 -86.85 1.8306104706098087
0 4 2 4 -71.425 2.341681953932289
0 4 9 9 -87.83 0.7535492018748609
0 4 8 7 -86.5341 0.7535492018748609
0 4 6 9 -85.3 1.4346625681183898
0 4 9 8 -87.68 0.4202676150502109
0 4 3 4 -76.0168 1.045630193236076
0 4 2 7 -78.4626 1.5204824599919968
0 4 1 3 -63.557900000000004 2.574836982024013
0 5 8 0 -87.18 1.5204824599919968
0 5 6 3 -83.307 1.4346625681183898
0 5 3 7 -78.5872 1.8626419592629413
0 5 9 2 -86.86 1.4346625681183898
0 5 0 6 -66.86 0.4202676150502109
0 5 7 4 -84.5371 0.7535492018748609
0 5 9 4 -86.73 0.5181550542899774
0 5 4 7 -80.574 2.574836982024013
0 5 6 6 -83.3097 0.31961585322723524
0 5 2 9 -80.3 0.4154391840750011
0 5 1 9 -78.81 0.4142809311761813
0 5 9 6 -86.76 1.8306104706098087
0 5 2 4 -71.5378 2.341681953932289
0 5 9 9 -87.68 0.7535492018748609
0 5 8 7 -86.2067 0.7535492018748609
0 5 6 9 -85.03 1.4346625681183898
0 5 9 8 -86.95 0.4202676150502109
0 5 3 4 -76.0453 1.045630193236076
0 5 2 7 -76.8523 1.5204824599919968
0 5 1 3 -68.6012 2.574836982024013
0 6 8 0 -87.3 1.5204824599919968
0 6 6 3 -83.7112 1.4346625681183898
0 6 3 7 -77.1828 1.8626419592629413
0 6 9 2 -86.99 1.4346625681183898
0 6 0 6 -66.31 0.4202676150502109
0 6 7 4 -84.6904 0.7535492018748609
0 6 9 4 -86.78 0.5181550542899774
0 6 4 7 -79.695 2.574836982024013
0 6 6 6 -83.0728 0.31961585322723524
0 6 2 9 -78.15 0.4154391840750011
0 6 1 9 -76.26 0.4142809311761813
0 6 9 6 -86.71 1.8306104706098087
0 6 2 4 -73.3848 2.341681953932289
0 6 9 9 -86.94 0.7535492018748609
0 6 8 7 -85.9572 0.7535492018748609
0 6 6 9 -83.97 1.4346625681183898
0 6 9 8 -86.83 0.4202676150502109
0 6 3 4 -76.901 1.045630193236076
0 6 2 7 -73.9034 1.5204824599919968
0 6 1 3 -73.5856 2.574836982024013
0 7 8 0 -87.55 1.5204824599919968
0 7 6 3 -84.2456 1.4346625681183898
0 7 3 7 -76.1806 1.8626419592629413
0 7 9 2 -87.74 1.4346625681183898
0 7 0 6 -65.33 0.4202676150502109
0 7 7 4 -84.9841 0.7535492018748609
0 7 9 4 -86.88 0.5181550542899774
0 7 4 7 -79.1235 2.574836982024013
0 7 6 6 -83.0381 0.31961585322723524
0 7 2 9 -75.41 0.4154391840750011
0 7 1 9 -72.64 0.4142809311761813
0 7 9 6 -86.71 1.8306104706098087
0 7 2 4 -75.7247 2.341681953932289
0 7 9 9 -86.82 0.7535492018748609
0 7 8 7 -85.8151 0.7535492018748609
0 7 6 9 -83.75 1.4346625681183898
0 7 9 8 -86.75 0.4202676150502109
0 7 3 4 -78.2216 1.045630193236076
0 7 2 7 -71.8634 1.5204824599919968
0 7 1 3 -76.8393 2.574836982024013
0 8 8 0 -88.25 1.5204824599919968
0 8 6 3 -84.8633 1.4346625681183898
0 8 3 7 -75.9375 1.8626419592629413
0 8 9 2 -87.9 1.4346625681183898
0 8 0 6 -66.87 0.4202676150502109
0 8 7 4 -85.3859 0.7535492018748609
0 8 9 4 -87.01 0.5181550542899774
0 8 4 7 -78.9874 2.574836982024013
0 8 6 6 -83.2044 0.31961585322723524
0 8 2 9 -74.58 0.4154391840750011
0 8 1 9 -71.83 0.4142809311761813
0 8 9 6 -86.73 1.8306104706098087
0 8 2 4 -78.0109 2.341681953932289
0 8 9 9 -86.75 0.7535492018748609
0 8 8 7 -85.7774 0.7535492018748609
0 8 6 9 -83.6 1.4346625681183898
0 8 9 8 -86.71 0.4202676150502109
0 8 3 4 -79.7023 1.045630193236076
0 8 2 7 -71.2786 1.5204824599919968
0 8 1 3 -79.3046 2.574836982024013
0 9 8 0 -88.99 1.5204824599919968
0 9 6 3 -85.5482 1.4346625681183898
0 9 3 7 -76.5398 1.8626419592629413
0 9 9 2 -88.08 1.4346625681183898
0 9 0 6 -72.87 0.4202676150502109
0 9 7 4 -85.8572 0.7535492018748609
0 9 9 4 -87.76 0.5181550542899774
0 9 4 7 -79.3247 2.574836982024013
0 9 6 6 -83.5558 0.31961585322723524
0 9 2 9 -70.64 0.4154391840750011
0 9 1 9 -64.91 0.4142809311761813
0 9 9 6 -86.8 1.8306104706098087
0 9 2 4 -79.842 2.341681953932289
0 9 9 9 -86.71 0.7535492018748609
0 9 8 7 -85.8643 0.7535492018748609
0 9 6 9 -83.52 1.4346625681183898
0 9 9 8 -86.71 0.4202676150502109
0 9 3 4 -84.4967 1.045630193236076
0 9 2 7 -72.696 1.5204824599919968
0 9 1 3 -81.2384 2.574836982024013
1 0 8 0 -84.43 1.5204824599919968
1 0 6 3 -82.8346 1.4346625681183898
1 0 3 7 -84.6856 1.8626419592629413
1 0 9 2 -86.11 1.4346625681183898
1 0 0 6 -82.33 0.4202676150502109
1 0 7 4 -84.8444 0.7535492018748609
1 0 9 4 -86.35 0.5181550542899774
1 0 4 7 -85.1637 2.574836982024013
1 0 6 6 -85.5173 0.31961585322723524
1 0 2 9 -86.74 0.4154391840750011
1 0 1 9 -85.93 0.4142809311761813
1 0 9 6 -87.31 1.8306104706098087
1 0 2 4 -78.89 2.341681953932289
1 0 9 9 -89.12 0.7535492018748609
1 0 8 7 -87.7627 0.7535492018748609
1 0 6 9 -87.71 1.4346625681183898
1 0 9 8 -88.92 0.4202676150502109
1 0 3 4 -79.8921 1.045630193236076
1 0 2 7 -84.3539 1.5204824599919968
1 0 1 3 -75.1723 2.574836982024013
1 1 8 0 -84.44 1.5204824599919968
1 1 6 3 -82.1715 1.4346625681183898
1 1 3 7 -83.4613 1.8626419592629413
1 1 9 2 -85.29 1.4346625681183898
1 1 0 6 -80.72 0.4202676150502109
1 1 7 4 -84.2509 0.7535492018748609
1 1 9 4 -86.2 0.5181550542899774
1 1 4 7 -84.0904 2.574836982024013
1 1 6 6 -84.6897 0.31961585322723524
1 1 2 9 -85.8 0.4154391840750011
1 1 1 9 -84.9 0.4142809311761813
1 1 9 6 -87.3 1.8306104706098087
1 1 2 4 -76.3345 2.341681953932289
1 1 9 9 -88.91 0.7535492018748609
1 1 8 7 -87.1848 0.7535492018748609
1 1 6 9 -87.47 1.4346625681183898
1 1 9 8 -88.23 0.4202676150502109
1 1 3 4 -77.9569 1.045630193236076
1 1 2 7 -83.0296 1.5204824599919968
1 1 1 3 -70.3361 2.574836982024013
1 2 8 0 -84.52 1.5204824599919968
1 2 6 3 -81.6882 1.4346625681183898
1 2 3 7 -82.0796 1.8626419592629413
1 2 9 2 -85.25 1.4346625681183898
1 2 0 6 -78.74 0.4202676150502109
1 2 7 4 -83.7552 0.7535492018748609
1 2 9 4 -86.09 0.5181550542899774
1 2 4 7 -82.9071 2.574836982024013
1 2 6 6 -83.8666 0.31961585322723524
1 2 2 9 -84.75 0.4154391840750011
1 2 1 9 -83.74 0.4142809311761813
1 2 9 6 -86.49 1.8306104706098087
1 2 2 4 -72.9748 2.341681953932289
1 2 9 9 -88.21 0.7535492018748609
1 2 8 7 -86.6176 0.7535492018748609
1 2 6 9 -86.63 1.4346625681183898
1 2 9 8 -88.14 0.4202676150502109
1 2 3 4 -75.7373 1.045630193236076
1 2 2 7 -81.4783 1.5204824599919968
1 2 1 3 -63.8121 2.574836982024013
1 3 8 0 -85.44 1.5204824599919968
1 3 6 3 -81.4513 1.4346625681183898
1 3 3 7 -80.4777 1.8626419592629413
1 3 9 2 -85.27 1.4346625681183898
1 3 0 6 -76.15 0.4202676150502109
1 3 7 4 -83.396 0.7535492018748609
1 3 9 4 -86.09 0.5181550542899774
1 3 4 7 -81.607 2.574836982024013
1 3 6 6 -83.0804 0.31961585322723524
1 3 2 9 -82.31 0.4154391840750011
1 3 1 9 -82.4 0.4142809311761813
1 3 9 6 -86.31 1.8306104706098087
1 3 2 4 -67.8923 2.341681953932289
1 3 9 9 -87.46 0.7535492018748609
1 3 8 7 -86.0798 0.7535492018748609
1 3 6 9 -85.61 1.4346625681183898
1 3 9 8 -87.27 0.4202676150502109
1 3 3 4 -73.6649 1.045630193236076
1 3 2 7 -79.6086 1.5204824599919968
1 3 1 3 -60.5368 2.574836982024013
1 4 8 0 -85.6 1.5204824599919968
1 4 6 3 -81.4927 1.4346625681183898
1 4 3 7 -78.6361 1.8626419592629413
1 4 9 2 -85.34 1.4346625681183898
1 4 0 6 -72.43 0.4202676150502109
1 4 7 4 -83.2072 0.7535492018748609
1 4 9 4 -85.25 0.5181550542899774
1 4 4 7 -80.2152 2.574836982024013
1 4 6 6 -82.3708 0.31961585322723524
1 4 2 9 -80.69 0.4154391840750011
1 4 1 9 -80.81 0.4142809311761813
1 4 9 6 -86.16 1.8306104706098087
1 4 2 4 -63.6309 2.341681953932289
1 4 9 9 -87.26 0.7535492018748609
1 4 8 7 -85.5973 0.7535492018748609
1 4 6 9 -84.56 1.4346625681183898
1 4 9 8 -87.22 0.4202676150502109
1 4 3 4 -72.0606 1.045630193236076
1 4 2 7 -77.2529 1.5204824599919968
1 4 1 3 -61.455299999999994 2.574836982024013
1 5 8 0 -93.28 1.5204824599919968
1 5 6 3 -81.8143 1.4346625681183898
1 5 3 7 -80.2431 1.8626419592629413
1 5 9 2 -86.19 1.4346625681183898
1 5 0 6 -66.78 0.4202676150502109
1 5 7 4 -83.2209 0.7535492018748609
1 5 9 4 -85.28 0.5181550542899774
1 5 4 7 -79.6037 2.574836982024013
1 5 6 6 -81.8254 0.31961585322723524
1 5 2 9 -80.44 0.4154391840750011
1 5 1 9 -78.86 0.4142809311761813
1 5 9 6 -86.08 1.8306104706098087
1 5 2 4 -63.9307 2.341681953932289
1 5 9 9 -86.45 0.7535492018748609
1 5 8 7 -85.186 0.7535492018748609
1 5 6 9 -84.21 1.4346625681183898
1 5 9 8 -86.29 0.4202676150502109
1 5 3 4 -72.1205 1.045630193236076
1 5 2 7 -73.7828 1.5204824599919968
1 5 1 3 -65.8005 2.574836982024013
1 6 8 0 -86.69 1.5204824599919968
1 6 6 3 -82.3687 1.4346625681183898
1 6 3 7 -74.2771 1.8626419592629413
1 6 9 2 -86.33 1.4346625681183898
1 6 0 6 -66.79 0.4202676150502109
1 6 7 4 -83.4229 0.7535492018748609
1 6 9 4 -85.36 0.5181550542899774
1 6 4 7 -77.4778 2.574836982024013
1 6 6 6 -81.5016 0.31961585322723524
1 6 2 9 -78.32 0.4154391840750011
1 6 1 9 -76.35 0.4142809311761813
1 6 9 6 -85.27 1.8306104706098087
1 6 2 4 -68.4399 2.341681953932289
1 6 9 9 -86.28 0.7535492018748609
1 6 8 7 -84.8725 0.7535492018748609
1 6 6 9 -83.05 1.4346625681183898
1 6 9 8 -86.16 0.4202676150502109
1 6 3 4 -73.8035 1.045630193236076
1 6 2 7 -69.7208 1.5204824599919968
1 6 1 3 -72.3308 2.574836982024013
1 7 8 0 -86.92 1.5204824599919968
1 7 6 3 -83.0687 1.4346625681183898
1 7 3 7 -72.439 1.8626419592629413
1 7 9 2 -86.51 1.4346625681183898
1 7 0 6 -65.93 0.4202676150502109
1 7 7 4 -83.8049 0.7535492018748609
1 7 9 4 -86.21 0.5181550542899774
1 7 4 7 -76.538 2.574836982024013
1 7 6 6 -81.4489 0.31961585322723524
1 7 2 9 -75.47 0.4154391840750011
1 7 1 9 -72.81 0.4142809311761813
1 7 9 6 -85.25 1.8306104706098087
1 7 2 4 -73.4312 2.341681953932289
1 7 9 9 -86.15 0.7535492018748609
1 7 8 7 -84.6896 0.7535492018748609
1 7 6 9 -82.79 1.4346625681183898
1 7 9 8 -86.07 0.4202676150502109
1 7 3 4 -75.9872 1.045630193236076
1 7 2 7 -64.6666 1.5204824599919968
1 7 1 3 -76.2864 2.574836982024013
1 8 8 0 -87.72 1.5204824599919968
1 8 6 3 -83.8635 1.4346625681183898
1 8 3 7 -71.9128 1.8626419592629413
1 8 9 2 -87.34 1.4346625681183898
1 8 0 6 -65.91 0.4202676150502109
1 8 7 4 -84.3098 0.7535492018748609
1 8 9 4 -86.36 0.5181550542899774
1 8 4 7 -76.2921 2.574836982024013
1 8 6 6 -81.6836 0.31961585322723524
1 8 2 9 -71.83 0.4154391840750011
1 8 1 9 -66.71 0.4142809311761813
1 8 9 6 -85.29 1.8306104706098087
1 8 2 4 -76.6542 2.341681953932289
1 8 9 9 -85.31 0.7535492018748609
1 8 8 7 -84.6485 0.7535492018748609
1 8 6 9 -81.48 1.4346625681183898
1 8 9 8 -85.26 0.4202676150502109
1 8 3 4 -78.173 1.045630193236076
1 8 2 7 -63.238200000000006 1.5204824599919968
1 8 1 3 -78.9782 2.574836982024013
1 9 8 0 -88.55 1.5204824599919968
1 9 6 3 -84.6782 1.4346625681183898
1 9 3 7 -73.1671 1.8626419592629413
1 9 9 2 -87.53 1.4346625681183898
1 9 0 6 -72.47 0.4202676150502109
1 9 7 4 -84.9088 0.7535492018748609
1 9 9 4 -86.54 0.5181550542899774
1 9 4 7 -76.8636 2.574836982024013
1 9 6 6 -82.1664 0.31961585322723524
1 9 2 9 -64.87 0.4154391840750011
1 9 1 9 -64.87 0.4142809311761813
1 9 9 6 -86.12 1.8306104706098087
1 9 2 4 -79.1413 2.341681953932289
1 9 9 9 -85.26 0.7535492018748609
1 9 8 7 -84.7549 0.7535492018748609
1 9 6 9 -81.35 1.4346625681183898
1 9 9 8 -85.26 0.4202676150502109
1 9 3 4 -80.0917 1.045630193236076
1 9 2 7 -66.602 1.5204824599919968
1 9 1 3 -81.0255 2.574836982024013
2 0 8 0 -83.51 1.5204824599919968
2 0 6 3 -81.454 1.4346625681183898
2 0 3 7 -84.3817 1.8626419592629413
2 0 9 2 -84.57 1.4346625681183898
2 0 0 6 -83.5 0.4202676150502109
2 0 7 4 -83.8059 0.7535492018748609
2 0 9 4 -85.65 0.5181550542899774
2 0 4 7 -84.7265 2.574836982024013
2 0 6 6 -84.7906 0.31961585322723524
2 0 2 9 -85.94 0.4154391840750011
2 0 1 9 -85.92 0.4142809311761813
2 0 9 6 -86.93 1.8306104706098087
2 0 2 4 -78.4438 2.341681953932289
2 0 9 9 -88.66 0.7535492018748609
2 0 8 7 -87.1454 0.7535492018748609
2 0 6 9 -87.79 1.4346625681183898
2 0 9 8 -88.53 0.4202676150502109
2 0 3 4 -78.9645 1.045630193236076
2 0 2 7 -84.2145 1.5204824599919968
2 0 1 3 -75.6737 2.574836982024013
2 1 8 0 -83.53 1.5204824599919968
2 1 6 3 -80.5524 1.4346625681183898
2 1 3 7 -83.0674 1.8626419592629413
2 1 9 2 -84.47 1.4346625681183898
2 1 0 6 -82.08 0.4202676150502109
2 1 7 4 -83.0574 0.7535492018748609
2 1 9 4 -85.61 0.5181550542899774
2 1 4 7 -83.5189 2.574836982024013
2 1 6 6 -83.8264 0.31961585322723524
2 1 2 9 -84.91 0.4154391840750011
2 1 1 9 -84.9 0.4142809311761813
2 1 9 6 -86.7 1.8306104706098087
2 1 2 4 -75.5741 2.341681953932289
2 1 9 9 -87.93 0.7535492018748609
2 1 8 7 -86.4764 0.7535492018748609
2 1 6 9 -86.91 1.4346625681183898
2 1 9 8 -87.68 0.4202676150502109
2 1 3 4 -76.4704 1.045630193236076
2 1 2 7 -82.8559 1.5204824599919968
2 1 1 3 -71.5391 2.574836982024013
2 2 8 0 -83.62 1.5204824599919968
2 2 6 3 -79.8511 1.4346625681183898
2 2 3 7 -81.5201 1.8626419592629413
2 2 9 2 -84.43 1.4346625681183898
2 2 0 6 -80.37 0.4202676150502109
2 2 7 4 -82.4004 0.7535492018748609
2 2 9 4 -84.55 0.5181550542899774
2 2 4 7 -82.1523 2.574836982024013
2 2 6 6 -82.7956 0.31961585322723524
2 2 2 9 -83.75 0.4154391840750011
2 2 1 9 -83.73 0.4142809311761813
2 2 9 6 -85.81 1.8306104706098087
2 2 2 4 -71.0445 2.341681953932289
2 2 9 9 -87.68 0.7535492018748609
2 2 8 7 -85.8101 0.7535492018748609
2 2 6 9 -85.94 1.4346625681183898
2 2 9 8 -86.9 0.4202676150502109
2 2 3 4 -73.2591 1.045630193236076
2 2 2 7 -81.2335 1.5204824599919968
2 2 1 3 -65.5917 2.574836982024013
2 3 8 0 -83.78 1.5204824599919968
2 3 6 3 -79.5031 1.4346625681183898
2 3 3 7 -79.6778 1.8626419592629413
2 3 9 2 -84.45 1.4346625681183898
2 3 0 6 -78.22 0.4202676150502109
2 3 7 4 -81.9103 0.7535492018748609
2 3 9 4 -84.46 0.5181550542899774
2 3 4 7 -80.5905 2.574836982024013
2 3 6 6 -81.786 0.31961585322723524
2 3 2 9 -82.41 0.4154391840750011
2 3 1 9 -82.39 0.4142809311761813
2 3 9 6 -85.61 1.8306104706098087
2 3 2 4 -64.6686 2.341681953932289
2 3 9 9 -86.88 0.7535492018748609
2 3 8 7 -85.1625 0.7535492018748609
2 3 6 9 -84.91 1.4346625681183898
2 3 9 8 -86.66 0.4202676150502109
2 3 3 4 -68.4447 1.045630193236076
2 3 2 7 -79.2324 1.5204824599919968
2 3 1 3 -62.087199999999996 2.574836982024013
2 4 8 0 -84.05 1.5204824599919968
2 4 6 3 -79.5745 1.4346625681183898
2 4 3 7 -77.3717 1.8626419592629413
2 4 9 2 -84.53 1.4346625681183898
2 4 0 6 -75.61 0.4202676150502109
2 4 7 4 -81.6547 0.7535492018748609
2 4 9 4 -84.42 0.5181550542899774
2 4 4 7 -78.8022 2.574836982024013
2 4 6 6 -80.8335 0.31961585322723524
2 4 2 9 -80.83 0.4154391840750011
2 4 1 9 -80.79 0.4142809311761813
2 4 9 6 -84.66 1.8306104706098087
2 4 2 4 -60.5112 2.341681953932289
2 4 9 9 -86.65 0.7535492018748609
2 4 8 7 -84.5615 0.7535492018748609
2 4 6 9 -83.76 1.4346625681183898
2 4 9 8 -85.78 0.4202676150502109
2 4 3 4 -64.4416 1.045630193236076
2 4 2 7 -76.6244 1.5204824599919968
2 4 1 3 -63.2799 2.574836982024013
2 5 8 0 -85.07 1.5204824599919968
2 5 6 3 -80.0487 1.4346625681183898
2 5 3 7 -74.4751 1.8626419592629413
2 5 9 2 -84.67 1.4346625681183898
2 5 0 6 -70.83 0.4202676150502109
2 5 7 4 -81.6651 0.7535492018748609
2 5 9 4 -84.46 0.5181550542899774
2 5 4 7 -76.7337 2.574836982024013
2 5 6 6 -80.055 0.31961585322723524
2 5 2 9 -78.89 0.4154391840750011
2 5 1 9 -78.84 0.4142809311761813
2 5 9 6 -84.52 1.8306104706098087
2 5 2 4 -61.221199999999996 2.341681953932289
2 5 9 9 -85.77 0.7535492018748609
2 5 8 7 -84.0421 0.7535492018748609
2 5 6 9 -82.4 1.4346625681183898
2 5 9 8 -85.58 0.4202676150502109
2 5 3 4 -64.6572 1.045630193236076
2 5 2 7 -72.9004 1.5204824599919968
2 5 1 3 -67.4884 2.574836982024013
2 6 8 0 -85.38 1.5204824599919968
2 6 6 3 -80.8245 1.4346625681183898
2 6 3 7 -70.2144 1.8626419592629413
2 6 9 2 -85.63 1.4346625681183898
2 6 0 6 -70.78 0.4202676150502109
2 6 7 4 -81.9528 0.7535492018748609
2 6 9 4 -84.55 0.5181550542899774
2 6 4 7 -74.613 2.574836982024013
2 6 6 6 -79.5756 0.31961585322723524
2 6 2 9 -76.39 0.4154391840750011
2 6 1 9 -76.31 0.4142809311761813
2 6 9 6 -84.44 1.8306104706098087
2 6 2 4 -65.1306 2.341681953932289
2 6 9 9 -85.57 0.7535492018748609
2 6 8 7 -83.6425 0.7535492018748609
2 6 6 9 -82.04 1.4346625681183898
2 6 9 8 -84.64 0.4202676150502109
2 6 3 4 -69.0183 1.045630193236076
2 6 2 7 -66.4196 1.5204824599919968
2 6 1 3 -73.1805 2.574836982024013
2 7 8 0 -86.3 1.5204824599919968
2 7 6 3 -81.7726 1.4346625681183898
2 7 3 7 -65.4787 1.8626419592629413
2 7 9 2 -85.83 1.4346625681183898
2 7 0 6 -70.86 0.4202676150502109
2 7 7 4 -82.4588 0.7535492018748609
2 7 9 4 -84.7 0.5181550542899774
2 7 4 7 -72.942 2.574836982024013
2 7 6 6 -79.5026 0.31961585322723524
2 7 2 9 -72.87 0.4154391840750011
2 7 1 9 -72.73 0.4142809311761813
2 7 9 6 -84.43 1.8306104706098087
2 7 2 4 -71.7537 2.341681953932289
2 7 9 9 -84.63 0.7535492018748609
2 7 8 7 -83.4043 0.7535492018748609
2 7 6 9 -80.49 1.4346625681183898
2 7 9 8 -84.51 0.4202676150502109
2 7 3 4 -73.651 1.045630193236076
2 7 2 7 -61.1931 1.5204824599919968
2 7 1 3 -76.6496 2.574836982024013
2 8 8 0 -87.18 1.5204824599919968
2 8 6 3 -82.7917 1.4346625681183898
2 8 3 7 -64.1046 1.8626419592629413
2 8 9 2 -86.07 1.4346625681183898
2 8 0 6 -70.85 0.4202676150502109
2 8 7 4 -83.1231 0.7535492018748609
2 8 9 4 -85.66 0.5181550542899774
2 8 4 7 -72.4958 2.574836982024013
2 8 6 6 -79.8487 0.31961585322723524
2 8 2 9 -66.85 0.4154391840750011
2 8 1 9 -66.53 0.4142809311761813
2 8 9 6 -84.47 1.8306104706098087
2 8 2 4 -75.951 2.341681953932289
2 8 9 9 -84.5 0.7535492018748609
2 8 8 7 -83.3468 0.7535492018748609
2 8 6 9 -80.18 1.4346625681183898
2 8 9 8 -84.44 0.4202676150502109
2 8 3 4 -76.7657 1.045630193236076
2 8 2 7 -59.7093 1.5204824599919968
2 8 1 3 -79.1941 2.574836982024013
2 9 8 0 -88.07 1.5204824599919968
2 9 6 3 -83.8072 1.4346625681183898
2 9 3 7 -67.2531 1.8626419592629413
2 9 9 2 -86.95 1.4346625681183898
2 9 0 6 -75.4 0.4202676150502109
2 9 7 4 -83.8893 0.7535492018748609
2 9 9 4 -85.72 0.5181550542899774
2 9 4 7 -73.6035 2.574836982024013
2 9 6 6 -80.5361 0.31961585322723524
2 9 2 9 -64.88 0.4154391840750011
2 9 1 9 -70.78 0.4142809311761813
2 9 9 6 -84.58 1.8306104706098087
2 9 2 4 -78.7227 2.341681953932289
2 9 9 9 -84.43 0.7535492018748609
2 9 8 7 -83.4849 0.7535492018748609
2 9 6 9 -80.02 1.4346625681183898
2 9 9 8 -84.43 0.4202676150502109
2 9 3 4 -79.2081 1.045630193236076
2 9 2 7 -63.2928 1.5204824599919968
2 9 1 3 -81.1715 2.574836982024013
3 0 8 0 -81.33 1.5204824599919968
3 0 6 3 -79.9305 1.4346625681183898
3 0 3 7 -84.2341 1.8626419592629413
3 0 9 2 -83.68 1.4346625681183898
3 0 0 6 -83.16 0.4202676150502109
3 0 7 4 -82.6865 0.7535492018748609
3 0 9 4 -85.13 0.5181550542899774
3 0 4 7 -84.4092 2.574836982024013
3 0 6 6 -84.0773 0.31961585322723524
3 0 2 9 -86.77 0.4154391840750011
3 0 1 9 -86.77 0.4142809311761813
3 0 9 6 -86.32 1.8306104706098087
3 0 2 4 -78.6222 2.341681953932289
3 0 9 9 -88.19 0.7535492018748609
3 0 8 7 -86.541 0.7535492018748609
3 0 6 9 -87.2 1.4346625681183898
3 0 9 8 -88.05 0.4202676150502109
3 0 3 4 -78.4624 1.045630193236076
3 0 2 7 -84.2911 1.5204824599919968
3 0 1 3 -77.0178 2.574836982024013
3 1 8 0 -81.36 1.5204824599919968
3 1 6 3 -78.6348 1.4346625681183898
3 1 3 7 -82.8656 1.8626419592629413
3 1 9 2 -83.56 1.4346625681183898
3 1 0 6 -83.16 0.4202676150502109
3 1 7 4 -81.7181 0.7535492018748609
3 1 9 4 -83.84 0.5181550542899774
3 1 4 7 -83.0975 2.574836982024013
3 1 6 6 -82.9417 0.31961585322723524
3 1 2 9 -84.88 0.4154391840750011
3 1 1 9 -84.21 0.4142809311761813
3 1 9 6 -86.17 1.8306104706098087
3 1 2 4 -75.8838 2.341681953932289
3 1 9 9 -87.39 0.7535492018748609
3 1 8 7 -85.7663 0.7535492018748609
3 1 6 9 -86.3 1.4346625681183898
3 1 9 8 -87.15 0.4202676150502109
3 1 3 4 -75.6071 1.045630193236076
3 1 2 7 -82.9105 1.5204824599919968
3 1 1 3 -74.3254 2.574836982024013
3 2 8 0 -82.62 1.5204824599919968
3 2 6 3 -77.585 1.4346625681183898
3 2 3 7 -81.2433 1.8626419592629413
3 2 9 2 -82.49 1.4346625681183898
3 2 0 6 -80.21 0.4202676150502109
3 2 7 4 -80.8287 0.7535492018748609
3 2 9 4 -83.66 0.5181550542899774
3 2 4 7 -81.5736 2.574836982024013
3 2 6 6 -81.6949 0.31961585322723524
3 2 2 9 -83.7 0.4154391840750011
3 2 1 9 -83.49 0.4142809311761813
3 2 9 6 -85.01 1.8306104706098087
3 2 2 4 -71.9223 2.341681953932289
3 2 9 9 -87.13 0.7535492018748609
3 2 8 7 -84.9772 0.7535492018748609
3 2 6 9 -85.3 1.4346625681183898
3 2 9 8 -86.28 0.4202676150502109
3 2 3 4 -71.1084 1.045630193236076
3 2 2 7 -81.3189 1.5204824599919968
3 2 1 3 -71.4059 2.574836982024013
3 3 8 0 -82.81 1.5204824599919968
3 3 6 3 -76.9999 1.4346625681183898
3 3 3 7 -79.2508 1.8626419592629413
3 3 9 2 -83.54 1.4346625681183898
3 3 0 6 -77.63 0.4202676150502109
3 3 7 4 -80.1352 0.7535492018748609
3 3 9 4 -83.55 0.5181550542899774
3 3 4 7 -79.7591 2.574836982024013
3 3 6 6 -80.3746 0.31961585322723524
3 3 2 9 -82.35 0.4154391840750011
3 3 1 9 -83.39 0.4142809311761813
3 3 9 6 -84.03 1.8306104706098087
3 3 2 4 -65.7959 2.341681953932289
3 3 9 9 -86.26 0.7535492018748609
3 3 8 7 -84.1881 0.7535492018748609
3 3 6 9 -84.18 1.4346625681183898
3 3 9 8 -86.17 0.4202676150502109
3 3 3 4 -64.6073 1.045630193236076
3 3 2 7 -79.384 1.5204824599919968
3 3 1 3 -68.9874 2.574836982024013
3 4 8 0 -83.08 1.5204824599919968
3 4 6 3 -77.1114 1.4346625681183898
3 4 3 7 -76.6569 1.8626419592629413
3 4 9 2 -83.64 1.4346625681183898
3 4 0 6 -77.23 0.4202676150502109
3 4 7 4 -79.7609 0.7535492018748609
3 4 9 4 -83.54 0.5181550542899774
3 4 4 7 -77.5028 2.574836982024013
3 4 6 6 -79.0558 0.31961585322723524
3 4 2 9 -80.75 0.4154391840750011
3 4 1 9 -81.96 0.4142809311761813
3 4 9 6 -83.8 1.8306104706098087
3 4 2 4 -61.3755 2.341681953932289
3 4 9 9 -85.3 0.7535492018748609
3 4 8 7 -83.4304 0.7535492018748609
3 4 6 9 -83.0 1.4346625681183898
3 4 9 8 -85.01 0.4202676150502109
3 4 3 4 -59.985299999999995 1.045630193236076
3 4 2 7 -76.8823 1.5204824599919968
3 4 1 3 -69.5348 2.574836982024013
3 5 8 0 -84.28 1.5204824599919968
3 5 6 3 -77.8729 1.4346625681183898
3 5 3 7 -72.9918 1.8626419592629413
3 5 9 2 -83.8 1.4346625681183898
3 5 0 6 -74.18 0.4202676150502109
3 5 7 4 -79.7848 0.7535492018748609
3 5 9 4 -83.55 0.5181550542899774
3 5 4 7 -74.6667 2.574836982024013
3 5 6 6 -77.8877 0.31961585322723524
3 5 2 9 -78.77 0.4154391840750011
3 5 1 9 -80.21 0.4142809311761813
3 5 9 6 -83.63 1.8306104706098087
3 5 2 4 -61.581 2.341681953932289
3 5 9 9 -85.01 0.7535492018748609
3 5 8 7 -82.7525 0.7535492018748609
3 5 6 9 -81.4 1.4346625681183898
3 5 9 8 -83.99 0.4202676150502109
3 5 3 4 -60.265100000000004 1.045630193236076
3 5 2 7 -73.501 1.5204824599919968
3 5 1 3 -72.3538 2.574836982024013
3 6 8 0 -84.71 1.5204824599919968
3 6 6 3 -79.0399 1.4346625681183898
3 6 3 7 -66.5748 1.8626419592629413
3 6 9 2 -84.03 1.4346625681183898
3 6 0 6 -74.15 0.4202676150502109
3 6 7 4 -80.197 0.7535492018748609
3 6 9 4 -83.66 0.5181550542899774
3 6 4 7 -70.7757 2.574836982024013
3 6 6 6 -77.1221 0.31961585322723524
3 6 2 9 -76.2 0.4154391840750011
3 6 1 9 -75.72 0.4142809311761813
3 6 9 6 -83.53 1.8306104706098087
3 6 2 4 -66.3643 2.341681953932289
3 6 9 9 -83.97 0.7535492018748609
3 6 8 7 -82.2219 0.7535492018748609
3 6 6 9 -80.86 1.4346625681183898
3 6 9 8 -83.77 0.4202676150502109
3 6 3 4 -65.1372 1.045630193236076
3 6 2 7 -67.8722 1.5204824599919968
3 6 1 3 -75.2762 2.574836982024013
3 7 8 0 -85.63 1.5204824599919968
3 7 6 3 -80.3743 1.4346625681183898
3 7 3 7 -61.2029 1.8626419592629413
3 7 9 2 -85.13 1.4346625681183898
3 7 0 6 -73.97 0.4202676150502109
3 7 7 4 -80.9117 0.7535492018748609
3 7 9 4 -83.83 0.5181550542899774
3 7 4 7 -66.2418 2.574836982024013
3 7 6 6 -76.993 0.31961585322723524
3 7 2 9 -72.52 0.4154391840750011
3 7 1 9 -74.9 0.4142809311761813
3 7 9 6 -83.56 1.8306104706098087
3 7 2 4 -72.4874 2.341681953932289
3 7 9 9 -83.75 0.7535492018748609
3 7 8 7 -81.8947 0.7535492018748609
3 7 6 9 -79.08 1.4346625681183898
3 7 9 8 -83.61 0.4202676150502109
3 7 3 4 -71.8098 1.045630193236076
3 7 2 7 -62.5021 1.5204824599919968
3 7 1 3 -77.7717 2.574836982024013
3 8 8 0 -86.61 1.5204824599919968
3 8 6 3 -81.6899 1.4346625681183898
3 8 3 7 -59.1738 1.8626419592629413
3 8 9 2 -85.38 1.4346625681183898
3 8 0 6 -74.24 0.4202676150502109
3 8 7 4 -81.8153 0.7535492018748609
3 8 9 4 -84.07 0.5181550542899774
3 8 4 7 -64.9191 2.574836982024013
3 8 6 6 -77.5736 0.31961585322723524
3 8 2 9 -66.58 0.4154391840750011
3 8 1 9 -74.59 0.4142809311761813
3 8 9 6 -83.56 1.8306104706098087
3 8 2 4 -76.2351 2.341681953932289
3 8 9 9 -83.6 0.7535492018748609
3 8 8 7 -81.8158 0.7535492018748609
3 8 6 9 -78.67 1.4346625681183898
3 8 9 8 -83.52 0.4202676150502109
3 8 3 4 -75.9814 1.045630193236076
3 8 2 7 -60.8845 1.5204824599919968
3 8 1 3 -79.8877 2.574836982024013
3 9 8 0 -87.54 1.5204824599919968
3 9 6 3 -82.9417 1.4346625681183898
3 9 3 7 -63.3394 1.8626419592629413
3 9 9 2 -86.33 1.4346625681183898
3 9 0 6 -74.9 0.4202676150502109
3 9 7 4 -82.794 0.7535492018748609
3 9 9 4 -85.14 0.5181550542899774
3 9 4 7 -67.9943 2.574836982024013
3 9 6 6 -78.6275 0.31961585322723524
3 9 2 9 -64.88 0.4154391840750011
3 9 1 9 -70.64 0.4142809311761813
3 9 9 6 -83.71 1.8306104706098087
3 9 2 4 -78.8882 2.341681953932289
3 9 9 9 -83.52 0.7535492018748609
3 9 8 7 -82.0092 0.7535492018748609
3 9 6 9 -76.53 1.4346625681183898
3 9 9 8 -82.49 0.4202676150502109
3 9 3 4 -78.7395 1.045630193236076
3 9 2 7 -64.478 1.5204824599919968
3 9 1 3 -81.6281 2.574836982024013
4 0 8 0 -80.0 1.5204824599919968
4 0 6 3 -78.2802 1.4346625681183898
4 0 3 7 -84.2621 1.8626419592629413
4 0 9 2 -81.6 1.4346625681183898
4 0 0 6 -84.28 0.4202676150502109
4 0 7 4 -81.5406 0.7535492018748609
4 0 9 4 -84.34 0.5181550542899774
4 0 4 7 -84.2405 2.574836982024013
4 0 6 6 -83.4951 0.31961585322723524
4 0 2 9 -86.73 0.4154391840750011
4 0 1 9 -86.63 0.4142809311761813
4 0 9 6 -85.56 1.8306104706098087
4 0 2 4 -79.3438 2.341681953932289
4 0 9 9 -87.54 0.7535492018748609
4 0 8 7 -85.947 0.7535492018748609
4 0 6 9 -86.67 1.4346625681183898
4 0 9 8 -87.54 0.4202676150502109
4 0 3 4 -78.5768 1.045630193236076
4 0 2 7 -84.5019 1.5204824599919968
4 0 1 3 -78.7056 2.574836982024013
4 1 8 0 -80.02 1.5204824599919968
4 1 6 3 -76.3231 1.4346625681183898
4 1 3 7 -82.9112 1.8626419592629413
4 1 9 2 -81.41 1.4346625681183898
4 1 0 6 -83.0 0.4202676150502109
4 1 7 4 -80.2501 0.7535492018748609
4 1 9 4 -82.88 0.5181550542899774
4 1 4 7 -82.8756 2.574836982024013
4 1 6 6 -82.1516 0.31961585322723524
4 1 2 9 -85.79 0.4154391840750011
4 1 1 9 -85.66 0.4142809311761813
4 1 9 6 -84.33 1.8306104706098087
4 1 2 4 -77.0788 2.341681953932289
4 1 9 9 -86.88 0.7535492018748609
4 1 8 7 -85.0556 0.7535492018748609
4 1 6 9 -85.71 1.4346625681183898
4 1 9 8 -86.57 0.4202676150502109
4 1 3 4 -75.8166 1.045630193236076
4 1 2 7 -83.2212 1.5204824599919968
4 1 1 3 -76.9153 2.574836982024013
4 2 8 0 -80.2 1.5204824599919968
4 2 6 3 -74.5429 1.4346625681183898
4 2 3 7 -81.3048 1.8626419592629413
4 2 9 2 -81.33 1.4346625681183898
4 2 0 6 -81.05 0.4202676150502109
4 2 7 4 -79.0015 0.7535492018748609
4 2 9 4 -82.88 0.5181550542899774
4 2 4 7 -81.2603 2.574836982024013
4 2 6 6 -80.6248 0.31961585322723524
4 2 2 9 -84.73 0.4154391840750011
4 2 1 9 -84.57 0.4142809311761813
4 2 9 6 -84.31 1.8306104706098087
4 2 2 4 -74.2644 2.341681953932289
4 2 9 9 -86.55 0.7535492018748609
4 2 8 7 -84.125 0.7535492018748609
4 2 6 9 -84.64 1.4346625681183898
4 2 9 8 -85.56 0.4202676150502109
4 2 3 4 -71.3638 1.045630193236076
4 2 2 7 -81.7484 1.5204824599919968
4 2 1 3 -75.2845 2.574836982024013
4 3 8 0 -80.61 1.5204824599919968
4 3 6 3 -73.5044 1.4346625681183898
4 3 3 7 -79.3435 1.8626419592629413
4 3 9 2 -81.37 1.4346625681183898
4 3 0 6 -81.01 0.4202676150502109
4 3 7 4 -77.9658 0.7535492018748609
4 3 9 4 -81.39 0.5181550542899774
4 3 4 7 -79.2739 2.574836982024013
4 3 6 6 -78.8918 0.31961585322723524
4 3 2 9 -83.53 0.4154391840750011
4 3 1 9 -83.32 0.4142809311761813
4 3 9 6 -83.12 1.8306104706098087
4 3 2 4 -71.2246 2.341681953932289
4 3 9 9 -85.56 0.7535492018748609
4 3 8 7 -83.1506 0.7535492018748609
4 3 6 9 -83.4 1.4346625681183898
4 3 9 8 -84.58 0.4202676150502109
4 3 3 4 -65.39 1.045630193236076
4 3 2 7 -80.0066 1.5204824599919968
4 3 1 3 -74.3764 2.574836982024013
4 4 8 0 -82.05 1.5204824599919968
4 4 6 3 -73.7146 1.4346625681183898
4 4 3 7 -76.8093 1.8626419592629413
4 4 9 2 -81.52 1.4346625681183898
4 4 0 6 -79.2 0.4202676150502109
4 4 7 4 -77.3499 0.7535492018748609
4 4 9 4 -81.33 0.5181550542899774
4 4 4 7 -76.6903 2.574836982024013
4 4 6 6 -76.9963 0.31961585322723524
4 4 2 9 -82.12 0.4154391840750011
4 4 1 9 -83.02 0.4142809311761813
4 4 9 6 -82.84 1.8306104706098087
4 4 2 4 -68.2549 2.341681953932289
4 4 9 9 -84.56 0.7535492018748609
4 4 8 7 -82.1853 0.7535492018748609
4 4 6 9 -81.96 1.4346625681183898
4 4 9 8 -84.26 0.4202676150502109
4 4 3 4 -60.730000000000004 1.045630193236076
4 4 2 7 -77.8976 1.5204824599919968
4 4 1 3 -74.5484 2.574836982024013
4 5 8 0 -83.53 1.5204824599919968
4 5 6 3 -75.0786 1.4346625681183898
4 5 3 7 -73.3361 1.8626419592629413
4 5 9 2 -82.84 1.4346625681183898
4 5 0 6 -78.76 0.4202676150502109
4 5 7 4 -77.3814 0.7535492018748609
4 5 9 4 -81.38 0.5181550542899774
4 5 4 7 -73.059 2.574836982024013
4 5 6 6 -75.0984 0.31961585322723524
4 5 2 9 -80.42 0.4154391840750011
4 5 1 9 -80.26 0.4142809311761813
4 5 9 6 -81.52 1.8306104706098087
4 5 2 4 -68.4529 2.341681953932289
4 5 9 9 -84.24 0.7535492018748609
4 5 8 7 -81.2885 0.7535492018748609
4 5 6 9 -80.26 1.4346625681183898
4 5 9 8 -83.07 0.4202676150502109
4 5 3 4 -61.3673 1.045630193236076
4 5 2 7 -75.5233 1.5204824599919968
4 5 1 3 -75.768 2.574836982024013
4 6 8 0 -83.93 1.5204824599919968
4 6 6 3 -76.9711 1.4346625681183898
4 6 3 7 -67.3598 1.8626419592629413
4 6 9 2 -83.12 1.4346625681183898
4 6 0 6 -76.58 0.4202676150502109
4 6 7 4 -78.038 0.7535492018748609
4 6 9 4 -81.55 0.5181550542899774
4 6 4 7 -66.7851 2.574836982024013
4 6 6 6 -73.7253 0.31961585322723524
4 6 2 9 -78.29 0.4154391840750011
4 6 1 9 -79.63 0.4142809311761813
4 6 9 6 -81.37 1.8306104706098087
4 6 2 4 -71.4929 2.341681953932289
4 6 9 9 -83.05 0.7535492018748609
4 6 8 7 -80.5393 0.7535492018748609
4 6 6 9 -79.78 1.4346625681183898
4 6 9 8 -82.81 0.4202676150502109
4 6 3 4 -65.9781 1.045630193236076
4 6 2 7 -72.2847 1.5204824599919968
4 6 1 3 -77.4694 2.574836982024013
4 7 8 0 -84.92 1.5204824599919968
4 7 6 3 -78.8941 1.4346625681183898
4 7 3 7 -62.261300000000006 1.8626419592629413
4 7 9 2 -83.45 1.4346625681183898
4 7 0 6 -76.47 0.4202676150502109
4 7 7 4 -79.1172 0.7535492018748609
4 7 9 4 -82.88 0.5181550542899774
4 7 4 7 -61.3818 2.574836982024013
4 7 6 6 -73.4933 0.31961585322723524
4 7 2 9 -72.21 0.4154391840750011
4 7 1 9 -77.43 0.4142809311761813
4 7 9 6 -81.33 1.8306104706098087
4 7 2 4 -74.7128 2.341681953932289
4 7 9 9 -82.79 0.7535492018748609
4 7 8 7 -80.0693 0.7535492018748609
4 7 6 9 -77.42 1.4346625681183898
4 7 9 8 -81.49 0.4202676150502109
4 7 3 4 -72.266 1.045630193236076
4 7 2 7 -69.1477 1.5204824599919968
4 7 1 3 -79.2158 2.574836982024013
4 8 8 0 -85.98 1.5204824599919968
4 8 6 3 -80.6175 1.4346625681183898
4 8 3 7 -60.317400000000006 1.8626419592629413
4 8 9 2 -84.63 1.4346625681183898
4 8 0 6 -78.77 0.4202676150502109
4 8 7 4 -80.3817 0.7535492018748609
4 8 9 4 -82.99 0.5181550542899774
4 8 4 7 -59.6006 2.574836982024013
4 8 6 6 -74.5409 0.31961585322723524
4 8 2 9 -74.59 0.4154391840750011
4 8 1 9 -76.87 0.4142809311761813
4 8 9 6 -81.41 1.8306104706098087
4 8 2 4 -77.3636 2.341681953932289
4 8 9 9 -81.48 0.7535492018748609
4 8 8 7 -79.9584 0.7535492018748609
4 8 6 9 -74.58 1.4346625681183898
4 8 9 8 -81.35 0.4202676150502109
4 8 3 4 -76.1639 1.045630193236076
4 8 2 7 -67.9001 1.5204824599919968
4 8 1 3 -80.8501 2.574836982024013
4 9 8 0 -86.96 1.5204824599919968
4 9 6 3 -82.1446 1.4346625681183898
4 9 3 7 -64.2209 1.8626419592629413
4 9 9 2 -85.69 1.4346625681183898
4 9 0 6 -78.85 0.4202676150502109
4 9 7 4 -81.6646 0.7535492018748609
4 9 9 4 -84.48 0.5181550542899774
4 9 4 7 -63.5891 2.574836982024013
4 9 6 6 -76.315 0.31961585322723524
4 9 2 9 -70.65 0.4154391840750011
4 9 1 9 -74.08 0.4142809311761813
4 9 9 6 -81.6 1.8306104706098087
4 9 2 4 -79.5585 2.341681953932289
4 9 9 9 -81.35 0.7535492018748609
4 9 8 7 -80.2422 0.7535492018748609
4 9 6 9 -74.07 1.4346625681183898
4 9 9 8 -81.33 0.4202676150502109
4 9 3 4 -78.838 1.045630193236076
4 9 2 7 -70.3016 1.5204824599919968
4 9 1 3 -82.4374 2.574836982024013
5 0 8 0 -78.42 1.5204824599919968
5 0 6 3 -76.6409 1.4346625681183898
5 0 3 7 -84.4615 1.8626419592629413
5 0 9 2 -80.35 1.4346625681183898
5 0 0 6 -84.83 0.4202676150502109
5 0 7 4 -80.3749 0.7535492018748609
5 0 9 4 -82.2 0.5181550542899774
5 0 4 7 -84.2504 2.574836982024013
5 0 6 6 -83.022 0.31961585322723524
5 0 2 9 -86.67 0.4154391840750011
5 0 1 9 -87.14 0.4142809311761813
5 0 9 6 -84.88 1.8306104706098087
5 0 2 4 -80.3865 2.341681953932289
5 0 9 9 -86.98 0.7535492018748609
5 0 8 7 -85.3885 0.7535492018748609
5 0 6 9 -86.71 1.4346625681183898
5 0 9 8 -86.98 0.4202676150502109
5 0 3 4 -79.2398 1.045630193236076
5 0 2 7 -84.8586 1.5204824599919968
5 0 1 3 -80.2953 2.574836982024013
5 1 8 0 -78.45 1.5204824599919968
5 1 6 3 -73.8418 1.4346625681183898
5 1 3 7 -83.1812 1.8626419592629413
5 1 9 2 -80.1 1.4346625681183898
5 1 0 6 -83.51 0.4202676150502109
5 1 7 4 -78.6811 0.7535492018748609
5 1 9 4 -82.02 0.5181550542899774
5 1 4 7 -82.8938 2.574836982024013
5 1 6 6 -81.4981 0.31961585322723524
5 1 2 9 -85.71 0.4154391840750011
5 1 1 9 -86.4 0.4142809311761813
5 1 9 6 -83.85 1.8306104706098087
5 1 2 4 -78.6453 2.341681953932289
5 1 9 9 -86.25 0.7535492018748609
5 1 8 7 -84.371 0.7535492018748609
5 1 6 9 -85.77 1.4346625681183898
5 1 9 8 -86.0 0.4202676150502109
5 1 3 4 -76.9424 1.045630193236076
5 1 2 7 -83.7013 1.5204824599919968
5 1 1 3 -79.0934 2.574836982024013
5 2 8 0 -78.68 1.5204824599919968
5 2 6 3 -70.0619 1.4346625681183898
5 2 3 7 -81.6844 1.8626419592629413
5 2 9 2 -79.99 1.4346625681183898
5 2 0 6 -83.51 0.4202676150502109
5 2 7 4 -76.821 0.7535492018748609
5 2 9 4 -80.3 0.5181550542899774
5 2 4 7 -81.2767 2.574836982024013
5 2 6 6 -79.6947 0.31961585322723524
5 2 2 9 -84.63 0.4154391840750011
5 2 1 9 -85.3 0.4142809311761813
5 2 9 6 -83.59 1.8306104706098087
5 2 2 4 -76.8591 2.341681953932289
5 2 9 9 -86.0 0.7535492018748609
5 2 8 7 -83.2625 0.7535492018748609
5 2 6 9 -84.7 1.4346625681183898
5 2 9 8 -84.88 0.4202676150502109
5 2 3 4 -74.0882 1.045630193236076
5 2 2 7 -82.3883 1.5204824599919968
5 2 1 3 -78.1351 2.574836982024013
5 3 8 0 -79.08 1.5204824599919968
5 3 6 3 -67.022 1.4346625681183898
5 3 3 7 -79.9131 1.8626419592629413
5 3 9 2 -80.04 1.4346625681183898
5 3 0 6 -81.91 0.4202676150502109
5 3 7 4 -75.0865 0.7535492018748609
5 3 9 4 -80.07 0.5181550542899774
5 3 4 7 -79.3051 2.574836982024013
5 3 6 6 -77.4894 0.31961585322723524
5 3 2 9 -83.39 0.4154391840750011
5 3 1 9 -84.18 0.4142809311761813
5 3 9 6 -82.02 1.8306104706098087
5 3 2 4 -75.0997 2.341681953932289
5 3 9 9 -84.91 0.7535492018748609
5 3 8 7 -82.0832 0.7535492018748609
5 3 6 9 -83.49 1.4346625681183898
5 3 9 8 -83.79 0.4202676150502109
5 3 3 4 -70.3301 1.045630193236076
5 3 2 7 -80.9197 1.5204824599919968
5 3 1 3 -77.6365 2.574836982024013
5 4 8 0 -80.91 1.5204824599919968
5 4 6 3 -67.6613 1.4346625681183898
5 4 3 7 -77.7674 1.8626419592629413
5 4 9 2 -80.23 1.4346625681183898
5 4 0 6 -81.91 0.4202676150502109
5 4 7 4 -73.9984 0.7535492018748609
5 4 9 4 -79.99 0.5181550542899774
5 4 4 7 -76.739 2.574836982024013
5 4 6 6 -74.7803 0.31961585322723524
5 4 2 9 -81.96 0.4154391840750011
5 4 1 9 -83.76 0.4142809311761813
5 4 9 6 -80.57 1.8306104706098087
5 4 2 4 -74.0045 2.341681953932289
5 4 9 9 -83.76 0.7535492018748609
5 4 8 7 -80.8348 0.7535492018748609
5 4 6 9 -82.06 1.4346625681183898
5 4 9 8 -83.59 0.4202676150502109
5 4 3 4 -67.1971 1.045630193236076
5 4 2 7 -79.2513 1.5204824599919968
5 4 1 3 -77.7404 2.574836982024013
5 5 8 0 -81.44 1.5204824599919968
5 5 6 3 -71.3573 1.4346625681183898
5 5 3 7 -75.1105 1.8626419592629413
5 5 9 2 -80.55 1.4346625681183898
5 5 0 6 -80.25 0.4202676150502109
5 5 7 4 -74.0501 0.7535492018748609
5 5 9 4 -80.06 0.5181550542899774
5 5 4 7 -73.2277 2.574836982024013
5 5 6 6 -71.4134 0.31961585322723524
5 5 2 9 -80.26 0.4154391840750011
5 5 1 9 -82.45 0.4142809311761813
5 5 9 6 -80.24 1.8306104706098087
5 5 2 4 -74.0639 2.341681953932289
5 5 9 9 -82.44 0.7535492018748609
5 5 8 7 -79.593 0.7535492018748609
5 5 6 9 -80.35 1.4346625681183898
5 5 9 8 -82.02 0.4202676150502109
5 5 3 4 -67.4036 1.045630193236076
5 5 2 7 -77.4598 1.5204824599919968
5 5 1 3 -78.4092 2.574836982024013
5 6 8 0 -83.03 1.5204824599919968
5 6 6 3 -74.7872 1.4346625681183898
5 6 3 7 -71.1915 1.8626419592629413
5 6 9 2 -82.16 1.4346625681183898
5 6 0 6 -80.04 0.4202676150502109
5 6 7 4 -75.2425 0.7535492018748609
5 6 9 4 -80.27 0.5181550542899774
5 6 4 7 -67.0509 2.574836982024013
5 6 6 6 -67.8197 0.31961585322723524
5 6 2 9 -79.63 0.4154391840750011
5 6 1 9 -80.91 0.4142809311761813
5 6 9 6 -80.04 1.8306104706098087
5 6 2 4 -75.2565 2.341681953932289
5 6 9 9 -82.02 0.7535492018748609
5 6 8 7 -78.5213 0.7535492018748609
5 6 6 9 -78.18 1.4346625681183898
5 6 9 8 -80.52 0.4202676150502109
5 6 3 4 -70.9629 1.045630193236076
5 6 2 7 -75.6903 1.5204824599919968
5 6 1 3 -79.4621 2.574836982024013
5 7 8 0 -84.16 1.5204824599919968
5 7 6 3 -77.4809 1.4346625681183898
5 7 3 7 -68.3301 1.8626419592629413
5 7 9 2 -82.5 1.4346625681183898
5 7 0 6 -79.99 0.4202676150502109
5 7 7 4 -77.0193 0.7535492018748609
5 7 9 4 -80.61 0.5181550542899774
5 7 4 7 -61.76819999999999 2.574836982024013
5 7 6 6 -67.0223 0.31961585322723524
5 7 2 9 -77.43 0.4154391840750011
5 7 1 9 -79.17 0.4142809311761813
5 7 9 6 -79.99 1.8306104706098087
5 7 2 4 -77.0186 2.341681953932289
5 7 9 9 -80.49 0.7535492018748609
5 7 8 7 -77.7809 0.7535492018748609
5 7 6 9 -75.4 1.4346625681183898
5 7 9 8 -80.2 0.4202676150502109
5 7 3 4 -74.4455 1.045630193236076
5 7 2 7 -74.2675 1.5204824599919968
5 7 1 3 -80.6938 2.574836982024013
5 8 8 0 -85.28 1.5204824599919968
5 8 6 3 -79.6979 1.4346625681183898
5 8 3 7 -66.7485 1.8626419592629413
5 8 9 2 -83.82 1.4346625681183898
5 8 0 6 -80.09 0.4202676150502109
5 8 7 4 -78.8543 0.7535492018748609
5 8 9 4 -82.16 0.5181550542899774
5 8 4 7 -60.3189 2.574836982024013
5 8 6 6 -70.0374 0.31961585322723524
5 8 2 9 -74.59 0.4154391840750011
5 8 1 9 -78.68 0.4142809311761813
5 8 9 6 -80.12 1.8306104706098087
5 8 2 4 -78.8645 2.341681953932289
5 8 9 9 -80.18 0.7535492018748609
5 8 8 7 -77.6088 0.7535492018748609
5 8 6 9 -71.83 1.4346625681183898
5 8 9 8 -80.02 0.4202676150502109
5 8 3 4 -77.2012 1.045630193236076
5 8 2 7 -73.9128 1.5204824599919968
5 8 1 3 -81.9458 2.574836982024013
5 9 8 0 -86.31 1.5204824599919968
5 9 6 3 -81.5026 1.4346625681183898
5 9 3 7 -69.5657 1.8626419592629413
5 9 9 2 -85.0 1.4346625681183898
5 9 0 6 -80.33 0.4202676150502109
5 9 7 4 -80.5457 0.7535492018748609
5 9 9 4 -82.19 0.5181550542899774
5 9 4 7 -63.786100000000005 2.574836982024013
5 9 6 6 -73.75 0.31961585322723524
5 9 2 9 -74.07 0.4154391840750011
5 9 1 9 -78.45 0.4142809311761813
5 9 9 6 -80.33 1.8306104706098087
5 9 2 4 -80.5516 2.341681953932289
5 9 9 9 -80.02 0.7535492018748609
5 9 8 7 -78.0479 0.7535492018748609
5 9 6 9 -64.88 1.4346625681183898
5 9 9 8 -79.99 0.4202676150502109
5 9 3 4 -79.4825 1.045630193236076
5 9 2 7 -74.7682 1.5204824599919968
5 9 1 3 -83.1339 2.574836982024013
6 0 8 0 -74.02 1.5204824599919968
6 0 6 3 -75.442 1.4346625681183898
6 0 3 7 -84.8205 1.8626419592629413
6 0 9 2 -78.86 1.4346625681183898
6 0 0 6 -85.5 0.4202676150502109
6 0 7 4 -79.3477 0.7535492018748609
6 0 9 4 -81.03 0.5181550542899774
6 0 4 7 -84.4306 2.574836982024013
6 0 6 6 -82.745 0.31961585322723524
6 0 2 9 -87.24 0.4154391840750011
6 0 1 9 -84.07 0.4142809311761813
6 0 9 6 -84.12 1.8306104706098087
6 0 2 4 -81.5469 2.341681953932289
6 0 9 9 -87.25 0.7535492018748609
6 0 8 7 -84.9031 0.7535492018748609
6 0 6 9 -85.93 1.4346625681183898
6 0 9 8 -86.34 0.4202676150502109
6 0 3 4 -80.2666 1.045630193236076
6 0 2 7 -85.3335 1.5204824599919968
6 0 1 3 -81.7829 2.574836982024013
6 1 8 0 -74.06 1.5204824599919968
6 1 6 3 -71.0494 1.4346625681183898
6 1 3 7 -83.637 1.8626419592629413
6 1 9 2 -76.7 1.4346625681183898
6 1 0 6 -84.34 0.4202676150502109
6 1 7 4 -77.0995 0.7535492018748609
6 1 9 4 -81.03 0.5181550542899774
6 1 4 7 -83.1373 2.574836982024013
6 1 6 6 -81.0994 0.31961585322723524
6 1 2 9 -86.3 0.4154391840750011
6 1 1 9 -86.09 0.4142809311761813
6 1 9 6 -82.72 1.8306104706098087
6 1 2 4 -80.2667 2.341681953932289
6 1 9 9 -86.34 0.7535492018748609
6 1 8 7 -83.7633 0.7535492018748609
6 1 6 9 -84.91 1.4346625681183898
6 1 9 8 -85.33 0.4202676150502109
6 1 3 4 -78.4817 1.045630193236076
6 1 2 7 -84.2941 1.5204824599919968
6 1 1 3 -80.9334 2.574836982024013
6 2 8 0 -74.78 1.5204824599919968
6 2 6 3 -64.7491 1.4346625681183898
6 2 3 7 -82.3116 1.8626419592629413
6 2 9 2 -76.48 1.4346625681183898
6 2 0 6 -84.32 0.4202676150502109
6 2 7 4 -74.4367 0.7535492018748609
6 2 9 4 -78.83 0.5181550542899774
6 2 4 7 -81.628 2.574836982024013
6 2 6 6 -79.0898 0.31961585322723524
6 2 2 9 -85.29 0.4154391840750011
6 2 1 9 -85.83 0.4142809311761813
6 2 9 6 -81.38 1.8306104706098087
6 2 2 4 -79.0005 2.341681953932289
6 2 9 9 -85.3 0.7535492018748609
6 2 8 7 -82.4683 0.7535492018748609
6 2 6 9 -83.75 1.4346625681183898
6 2 9 8 -84.12 0.4202676150502109
6 2 3 4 -76.5079 1.045630193236076
6 2 2 7 -83.1689 1.5204824599919968
6 2 1 3 -80.3019 2.574836982024013
6 3 8 0 -77.4 1.5204824599919968
6 3 6 3 -60.421499999999995 1.4346625681183898
6 3 3 7 -80.8097 1.8626419592629413
6 3 9 2 -76.56 1.4346625681183898
6 3 0 6 -83.13 0.4202676150502109
6 3 7 4 -71.1718 0.7535492018748609
6 3 9 4 -78.81 0.5181550542899774
6 3 4 7 -79.8398 2.574836982024013
6 3 6 6 -76.4797 0.31961585322723524
6 3 2 9 -83.07 0.4154391840750011
6 3 1 9 -85.62 0.4142809311761813
6 3 9 6 -81.01 1.8306104706098087
6 3 2 4 -77.9643 2.341681953932289
6 3 9 9 -84.18 0.7535492018748609
6 3 8 7 -81.0292 0.7535492018748609
6 3 6 9 -82.41 1.4346625681183898
6 3 9 8 -82.93 0.4202676150502109
6 3 3 4 -74.7259 1.045630193236076
6 3 2 7 -81.9611 1.5204824599919968
6 3 1 3 -79.982 2.574836982024013
6 4 8 0 -79.71 1.5204824599919968
6 4 6 3 -61.624300000000005 1.4346625681183898
6 4 3 7 -79.1113 1.8626419592629413
6 4 9 2 -76.92 1.4346625681183898
6 4 0 6 -82.85 0.4202676150502109
6 4 7 4 -68.1893 0.7535492018748609
6 4 9 4 -76.47 0.5181550542899774
6 4 4 7 -77.6404 2.574836982024013
6 4 6 6 -72.8192 0.31961585322723524
6 4 2 9 -82.71 0.4154391840750011
6 4 1 9 -83.76 0.4142809311761813
6 4 9 6 -79.19 1.8306104706098087
6 4 2 4 -77.3563 2.341681953932289
6 4 9 9 -82.9 0.7535492018748609
6 4 8 7 -79.4171 0.7535492018748609
6 4 6 9 -80.82 1.4346625681183898
6 4 9 8 -82.71 0.4202676150502109
6 4 3 4 -73.5736 1.045630193236076
6 4 2 7 -80.6853 1.5204824599919968
6 4 1 3 -80.0427 2.574836982024013
6 5 8 0 -80.19 1.5204824599919968
6 5 6 3 -66.6812 1.4346625681183898
6 5 3 7 -77.2328 1.8626419592629413
6 5 9 2 -79.15 1.4346625681183898
6 5 0 6 -81.52 0.4202676150502109
6 5 7 4 -68.366 0.7535492018748609
6 5 9 4 -76.59 0.5181550542899774
6 5 4 7 -74.9835 2.574836982024013
6 5 6 6 -66.6881 0.31961585322723524
6 5 2 9 -82.44 0.4154391840750011
6 5 1 9 -83.39 0.4142809311761813
6 5 9 6 -78.75 1.8306104706098087
6 5 2 4 -77.3861 2.341681953932289
6 5 9 9 -81.37 0.7535492018748609
6 5 8 7 -77.6773 0.7535492018748609
6 5 6 9 -78.87 1.4346625681183898
6 5 9 8 -80.94 0.4202676150502109
6 5 3 4 -73.6475 1.045630193236076
6 5 2 7 -79.4096 1.5204824599919968
6 5 1 3 -80.4757 2.574836982024013
6 6 8 0 -81.96 1.5204824599919968
6 6 6 3 -72.815 1.4346625681183898
6 6 3 7 -75.3464 1.8626419592629413
6 6 9 2 -81.16 1.4346625681183898
6 6 0 6 -81.37 0.4202676150502109
6 6 7 4 -71.4653 0.7535492018748609
6 6 9 4 -78.78 0.5181550542899774
6 6 4 7 -71.0747 2.574836982024013
6 6 6 6 -61.4782 0.31961585322723524
6 6 2 9 -81.01 0.4154391840750011
6 6 1 9 -82.05 0.4142809311761813
6 6 9 6 -76.58 1.8306104706098087
6 6 2 4 -78.0502 2.341681953932289
6 6 9 9 -80.9 0.7535492018748609
6 6 8 7 -75.946 0.7535492018748609
6 6 6 9 -76.37 1.4346625681183898
6 6 9 8 -79.12 0.4202676150502109
6 6 3 4 -74.9006 1.045630193236076
6 6 2 7 -78.261 1.5204824599919968
6 6 1 3 -81.193 2.574836982024013
6 7 8 0 -83.41 1.5204824599919968
6 7 6 3 -76.4823 1.4346625681183898
6 7 3 7 -73.8391 1.8626419592629413
6 7 9 2 -81.45 1.4346625681183898
6 7 0 6 -81.33 0.4202676150502109
6 7 7 4 -74.7826 0.7535492018748609
6 7 9 4 -79.22 0.5181550542899774
6 7 4 7 -67.1244 2.574836982024013
6 7 6 6 -60.599900000000005 0.31961585322723524
6 7 2 9 -79.09 0.4154391840750011
6 7 1 9 -81.72 0.4142809311761813
6 7 9 6 -76.47 1.8306104706098087
6 7 2 4 -79.1263 2.341681953932289
6 7 9 9 -79.08 0.7535492018748609
6 7 8 7 -74.6332 0.7535492018748609
6 7 6 9 -72.82 1.4346625681183898
6 7 9 8 -78.7 0.4202676150502109
6 7 3 4 -76.768 1.045630193236076
6 7 2 7 -77.4935 1.5204824599919968
6 7 1 3 -82.0744 2.574836982024013
6 8 8 0 -84.64 1.5204824599919968
6 8 6 3 -79.0939 1.4346625681183898
6 8 3 7 -73.4605 1.8626419592629413
6 8 9 2 -82.94 1.4346625681183898
6 8 0 6 -81.4 0.4202676150502109
6 8 7 4 -77.3549 0.7535492018748609
6 8 9 4 -81.04 0.5181550542899774
6 8 4 7 -65.8839 2.574836982024013
6 8 6 6 -64.8868 0.31961585322723524
6 8 2 9 -78.68 0.4154391840750011
6 8 1 9 -80.19 0.4142809311761813
6 8 9 6 -76.66 1.8306104706098087
6 8 2 4 -80.3896 2.341681953932289
6 8 9 9 -78.68 0.7535492018748609
6 8 8 7 -74.3188 0.7535492018748609
6 8 6 9 -66.75 1.4346625681183898
6 8 9 8 -76.54 0.4202676150502109
6 8 3 4 -78.6879 1.045630193236076
6 8 2 7 -77.3051 1.5204824599919968
6 8 1 3 -83.0346 2.574836982024013
6 9 8 0 -85.72 1.5204824599919968
6 9 6 3 -81.1083 1.4346625681183898
6 9 3 7 -74.3873 1.8626419592629413
6 9 9 2 -84.22 1.4346625681183898
6 9 0 6 -82.85 0.4202676150502109
6 9 7 4 -79.562 0.7535492018748609
6 9 9 4 -81.16 0.5181550542899774
6 9 4 7 -68.8325 2.574836982024013
6 9 6 6 -71.1041 0.31961585322723524
6 9 2 9 -76.53 0.4154391840750011
6 9 1 9 -80.02 0.4142809311761813
6 9 9 6 -78.99 1.8306104706098087
6 9 2 4 -81.6694 2.341681953932289
6 9 9 9 -76.53 0.7535492018748609
6 9 8 7 -75.127 0.7535492018748609
6 9 6 9 -64.88 1.4346625681183898
6 9 9 8 -76.48 0.4202676150502109
6 9 3 4 -80.4453 1.045630193236076
6 9 2 7 -77.7763 1.5204824599919968
6 9 1 3 -84.008 2.574836982024013
7 0 8 0 -70.53 1.5204824599919968
7 0 6 3 -75.2353 1.4346625681183898
7 0 3 7 -85.2759 1.8626419592629413
7 0 9 2 -75.04 1.4346625681183898
7 0 0 6 -86.11 0.4202676150502109
7 0 7 4 -78.6216 0.7535492018748609
7 0 9 4 -79.89 0.5181550542899774
7 0 4 7 -84.7663 2.574836982024013
7 0 6 6 -82.6956 0.31961585322723524
7 0 2 9 -87.16 0.4154391840750011
7 0 1 9 -87.44 0.4142809311761813
7 0 9 6 -83.22 1.8306104706098087
7 0 2 4 -82.7039 2.341681953932289
7 0 9 9 -86.58 0.7535492018748609
7 0 8 7 -84.5246 0.7535492018748609
7 0 6 9 -85.94 1.4346625681183898
7 0 9 8 -85.6 0.4202676150502109
7 0 3 4 -81.4077 1.045630193236076
7 0 2 7 -85.8726 1.5204824599919968
7 0 1 3 -83.1156 2.574836982024013
7 1 8 0 -70.61 1.5204824599919968
7 1 6 3 -70.401 1.4346625681183898
7 1 3 7 -84.226 1.8626419592629413
7 1 9 2 -74.33 1.4346625681183898
7 1 0 6 -86.11 0.4202676150502109
7 1 7 4 -75.891 0.7535492018748609
7 1 9 4 -77.72 0.5181550542899774
7 1 4 7 -83.5773 2.574836982024013
7 1 6 6 -81.0406 0.31961585322723524
7 1 2 9 -86.23 0.4154391840750011
7 1 1 9 -87.41 0.4142809311761813
7 1 9 6 -81.7 1.8306104706098087
7 1 2 4 -81.7243 2.341681953932289
7 1 9 9 -85.6 0.7535492018748609
7 1 8 7 -83.2616 0.7535492018748609
7 1 6 9 -84.91 1.4346625681183898
7 1 9 8 -84.5 0.4202676150502109
7 1 3 4 -80.078 1.045630193236076
7 1 2 7 -84.9734 1.5204824599919968
7 1 1 3 -82.4989 2.574836982024013
7 2 8 0 -71.41 1.5204824599919968
7 2 6 3 -63.92829999999999 1.4346625681183898
7 2 3 7 -83.1134 1.8626419592629413
7 2 9 2 -73.99 1.4346625681183898
7 2 0 6 -85.1 0.4202676150502109
7 2 7 4 -71.8882 0.7535492018748609
7 2 9 4 -77.4 0.5181550542899774
7 2 4 7 -82.2247 2.574836982024013
7 2 6 6 -78.9939 0.31961585322723524
7 2 2 9 -85.17 0.4154391840750011
7 2 1 9 -86.56 0.4142809311761813
7 2 9 6 -79.83 1.8306104706098087
7 2 2 4 -80.8378 2.341681953932289
7 2 9 9 -84.5 0.7535492018748609
7 2 8 7 -81.8039 0.7535492018748609
7 2 6 9 -83.75 1.4346625681183898
7 2 9 8 -83.22 0.4202676150502109
7 2 3 4 -78.7774 1.045630193236076
7 2 2 7 -84.0107 1.5204824599919968
7 2 1 3 -82.049 2.574836982024013
7 3 8 0 -75.32 1.5204824599919968
7 3 6 3 -59.758399999999995 1.4346625681183898
7 3 3 7 -81.8435 1.8626419592629413
7 3 9 2 -74.11 1.4346625681183898
7 3 0 6 -84.93 0.4202676150502109
7 3 7 4 -65.6913 0.7535492018748609
7 3 9 4 -74.25 0.5181550542899774
7 3 4 7 -80.6969 2.574836982024013
7 3 6 6 -76.321 0.31961585322723524
7 3 2 9 -85.7 0.4154391840750011
7 3 1 9 -85.7 0.4142809311761813
7 3 9 6 -79.75 1.8306104706098087
7 3 2 4 -80.1488 2.341681953932289
7 3 9 9 -83.22 0.7535492018748609
7 3 8 7 -80.0914 0.7535492018748609
7 3 6 9 -82.41 1.4346625681183898
7 3 9 8 -83.22 0.4202676150502109
7 3 3 4 -77.6914 1.045630193236076
7 3 2 7 -83.0339 1.5204824599919968
7 3 1 3 -81.8331 2.574836982024013
7 4 8 0 -78.18 1.5204824599919968
7 4 6 3 -60.889300000000006 1.4346625681183898
7 4 3 7 -80.5238 1.8626419592629413
7 4 9 2 -74.64 1.4346625681183898
7 4 0 6 -83.8 0.4202676150502109
7 4 7 4 -61.3275 0.7535492018748609
7 4 9 4 -73.97 0.5181550542899774
7 4 4 7 -78.9614 2.574836982024013
7 4 6 6 -72.4796 0.31961585322723524
7 4 2 9 -83.76 0.4154391840750011
7 4 1 9 -85.35 0.4142809311761813
7 4 9 6 -77.4 1.8306104706098087
7 4 2 4 -79.7663 2.341681953932289
7 4 9 9 -81.7 0.7535492018748609
7 4 8 7 -78.0347 0.7535492018748609
7 4 6 9 -80.83 1.4346625681183898
7 4 9 8 -81.7 0.4202676150502109
7 4 3 4 -77.043 1.045630193236076
7 4 2 7 -82.043 1.5204824599919968
7 4 1 3 -81.8773 2.574836982024013
7 5 8 0 -80.35 1.5204824599919968
7 5 6 3 -65.8879 1.4346625681183898
7 5 3 7 -79.2024 1.8626419592629413
7 5 9 2 -77.54 1.4346625681183898
7 5 0 6 -83.63 0.4202676150502109
7 5 7 4 -61.6301 0.7535492018748609
7 5 9 4 -74.15 0.5181550542899774
7 5 4 7 -77.0647 2.574836982024013
7 5 6 6 -65.9021 0.31961585322723524
7 5 2 9 -83.39 0.4154391840750011
7 5 1 9 -84.25 0.4142809311761813
7 5 9 6 -74.74 1.8306104706098087
7 5 2 4 -79.783 2.341681953932289
7 5 9 9 -80.29 0.7535492018748609
7 5 8 7 -75.5592 0.7535492018748609
7 5 6 9 -78.89 1.4346625681183898
7 5 9 8 -79.79 0.4202676150502109
7 5 3 4 -77.0739 1.045630193236076
7 5 2 7 -81.1158 1.5204824599919968
7 5 1 3 -82.1822 2.574836982024013
7 6 8 0 -82.07 1.5204824599919968
7 6 6 3 -72.4343 1.4346625681183898
7 6 3 7 -77.9996 1.8626419592629413
7 6 9 2 -79.94 1.4346625681183898
7 6 0 6 -83.53 0.4202676150502109
7 6 7 4 -66.3217 0.7535492018748609
7 6 9 4 -74.74 0.5181550542899774
7 6 4 7 -75.0074 2.574836982024013
7 6 6 6 -60.714 0.31961585322723524
7 6 2 9 -82.05 0.4154391840750011
7 6 1 9 -83.09 0.4142809311761813
7 6 9 6 -74.15 1.8306104706098087
7 6 2 4 -80.2005 2.341681953932289
7 6 9 9 -77.85 0.7535492018748609
7 6 8 7 -72.7239 0.7535492018748609
7 6 6 9 -76.39 1.4346625681183898
7 6 9 8 -77.4 0.4202676150502109
7 6 3 4 -77.7774 1.045630193236076
7 6 2 7 -80.3481 1.5204824599919968
7 6 1 3 -82.6855 2.574836982024013
7 7 8 0 -83.49 1.5204824599919968
7 7 6 3 -76.331 1.4346625681183898
7 7 3 7 -77.1826 1.8626419592629413
7 7 9 2 -81.78 1.4346625681183898
7 7 0 6 -83.55 0.4202676150502109
7 7 7 4 -72.4711 0.7535492018748609
7 7 9 4 -77.58 0.5181550542899774
7 7 4 7 -73.375 2.574836982024013
7 7 6 6 -59.7274 0.31961585322723524
7 7 2 9 -80.5 0.4154391840750011
7 7 1 9 -82.8 0.4142809311761813
7 7 9 6 -73.97 1.8306104706098087
7 7 2 4 -80.9191 2.341681953932289
7 7 9 9 -77.4 0.7535492018748609
7 7 8 7 -69.7861 0.7535492018748609
7 7 6 9 -72.87 1.4346625681183898
7 7 9 8 -74.63 0.4202676150502109
7 7 3 4 -78.9163 1.045630193236076
7 7 2 7 -79.8476 1.5204824599919968
7 7 1 3 -83.3436 2.574836982024013
7 8 8 0 -84.71 1.5204824599919968
7 8 6 3 -79.0091 1.4346625681183898
7 8 3 7 -76.9893 1.8626419592629413
7 8 9 2 -81.78 1.4346625681183898
7 8 0 6 -83.56 0.4202676150502109
7 8 7 4 -76.2383 0.7535492018748609
7 8 9 4 -79.94 0.5181550542899774
7 8 4 7 -73.0336 2.574836982024013
7 8 6 6 -64.116 0.31961585322723524
7 8 2 9 -80.19 0.4154391840750011
7 8 1 9 -82.61 0.4142809311761813
7 8 9 6 -74.26 1.8306104706098087
7 8 2 4 -81.8718 2.341681953932289
7 8 9 9 -74.58 0.7535492018748609
7 8 8 7 -68.8044 0.7535492018748609
7 8 6 9 -66.58 1.4346625681183898
7 8 9 8 -74.1 0.4202676150502109
7 8 3 4 -80.1982 1.045630193236076
7 8 2 7 -79.7344 1.5204824599919968
7 8 1 3 -84.1244 2.574836982024013
7 9 8 0 -85.77 1.5204824599919968
7 9 6 3 -81.0481 1.4346625681183898
7 9 3 7 -77.4923 1.8626419592629413
7 9 9 2 -83.27 1.4346625681183898
7 9 0 6 -83.68 0.4202676150502109
7 9 7 4 -78.891 0.7535492018748609
7 9 9 4 -79.94 0.5181550542899774
7 9 4 7 -74.0139 2.574836982024013
7 9 6 6 -70.4489 0.31961585322723524
7 9 2 9 -80.02 0.4154391840750011
7 9 1 9 -81.35 0.4142809311761813
7 9 9 6 -74.92 1.8306104706098087
7 9 2 4 -82.8032 2.341681953932289
7 9 9 9 -74.07 0.7535492018748609
7 9 8 7 -71.0247 0.7535492018748609
7 9 6 9 -64.56 1.4346625681183898
7 9 9 8 -73.99 0.4202676150502109
7 9 3 4 -81.5464 1.045630193236076
7 9 2 7 -80.0273 1.5204824599919968
7 9 1 3 -84.8849 2.574836982024013
8 0 8 0 -64.6 1.5204824599919968
8 0 6 3 -76.1576 1.4346625681183898
8 0 3 7 -85.8139 1.8626419592629413
8 0 9 2 -75.36 1.4346625681183898
8 0 0 6 -86.72 0.4202676150502109
8 0 7 4 -78.4454 0.7535492018748609
8 0 9 4 -78.32 0.5181550542899774
8 0 4 7 -85.2204 2.574836982024013
8 0 6 6 -82.9054 0.31961585322723524
8 0 2 9 -87.71 0.4154391840750011
8 0 1 9 -88.73 0.4142809311761813
8 0 9 6 -83.54 1.8306104706098087
8 0 2 4 -83.7188 2.341681953932289
8 0 9 9 -86.74 0.7535492018748609
8 0 8 7 -84.2918 0.7535492018748609
8 0 6 9 -86.76 1.4346625681183898
8 0 9 8 -85.8 0.4202676150502109
8 0 3 4 -82.5879 1.045630193236076
8 0 2 7 -86.4393 1.5204824599919968
8 0 1 3 -84.4892 2.574836982024013
8 1 8 0 -64.76 1.5204824599919968
8 1 6 3 -72.8116 1.4346625681183898
8 1 3 7 -84.8894 1.8626419592629413
8 1 9 2 -71.08 1.4346625681183898
8 1 0 6 -86.71 0.4202676150502109
8 1 7 4 -75.5824 0.7535492018748609
8 1 9 4 -78.32 0.5181550542899774
8 1 4 7 -84.1564 2.574836982024013
8 1 6 6 -81.3346 0.31961585322723524
8 1 2 9 -87.42 0.4154391840750011
8 1 1 9 -87.94 0.4142809311761813
8 1 9 6 -82.13 1.8306104706098087
8 1 2 4 -83.0537 2.341681953932289
8 1 9 9 -85.8 0.7535492018748609
8 1 8 7 -82.9456 0.7535492018748609
8 1 6 9 -85.82 1.4346625681183898
8 1 9 8 -84.74 0.4202676150502109
8 1 3 4 -81.5669 1.045630193236076
8 1 2 7 -85.6835 1.5204824599919968
8 1 1 3 -83.8558 2.574836982024013
8 2 8 0 -66.3 1.5204824599919968
8 2 6 3 -68.2772 1.4346625681183898
8 2 3 7 -83.928 1.8626419592629413
8 2 9 2 -64.57 1.4346625681183898
8 2 0 6 -85.82 0.4202676150502109
8 2 7 4 -71.0242 0.7535492018748609
8 2 9 4 -75.36 0.5181550542899774
8 2 4 7 -82.9962 2.574836982024013
8 2 6 6 -79.4516 0.31961585322723524
8 2 2 9 -86.61 0.4154391840750011
8 2 1 9 -87.14 0.4142809311761813
8 2 9 6 -80.44 1.8306104706098087
8 2 2 4 -82.4021 2.341681953932289
8 2 9 9 -84.74 0.7535492018748609
8 2 8 7 -81.3603 0.7535492018748609
8 2 6 9 -83.69 1.4346625681183898
8 2 9 8 -83.54 0.4202676150502109
8 2 3 4 -80.6476 1.045630193236076
8 2 2 7 -84.8784 1.5204824599919968
8 2 1 3 -83.5223 2.574836982024013
8 3 8 0 -72.8 1.5204824599919968
8 3 6 3 -64.3508 1.4346625681183898
8 3 3 7 -82.912 1.8626419592629413
8 3 9 2 -64.93 1.4346625681183898
8 3 0 6 -85.62 0.4202676150502109
8 3 7 4 -64.4067 0.7535492018748609
8 3 9 4 -70.94 0.5181550542899774
8 3 4 7 -81.7275 2.574836982024013
8 3 6 6 -77.0916 0.31961585322723524
8 3 2 9 -85.62 0.4154391840750011
8 3 1 9 -86.31 0.4142809311761813
8 3 9 6 -78.32 1.8306104706098087
8 3 2 4 -81.915 2.341681953932289
8 3 9 9 -83.54 0.7535492018748609
8 3 8 7 -79.4264 0.7535492018748609
8 3 6 9 -82.34 1.4346625681183898
8 3 9 8 -82.13 0.4202676150502109
8 3 3 4 -79.9309 1.045630193236076
8 3 2 7 -84.0785 1.5204824599919968
8 3 1 3 -83.361 2.574836982024013
8 4 8 0 -76.35 1.5204824599919968
8 4 6 3 -65.0158 1.4346625681183898
8 4 3 7 -81.8991 1.8626419592629413
8 4 9 2 -71.56 1.4346625681183898
8 4 0 6 -84.67 0.4202676150502109
8 4 7 4 -60.1113 0.7535492018748609
8 4 9 4 -70.88 0.5181550542899774
8 4 4 7 -80.3675 2.574836982024013
8 4 6 6 -74.0805 0.31961585322723524
8 4 2 9 -84.57 0.4154391840750011
8 4 1 9 -86.01 0.4142809311761813
8 4 9 6 -75.36 1.8306104706098087
8 4 2 4 -81.6606 2.341681953932289
8 4 9 9 -80.44 0.7535492018748609
8 4 8 7 -76.9577 0.7535492018748609
8 4 6 9 -80.72 1.4346625681183898
8 4 9 8 -80.44 0.4202676150502109
8 4 3 4 -79.5279 1.045630193236076
8 4 2 7 -83.296 1.5204824599919968
8 4 1 3 -83.3933 2.574836982024013
8 5 8 0 -78.87 1.5204824599919968
8 5 6 3 -69.5513 1.4346625681183898
8 5 3 7 -80.9376 1.8626419592629413
8 5 9 2 -75.56 1.4346625681183898
8 5 0 6 -84.53 0.4202676150502109
8 5 7 4 -61.05929999999999 0.7535492018748609
8 5 9 4 -65.1 0.5181550542899774
8 5 4 7 -78.997 2.574836982024013
8 5 6 6 -69.5102 0.31961585322723524
8 5 2 9 -84.33 0.4154391840750011
8 5 1 9 -85.04 0.4142809311761813
8 5 9 6 -71.76 1.8306104706098087
8 5 2 4 -81.6755 2.341681953932289
8 5 9 9 -80.44 0.7535492018748609
8 5 8 7 -73.6444 0.7535492018748609
8 5 6 9 -78.74 1.4346625681183898
8 5 9 8 -78.32 0.4202676150502109
8 5 3 4 -79.5491 1.045630193236076
8 5 2 7 -82.6052 1.5204824599919968
8 5 1 3 -83.6087 2.574836982024013
8 6 8 0 -80.81 1.5204824599919968
8 6 6 3 -74.0804 1.4346625681183898
8 6 3 7 -80.139 1.8626419592629413
8 6 9 2 -78.38 1.4346625681183898
8 6 0 6 -84.44 0.4202676150502109
8 6 7 4 -65.1042 0.7535492018748609
8 6 9 4 -71.72 0.5181550542899774
8 6 4 7 -77.7407 2.574836982024013
8 6 6 6 -65.0167 0.31961585322723524
8 6 2 9 -83.06 0.4154391840750011
8 6 1 9 -84.81 0.4142809311761813
8 6 9 6 -70.78 1.8306104706098087
8 6 2 4 -81.9536 2.341681953932289
8 6 9 9 -78.32 0.7535492018748609
8 6 8 7 -68.2576 0.7535492018748609
8 6 6 9 -76.15 1.4346625681183898
8 6 9 8 -75.47 0.4202676150502109
8 6 3 4 -79.9837 1.045630193236076
8 6 2 7 -82.0565 1.5204824599919968
8 6 1 3 -83.9896 2.574836982024013
8 7 8 0 -82.4 1.5204824599919968
8 7 6 3 -77.0922 1.4346625681183898
8 7 3 7 -79.6133 1.8626419592629413
8 7 9 2 -80.48 1.4346625681183898
8 7 0 6 -84.42 0.4202676150502109
8 7 7 4 -71.7382 0.7535492018748609
8 7 9 4 -75.57 0.5181550542899774
8 7 4 7 -76.8698 2.574836982024013
8 7 6 6 -64.2176 0.31961585322723524
8 7 2 9 -82.85 0.4154391840750011
8 7 1 9 -83.76 0.4142809311761813
8 7 9 6 -64.45 1.8306104706098087
8 7 2 4 -82.4633 2.341681953932289
8 7 9 9 -75.46 0.7535492018748609
8 7 8 7 -62.9815 0.7535492018748609
8 7 6 9 -75.63 1.4346625681183898
8 7 9 8 -71.58 0.4202676150502109
8 7 3 4 -80.734 1.045630193236076
8 7 2 7 -81.7137 1.5204824599919968
8 7 1 3 -84.498 2.574836982024013
8 8 8 0 -83.74 1.5204824599919968
8 8 6 3 -79.4462 1.4346625681183898
8 8 3 7 -79.4971 1.8626419592629413
8 8 9 2 -82.16 1.4346625681183898
8 8 0 6 -84.47 0.4202676150502109
8 8 7 4 -75.9539 0.7535492018748609
8 8 9 4 -78.38 0.5181550542899774
8 8 4 7 -76.6529 2.574836982024013
8 8 6 6 -67.8469 0.31961585322723524
8 8 2 9 -81.48 0.4154391840750011
8 8 1 9 -83.6 0.4142809311761813
8 8 9 6 -71.24 1.8306104706098087
8 8 2 4 -83.1304 2.341681953932289
8 8 9 9 -71.5 0.7535492018748609
8 8 8 7 -62.1726 0.7535492018748609
8 8 6 9 -66.58 1.4346625681183898
8 8 9 8 -71.1 0.4202676150502109
8 8 3 4 -81.6717 1.045630193236076
8 8 2 7 -81.6391 1.5204824599919968
8 8 1 3 -85.0847 2.574836982024013
8 9 8 0 -84.91 1.5204824599919968
8 9 6 3 -81.3403 1.4346625681183898
8 9 3 7 -79.8028 1.8626419592629413
8 9 9 2 -83.56 1.4346625681183898
8 9 0 6 -84.57 0.4202676150502109
8 9 7 4 -78.7226 0.7535492018748609
8 9 9 4 -80.48 0.5181550542899774
8 9 4 7 -77.1856 2.574836982024013
8 9 6 6 -72.8313 0.31961585322723524
8 9 2 9 -81.35 0.4154391840750011
8 9 1 9 -83.52 0.4142809311761813
8 9 9 6 -71.98 1.8306104706098087
8 9 2 4 -83.8851 2.341681953932289
8 9 9 9 -64.88 0.7535492018748609
8 9 8 7 -64.9172 0.7535492018748609
8 9 6 9 -64.88 1.4346625681183898
8 9 9 8 -64.51 0.4202676150502109
8 9 3 4 -82.6758 1.045630193236076
8 9 2 7 -81.8319 1.5204824599919968
8 9 1 3 -85.7905 2.574836982024013
9 0 8 0 -64.66 1.5204824599919968
9 0 6 3 -77.7187 1.4346625681183898
9 0 3 7 -86.3965 1.8626419592629413
9 0 9 2 -72.56 1.4346625681183898
9 0 0 6 -88.1 0.4202676150502109
9 0 7 4 -78.8893 0.7535492018748609
9 0 9 4 -78.78 0.5181550542899774
9 0 4 7 -85.7505 2.574836982024013
9 0 6 6 -83.3202 0.31961585322723524
9 0 2 9 -88.2 0.4154391840750011
9 0 1 9 -89.17 0.4142809311761813
9 0 9 6 -82.36 1.8306104706098087
9 0 2 4 -84.8463 2.341681953932289
9 0 9 9 -85.91 0.7535492018748609
9 0 8 7 -84.2234 0.7535492018748609
9 0 6 9 -86.72 1.4346625681183898
9 0 9 8 -85.91 0.4202676150502109
9 0 3 4 -83.69 1.045630193236076
9 0 2 7 -87.0946 1.5204824599919968
9 0 1 3 -85.4058 2.574836982024013
9 1 8 0 -64.75 1.5204824599919968
9 1 6 3 -75.4836 1.4346625681183898
9 1 3 7 -85.603 1.8626419592629413
9 1 9 2 -65.78 1.4346625681183898
9 1 0 6 -87.31 0.4202676150502109
9 1 7 4 -76.3366 0.7535492018748609
9 1 9 4 -76.22 0.5181550542899774
9 1 4 7 -84.8216 2.574836982024013
9 1 6 6 -81.9136 0.31961585322723524
9 1 2 9 -87.94 0.4154391840750011
9 1 1 9 -88.44 0.4142809311761813
9 1 9 6 -80.75 1.8306104706098087
9 1 2 4 -84.2593 2.341681953932289
9 1 9 9 -84.88 0.7535492018748609
9 1 8 7 -82.8493 0.7535492018748609
9 1 6 9 -85.78 1.4346625681183898
9 1 9 8 -84.88 0.4202676150502109
9 1 3 4 -82.9124 1.045630193236076
9 1 2 7 -86.4035 1.5204824599919968
9 1 1 3 -85.0333 2.574836982024013
9 2 8 0 -66.84 1.5204824599919968
9 2 6 3 -73.4074 1.4346625681183898
9 2 3 7 -84.7879 1.8626419592629413
9 2 9 2 -65.82 1.4346625681183898
9 2 0 6 -87.16 0.4202676150502109
9 2 7 4 -72.8743 0.7535492018748609
9 2 9 4 -72.55 0.5181550542899774
9 2 4 7 -83.8286 2.574836982024013
9 2 6 6 -80.3033 0.31961585322723524
9 2 2 9 -87.17 0.4154391840750011
9 2 1 9 -87.69 0.4142809311761813
9 2 9 6 -78.78 1.8306104706098087
9 2 2 4 -83.7439 2.341681953932289
9 2 9 9 -83.71 0.7535492018748609
9 2 8 7 -81.2243 0.7535492018748609
9 2 6 9 -84.72 1.4346625681183898
9 2 9 8 -83.71 0.4202676150502109
9 2 3 4 -82.2388 1.045630193236076
9 2 2 7 -85.7162 1.5204824599919968
9 2 1 3 -84.8185 2.574836982024013
9 3 8 0 -72.87 1.5204824599919968
9 3 6 3 -72.0269 1.4346625681183898
9 3 3 7 -83.9555 1.8626419592629413
9 3 9 2 -66.2 1.4346625681183898
9 3 0 6 -86.32 0.4202676150502109
9 3 7 4 -67.9154 0.7535492018748609
9 3 9 4 -65.81 0.5181550542899774
9 3 4 7 -82.8012 2.574836982024013
9 3 6 6 -78.4375 0.31961585322723524
9 3 2 9 -86.27 0.4154391840750011
9 3 1 9 -87.5 0.4142809311761813
9 3 9 6 -76.22 1.8306104706098087
9 3 2 4 -83.3971 2.341681953932289
9 3 9 9 -82.36 0.7535492018748609
9 3 8 7 -79.2186 0.7535492018748609
9 3 6 9 -83.5 1.4346625681183898
9 3 9 8 -80.75 0.4202676150502109
9 3 3 4 -81.7323 1.045630193236076
9 3 2 7 -85.0631 1.5204824599919968
9 3 1 3 -84.6514 2.574836982024013
9 4 8 0 -76.39 1.5204824599919968
9 4 6 3 -72.3037 1.4346625681183898
9 4 3 7 -83.1605 1.8626419592629413
9 4 9 2 -66.18 1.4346625681183898
9 4 0 6 -86.18 0.4202676150502109
9 4 7 4 -63.6923 0.7535492018748609
9 4 9 4 -65.83 0.5181550542899774
9 4 4 7 -81.756 2.574836982024013
9 4 6 6 -76.2701 0.31961585322723524
9 4 2 9 -86.01 0.4154391840750011
9 4 1 9 -86.66 0.4142809311761813
9 4 9 6 -72.56 1.8306104706098087
9 4 2 4 -83.2123 2.341681953932289
9 4 9 9 -80.75 0.7535492018748609
9 4 8 7 -76.6009 0.7535492018748609
9 4 6 9 -81.96 1.4346625681183898
9 4 9 8 -78.78 0.4202676150502109
9 4 3 4 -81.4696 1.045630193236076
9 4 2 7 -84.4426 1.5204824599919968
9 4 1 3 -84.6785 2.574836982024013
9 5 8 0 -78.89 1.5204824599919968
9 5 6 3 -74.0271 1.4346625681183898
9 5 3 7 -82.4507 1.8626419592629413
9 5 9 2 -72.58 1.4346625681183898
9 5 0 6 -86.08 0.4202676150502109
9 5 7 4 -64.0613 0.7535492018748609
9 5 9 4 -66.18 0.5181550542899774
9 5 4 7 -80.7557 2.574836982024013
9 5 6 6 -74.0697 0.31961585322723524
9 5 2 9 -85.04 0.4154391840750011
9 5 1 9 -86.49 0.4142809311761813
9 5 9 6 -66.11 1.8306104706098087
9 5 2 4 -83.2204 2.341681953932289
9 5 9 9 -78.78 0.7535492018748609
9 5 8 7 -72.8796 0.7535492018748609
9 5 6 9 -80.26 1.4346625681183898
9 5 9 8 -76.22 0.4202676150502109
9 5 3 4 -81.4861 1.045630193236076
9 5 2 7 -83.9139 1.5204824599919968
9 5 1 3 -84.8513 2.574836982024013
9 6 8 0 -80.83 1.5204824599919968
9 6 6 3 -76.2555 1.4346625681183898
9 6 3 7 -81.8817 1.8626419592629413
9 6 9 2 -76.23 1.4346625681183898
9 6 0 6 -85.27 0.4202676150502109
9 6 7 4 -68.5007 0.7535492018748609
9 6 9 4 -66.2 0.5181550542899774
9 6 4 7 -79.9233 2.574836982024013
9 6 6 6 -72.2299 0.31961585322723524
9 6 2 9 -84.81 0.4154391840750011
9 6 1 9 -85.58 0.4142809311761813
9 6 9 6 -65.84 1.8306104706098087
9 6 2 4 -83.4265 2.341681953932289
9 6 9 9 -76.22 0.7535492018748609
9 6 8 7 -66.455 0.7535492018748609
9 6 6 9 -78.15 1.4346625681183898
9 6 9 8 -72.56 0.4202676150502109
9 6 3 4 -81.7719 1.045630193236076
9 6 2 7 -83.4976 1.5204824599919968
9 6 1 3 -85.1457 2.574836982024013
9 7 8 0 -82.41 1.5204824599919968
9 7 6 3 -78.4076 1.4346625681183898
9 7 3 7 -81.526 1.8626419592629413
9 7 9 2 -78.79 1.4346625681183898
9 7 0 6 -85.25 0.4202676150502109
9 7 7 4 -73.3941 0.7535492018748609
9 7 9 4 -72.59 0.5181550542899774
9 7 4 7 -79.3739 2.574836982024013
9 7 6 6 -72.0117 0.31961585322723524
9 7 2 9 -83.76 0.4154391840750011
9 7 1 9 -85.42 0.4142809311761813
9 7 9 6 -66.2 1.8306104706098087
9 7 2 4 -83.8085 2.341681953932289
9 7 9 9 -72.56 0.7535492018748609
9 7 8 7 -62.586 0.7535492018748609
9 7 6 9 -77.43 1.4346625681183898
9 7 9 8 -66.12 0.4202676150502109
9 7 3 4 -82.3036 1.045630193236076
9 7 2 7 -83.2525 1.5204824599919968
9 7 1 3 -85.5403 2.574836982024013
9 8 8 0 -83.75 1.5204824599919968
9 8 6 3 -80.287 1.4346625681183898
9 8 3 7 -81.4469 1.8626419592629413
9 8 9 2 -80.76 1.4346625681183898
9 8 0 6 -86.11 0.4202676150502109
9 8 7 4 -76.6541 0.7535492018748609
9 8 9 4 -76.24 0.5181550542899774
9 8 4 7 -79.2521 2.574836982024013
9 8 6 6 -73.4739 0.31961585322723524
9 8 2 9 -83.61 0.4154391840750011
9 8 1 9 -84.51 0.4142809311761813
9 8 9 6 -66.2 1.8306104706098087
9 8 2 4 -84.3143 2.341681953932289
9 8 9 9 -66.13 0.7535492018748609
9 8 8 7 -60.7825 0.7535492018748609
9 8 6 9 -74.59 1.4346625681183898
9 8 9 8 -65.85 0.4202676150502109
9 8 3 4 -82.9895 1.045630193236076
9 8 2 7 -83.1945 1.5204824599919968
9 8 1 3 -86.0242 2.574836982024013
9 9 8 0 -84.91 1.5204824599919968
9 9 6 3 -81.9148 1.4346625681183898
9 9 3 7 -81.6473 1.8626419592629413
9 9 9 2 -82.36 1.4346625681183898
9 9 0 6 -86.11 0.4202676150502109
9 9 7 4 -79.1422 0.7535492018748609
9 9 9 4 -78.79 0.5181550542899774
9 9 4 7 -79.5694 2.574836982024013
9 9 6 6 -75.4889 0.31961585322723524
9 9 2 9 -83.52 0.4154391840750011
9 9 1 9 -84.43 0.4142809311761813
9 9 9 6 -72.59 1.8306104706098087
9 9 2 4 -84.8938 2.341681953932289
9 9 9 9 -66.22 0.7535492018748609
9 9 8 7 -63.648300000000006 0.7535492018748609
9 9 6 9 -70.78 1.4346625681183898
9 9 9 8 -66.22 0.4202676150502109
9 9 3 4 -83.7771 1.045630193236076
9 9 2 7 -83.3439 1.5204824599919968
9 9 1 3 -86.5559 2.574836982024013
