0 0 6 2 -83.5076 1.4346625681183898
0 0 6 0 -83.51 1.1200432714506303
0 0 9 5 -87.73 1.045630193236076
0 0 6 3 -84.0637 2.574836982024013
0 0 9 2 -76.84 1.5204824599919968
0 0 2 5 -81.68 1.8543377546204012
0 0 5 8 -87.1643 1.8306104706098087
0 0 6 7 -87.009 1.8306104706098087
0 0 7 3 -85.3522 1.8626419592629413
0 0 8 3 -86.5207 0.7535492018748609
0 0 1 9 -85.92 1.8543377546204012
0 0 8 8 -88.9381 2.02253412315468
0 0 2 0 -70.53 1.8626419592629413
0 0 0 3 -76.4 1.045630193236076
0 0 5 0 -81.33 0.4142809311761813
0 0 8 0 -86.01 0.31961585322723524
0 0 8 6 -87.8096 0.6606851953374354
0 0 8 1 -86.8694 1.1200432714506303
0 0 7 8 -88.3517 2.574836982024013
0 0 2 3 -77.5395 0.7535492018748609
0 1 6 2 -83.1593 1.4346625681183898
0 1 6 0 -83.53 1.1200432714506303
0 1 9 5 -87.68 1.045630193236076
0 1 6 3 -83.5698 2.574836982024013
0 1 9 2 -76.93 1.5204824599919968
0 1 2 5 -79.9958 1.8543377546204012
0 1 5 8 -86.3912 1.8306104706098087
0 1 6 7 -86.3183 1.8306104706098087
0 1 7 3 -84.9805 1.8626419592629413
0 1 8 3 -86.1259 0.7535492018748609
0 1 1 9 -84.89 1.8543377546204012
0 1 8 8 -88.4284 2.02253412315468
0 1 2 0 -70.6 1.8626419592629413
0 1 0 3 -72.88 1.045630193236076
0 1 5 0 -81.35 0.4142809311761813
0 1 8 0 -86.02 0.31961585322723524
0 1 8 6 -87.3285 0.6606851953374354
0 1 8 1 -90.7711 1.1200432714506303
0 1 7 8 -87.759 2.574836982024013
0 1 2 3 -75.2132 0.7535492018748609
0 2 6 2 -83.0296 1.4346625681183898
0 2 6 0 -83.62 1.1200432714506303
0 2 9 5 -86.86 1.045630193236076
0 2 6 3 -83.2055 2.574836982024013
0 2 9 2 -78.6 1.5204824599919968
0 2 2 5 -78.0252 1.8543377546204012
0 2 5 8 -85.6115 1.8306104706098087
0 2 6 7 -85.6228 1.8306104706098087
0 2 7 3 -84.6427 1.8626419592629413
0 2 8 3 -85.8359 0.7535492018748609
0 2 1 9 -83.72 1.8543377546204012
0 2 8 8 -87.9224 2.02253412315468
0 2 2 0 -74.54 1.8626419592629413
0 2 0 3 -66.88 1.045630193236076
0 2 5 0 -81.49 0.4142809311761813
0 2 8 0 -86.08 0.31961585322723524
0 2 8 6 -86.8881 0.6606851953374354
0 2 8 1 -86.3035 1.1200432714506303
0 2 7 8 -87.1792 2.574836982024013
0 2 2 3 -72.9566 0.7535492018748609
0 3 6 2 -83.0984 1.4346625681183898
0 3 6 0 -83.78 1.1200432714506303
0 3 9 5 -86.77 1.045630193236076
0 3 6 3 -83.0336 2.574836982024013
0 3 9 2 -86.72 1.5204824599919968
0 3 2 5 -75.7369 1.8543377546204012
0 3 5 8 -84.7783 1.8306104706098087
0 3 6 7 -84.9503 1.8306104706098087
0 3 7 3 -84.5068 1.8626419592629413
0 3 8 3 -85.7161 0.7535492018748609
0 3 1 9 -82.37 1.8543377546204012
0 3 8 8 -87.4362 2.02253412315468
0 3 2 0 -75.32 1.8626419592629413
0 3 0 3 -65.51 1.045630193236076
0 3 5 0 -81.73 0.4142809311761813
0 3 8 0 -86.17 0.31961585322723524
0 3 8 6 -86.4938 0.6606851953374354
0 3 8 1 -86.4805 1.1200432714506303
0 3 7 8 -86.5917 2.574836982024013
0 3 2 3 -71.3466 0.7535492018748609
0 4 6 2 -83.3458 1.4346625681183898
0 4 6 0 -84.0 1.1200432714506303
0 4 9 5 -86.72 1.045630193236076
0 4 6 3 -83.0692 2.574836982024013
0 4 9 2 -86.77 1.5204824599919968
0 4 2 5 -73.4677 1.8543377546204012
0 4 5 8 -83.9123 1.8306104706098087
0 4 6 7 -84.3365 1.8306104706098087
0 4 7 3 -84.5425 1.8626419592629413
0 4 8 3 -85.804 0.7535492018748609
0 4 1 9 -80.77 1.8543377546204012
0 4 8 8 -86.9817 2.02253412315468
0 4 2 0 -78.18 1.8626419592629413
0 4 0 3 -66.38 1.045630193236076
0 4 5 0 -83.17 0.4142809311761813
0 4 8 0 -86.31 0.31961585322723524
0 4 8 6 -86.1667 0.6606851953374354
0 4 8 1 -86.2321 1.1200432714506303
0 4 7 8 -86.0406 2.574836982024013
0 4 2 3 -71.6945 0.7535492018748609
0 5 6 2 -83.7607 1.4346625681183898
0 5 6 0 -85.07 1.1200432714506303
0 5 9 5 -86.72 1.045630193236076
0 5 6 3 -83.307 2.574836982024013
0 5 9 2 -86.86 1.5204824599919968
0 5 2 5 -71.5252 1.8543377546204012
0 5 5 8 -83.1279 1.8306104706098087
0 5 6 7 -83.7705 1.8306104706098087
0 5 7 3 -84.7132 1.8626419592629413
0 5 8 3 -85.9297 0.7535492018748609
0 5 1 9 -78.81 1.8543377546204012
0 5 8 8 -86.5774 2.02253412315468
0 5 2 0 -80.35 1.8626419592629413
0 5 0 3 -66.87 1.045630193236076
0 5 5 0 -83.4 0.4142809311761813
0 5 8 0 -87.18 0.31961585322723524
0 5 8 6 -85.9378 0.6606851953374354
0 5 8 1 -86.57 1.1200432714506303
0 5 7 8 -85.5337 2.574836982024013
0 5 2 3 -73.6185 0.7535492018748609
0 6 6 2 -84.3201 1.4346625681183898
0 6 6 0 -85.44 1.1200432714506303
0 6 9 5 -86.7 1.045630193236076
0 6 6 3 -83.7112 2.574836982024013
0 6 9 2 -86.99 1.5204824599919968
0 6 2 5 -71.3972 1.8543377546204012
0 6 5 8 -82.3671 1.8306104706098087
0 6 6 7 -83.3466 1.8306104706098087
0 6 7 3 -85.0186 1.8626419592629413
0 6 8 3 -86.1612 0.7535492018748609
0 6 1 9 -76.26 1.8543377546204012
0 6 8 8 -86.2387 2.02253412315468
0 6 2 0 -82.07 1.8626419592629413
0 6 0 3 -72.88 1.045630193236076
0 6 5 0 -84.6 0.4142809311761813
0 6 8 0 -87.3 0.31961585322723524
0 6 8 6 -85.8023 0.6606851953374354
0 6 8 1 -87.0323 1.1200432714506303
0 6 7 8 -85.1081 2.574836982024013
0 6 2 3 -75.9963 0.7535492018748609
0 7 6 2 -84.9419 1.4346625681183898
0 7 6 0 -86.29 1.1200432714506303
0 7 9 5 -86.73 1.045630193236076
0 7 6 3 -84.2456 2.574836982024013
0 7 9 2 -87.74 1.5204824599919968
0 7 2 5 -73.1737 1.8543377546204012
0 7 5 8 -81.7543 1.8306104706098087
0 7 6 7 -83.0901 1.8306104706098087
0 7 7 3 -85.4205 1.8626419592629413
0 7 8 3 -86.4896 0.7535492018748609
0 7 1 9 -72.64 1.8543377546204012
0 7 8 8 -85.9754 2.02253412315468
0 7 2 0 -83.49 1.8626419592629413
0 7 0 3 -76.4 1.045630193236076
0 7 5 0 -85.63 0.4142809311761813
0 7 8 0 -87.55 0.31961585322723524
0 7 8 6 -85.7818 0.6606851953374354
0 7 8 1 -87.3245 1.1200432714506303
0 7 7 8 -84.7777 2.574836982024013
0 7 2 3 -78.2433 0.7535492018748609
0 8 6 2 -85.6295 1.4346625681183898
0 8 6 0 -87.22 1.1200432714506303
0 8 9 5 -86.8 1.045630193236076
0 8 6 3 -84.8633 2.574836982024013
0 8 9 2 -87.9 1.5204824599919968
0 8 2 5 -75.4569 1.8543377546204012
0 8 5 8 -81.3541 1.8306104706098087
0 8 6 7 -83.0288 1.8306104706098087
0 8 7 3 -85.9131 1.8626419592629413
0 8 8 3 -86.8798 0.7535492018748609
0 8 1 9 -71.83 1.8543377546204012
0 8 8 8 -85.8257 2.02253412315468
0 8 2 0 -84.71 1.8626419592629413
0 8 0 3 -78.89 1.045630193236076
0 8 5 0 -85.94 0.4142809311761813
0 8 8 0 -88.25 0.31961585322723524
0 8 8 6 -85.8744 0.6606851953374354
0 8 8 1 -87.8859 1.1200432714506303
0 8 7 8 -84.5739 2.574836982024013
0 8 2 3 -80.1789 0.7535492018748609
0 9 6 2 -86.3093 1.4346625681183898
0 9 6 0 -87.48 1.1200432714506303
0 9 9 5 -86.9 1.045630193236076
0 9 6 3 -85.5482 2.574836982024013
0 9 9 2 -88.08 1.5204824599919968
0 9 2 5 -77.7882 1.8543377546204012
0 9 5 8 -81.2363 1.8306104706098087
0 9 6 7 -83.1767 1.8306104706098087
0 9 7 3 -86.4583 1.8626419592629413
0 9 8 3 -87.3298 0.7535492018748609
0 9 1 9 -64.91 1.8543377546204012
0 9 8 8 -85.7778 2.02253412315468
0 9 2 0 -85.77 1.8626419592629413
0 9 0 3 -80.83 1.045630193236076
0 9 5 0 -86.87 0.4142809311761813
0 9 8 0 -88.99 0.31961585322723524
0 9 8 6 -86.0784 0.6606851953374354
0 9 8 1 -88.4231 1.1200432714506303
0 9 7 8 -84.513 2.574836982024013
0 9 2 3 -81.9334 0.7535492018748609
1 0 6 2 -82.1054 1.4346625681183898
1 0 6 0 -81.33 1.1200432714506303
1 0 9 5 -87.14 1.045630193236076
1 0 6 3 -82.8346 2.574836982024013
1 0 9 2 -86.11 1.5204824599919968
1 0 2 5 -81.0925 1.8543377546204012
1 0 5 8 -86.7187 1.8306104706098087
1 0 6 7 -86.4061 1.8306104706098087
1 0 7 3 -84.1935 1.8626419592629413
1 0 8 3 -85.3982 0.7535492018748609
1 0 1 9 -85.93 1.8543377546204012
1 0 8 8 -88.4067 2.02253412315468
1 0 2 0 -64.62 1.8626419592629413
1 0 0 3 -76.15 1.045630193236076
1 0 5 0 -80.0 0.4142809311761813
1 0 8 0 -84.43 0.31961585322723524
1 0 8 6 -87.1213 0.6606851953374354
1 0 8 1 -84.7359 1.1200432714506303
1 0 7 8 -87.8328 2.574836982024013
1 0 2 3 -76.0059 0.7535492018748609
1 1 6 2 -81.6464 1.4346625681183898
1 1 6 0 -81.35 1.1200432714506303
1 1 9 5 -86.34 1.045630193236076
1 1 6 3 -82.1715 2.574836982024013
1 1 9 2 -85.29 1.5204824599919968
1 1 2 5 -79.1394 1.8543377546204012
1 1 5 8 -85.8549 1.8306104706098087
1 1 6 7 -85.6003 1.8306104706098087
1 1 7 3 -83.7055 1.8626419592629413
1 1 8 3 -85.0312 0.7535492018748609
1 1 1 9 -84.9 1.8543377546204012
1 1 8 8 -87.8263 2.02253412315468
1 1 2 0 -64.74 1.8626419592629413
1 1 0 3 -72.43 1.045630193236076
1 1 5 0 -80.02 0.4142809311761813
1 1 8 0 -84.44 0.31961585322723524
1 1 8 6 -86.5585 0.6606851953374354
1 1 8 1 -84.6491 1.1200432714506303
1 1 7 8 -87.1532 2.574836982024013
1 1 2 3 -72.5163 0.7535492018748609
1 2 6 2 -81.4407 1.4346625681183898
1 2 6 0 -81.49 1.1200432714506303
1 2 9 5 -86.19 1.045630193236076
1 2 6 3 -81.6882 2.574836982024013
1 2 9 2 -85.25 1.5204824599919968
1 2 2 5 -76.652 1.8543377546204012
1 2 5 8 -84.9274 1.8306104706098087
1 2 6 7 -84.7839 1.8306104706098087
1 2 7 3 -83.3591 1.8626419592629413
1 2 8 3 -84.7732 0.7535492018748609
1 2 1 9 -83.74 1.8543377546204012
1 2 8 8 -87.2495 2.02253412315468
1 2 2 0 -66.3 1.8626419592629413
1 2 0 3 -66.78 1.045630193236076
1 2 5 0 -80.19 0.4142809311761813
1 2 8 0 -84.52 0.31961585322723524
1 2 8 6 -86.0207 0.6606851953374354
1 2 8 1 -84.7001 1.1200432714506303
1 2 7 8 -86.4782 2.574836982024013
1 2 2 3 -67.2515 0.7535492018748609
1 3 6 2 -81.5224 1.4346625681183898
1 3 6 0 -82.81 1.1200432714506303
1 3 9 5 -86.16 1.045630193236076
1 3 6 3 -81.4513 2.574836982024013
1 3 9 2 -85.27 1.5204824599919968
1 3 2 5 -73.3994 1.8543377546204012
1 3 5 8 -83.9451 1.8306104706098087
1 3 6 7 -83.9618 1.8306104706098087
1 3 7 3 -83.1976 1.8626419592629413
1 3 8 3 -84.6559 0.7535492018748609
1 3 1 9 -82.4 1.8543377546204012
1 3 8 8 -86.6764 2.02253412315468
1 3 2 0 -72.58 1.8626419592629413
1 3 0 3 -66.82 1.045630193236076
1 3 5 0 -80.5 0.4142809311761813
1 3 8 0 -85.44 0.31961585322723524
1 3 8 6 -85.5436 0.6606851953374354
1 3 8 1 -84.8972 1.1200432714506303
1 3 7 8 -85.7995 2.574836982024013
1 3 2 3 -63.444199999999995 0.7535492018748609
1 4 6 2 -81.8721 1.4346625681183898
1 4 6 0 -83.07 1.1200432714506303
1 4 9 5 -86.08 1.045630193236076
1 4 6 3 -81.4927 2.574836982024013
1 4 9 2 -85.34 1.5204824599919968
1 4 2 5 -68.5242 1.8543377546204012
1 4 5 8 -82.9089 1.8306104706098087
1 4 6 7 -83.1673 1.8306104706098087
1 4 7 3 -83.2309 1.8626419592629413
1 4 8 3 -84.6736 0.7535492018748609
1 4 1 9 -80.81 1.8543377546204012
1 4 8 8 -86.1369 2.02253412315468
1 4 2 0 -78.38 1.8626419592629413
1 4 0 3 -65.91 1.045630193236076
1 4 5 0 -82.05 0.4142809311761813
1 4 8 0 -85.6 0.31961585322723524
1 4 8 6 -85.1451 0.6606851953374354
1 4 8 1 -85.2216 1.1200432714506303
1 4 7 8 -85.1283 2.574836982024013
1 4 2 3 -64.2801 0.7535492018748609
1 5 6 2 -82.4282 1.4346625681183898
1 5 6 0 -84.35 1.1200432714506303
1 5 9 5 -85.25 1.045630193236076
1 5 6 3 -81.8143 2.574836982024013
1 5 9 2 -86.19 1.5204824599919968
1 5 2 5 -63.848200000000006 1.8543377546204012
1 5 5 8 -82.0071 1.8306104706098087
1 5 6 7 -82.4307 1.8306104706098087
1 5 7 3 -83.46 1.8626419592629413
1 5 8 3 -84.8417 0.7535492018748609
1 5 1 9 -78.86 1.8543377546204012
1 5 8 8 -85.6413 2.02253412315468
1 5 2 0 -78.7 1.8626419592629413
1 5 0 3 -65.9 1.045630193236076
1 5 5 0 -82.44 0.4142809311761813
1 5 8 0 -93.28 0.31961585322723524
1 5 8 6 -84.8454 0.6606851953374354
1 5 8 1 -87.1071 1.1200432714506303
1 5 7 8 -84.5077 2.574836982024013
1 5 2 3 -69.1337 0.7535492018748609
1 6 6 2 -83.1501 1.4346625681183898
1 6 6 0 -84.58 1.1200432714506303
1 6 9 5 -85.25 1.045630193236076
1 6 6 3 -82.3687 2.574836982024013
1 6 9 2 -86.33 1.5204824599919968
1 6 2 5 -63.692099999999996 1.8543377546204012
1 6 5 8 -80.8545 1.8306104706098087
1 6 6 7 -81.8704 1.8306104706098087
1 6 7 3 -83.8557 1.8626419592629413
1 6 8 3 -85.136 0.7535492018748609
1 6 1 9 -76.35 1.8543377546204012
1 6 8 8 -85.2278 2.02253412315468
1 6 2 0 -80.7 1.8626419592629413
1 6 0 3 -72.48 1.045630193236076
1 6 5 0 -83.83 0.4142809311761813
1 6 8 0 -86.69 0.31961585322723524
1 6 8 6 -84.6768 0.6606851953374354
1 6 8 1 -86.0527 1.1200432714506303
1 6 7 8 -83.9652 2.574836982024013
1 6 2 3 -73.8507 0.7535492018748609
1 7 6 2 -83.9547 1.4346625681183898
1 7 6 0 -85.63 1.1200432714506303
1 7 9 5 -85.29 1.045630193236076
1 7 6 3 -83.0687 2.574836982024013
1 7 9 2 -86.51 1.5204824599919968
1 7 2 5 -67.8821 1.8543377546204012
1 7 5 8 -79.9957 1.8306104706098087
1 7 6 7 -81.5215 1.8306104706098087
1 7 7 3 -84.3713 1.8626419592629413
1 7 8 3 -85.5369 0.7535492018748609
1 7 1 9 -72.81 1.8543377546204012
1 7 8 8 -84.9054 2.02253412315468
1 7 2 0 -82.32 1.8626419592629413
1 7 0 3 -76.18 1.045630193236076
1 7 5 0 -84.92 0.4142809311761813
1 7 8 0 -86.92 0.31961585322723524
1 7 8 6 -84.6544 0.6606851953374354
1 7 8 1 -86.6571 1.1200432714506303
1 7 7 8 -83.5338 2.574836982024013
1 7 2 3 -76.9715 0.7535492018748609
1 8 6 2 -84.7744 1.4346625681183898
1 8 6 0 -86.65 1.1200432714506303
1 8 9 5 -86.22 1.045630193236076
1 8 6 3 -83.8635 2.574836982024013
1 8 9 2 -87.34 1.5204824599919968
1 8 2 5 -72.9593 1.8543377546204012
1 8 5 8 -79.4154 1.8306104706098087
1 8 6 7 -81.4387 1.8306104706098087
1 8 7 3 -84.9785 1.8626419592629413
1 8 8 3 -86.0184 0.7535492018748609
1 8 1 9 -66.71 1.8543377546204012
1 8 8 8 -84.7048 2.02253412315468
1 8 2 0 -84.76 1.8626419592629413
1 8 0 3 -78.75 1.045630193236076
1 8 5 0 -85.34 0.4142809311761813
1 8 8 0 -87.72 0.31961585322723524
1 8 8 6 -84.7696 0.6606851953374354
1 8 8 1 -87.2391 1.1200432714506303
1 8 7 8 -83.2727 2.574836982024013
1 8 2 3 -79.382 0.7535492018748609
1 9 6 2 -85.591 1.4346625681183898
1 9 6 0 -86.9 1.1200432714506303
1 9 9 5 -86.24 1.045630193236076
1 9 6 3 -84.6782 2.574836982024013
1 9 9 2 -87.53 1.5204824599919968
1 9 2 5 -76.3364 1.8543377546204012
1 9 5 8 -79.2316 1.8306104706098087
1 9 6 7 -81.6457 1.8306104706098087
1 9 7 3 -85.6401 1.8626419592629413
1 9 8 3 -86.5486 0.7535492018748609
1 9 1 9 -64.87 1.8543377546204012
1 9 8 8 -84.6473 2.02253412315468
1 9 2 0 -85.81 1.8626419592629413
1 9 0 3 -80.73 1.045630193236076
1 9 5 0 -86.36 0.4142809311761813
1 9 8 0 -88.55 0.31961585322723524
1 9 8 6 -85.0309 0.6606851953374354
1 9 8 1 -87.8218 1.1200432714506303
1 9 7 8 -83.1842 2.574836982024013
1 9 2 3 -81.287 0.7535492018748609
2 0 6 2 -80.4594 1.4346625681183898
2 0 6 0 -80.0 1.1200432714506303
2 0 9 5 -86.71 1.045630193236076
2 0 6 3 -81.454 2.574836982024013
2 0 9 2 -84.57 1.5204824599919968
2 0 2 5 -80.8255 1.8543377546204012
2 0 5 8 -86.2919 1.8306104706098087
2 0 6 7 -85.8167 1.8306104706098087
2 0 7 3 -82.9782 1.8626419592629413
2 0 8 3 -84.319 0.7535492018748609
2 0 1 9 -85.92 1.8543377546204012
2 0 8 8 -87.8809 2.02253412315468
2 0 2 0 -64.63 1.8626419592629413
2 0 0 3 -78.21 1.045630193236076
2 0 5 0 -76.49 0.4142809311761813
2 0 8 0 -83.51 0.31961585322723524
2 0 8 6 -86.4011 0.6606851953374354
2 0 8 1 -83.4689 1.1200432714506303
2 0 7 8 -87.306 2.574836982024013
2 0 2 3 -75.1915 0.7535492018748609
2 1 6 2 -79.7973 1.4346625681183898
2 1 6 0 -80.02 1.1200432714506303
2 1 9 5 -85.61 1.045630193236076
2 1 6 3 -80.5524 2.574836982024013
2 1 9 2 -84.47 1.5204824599919968
2 1 2 5 -78.7155 1.8543377546204012
2 1 5 8 -85.3289 1.8306104706098087
2 1 6 7 -84.8947 1.8306104706098087
2 1 7 3 -82.3348 1.8626419592629413
2 1 8 3 -83.8455 0.7535492018748609
2 1 1 9 -84.9 1.8543377546204012
2 1 8 8 -87.2207 2.02253412315468
2 1 2 0 -64.78 1.8626419592629413
2 1 0 3 -75.83 1.045630193236076
2 1 5 0 -76.53 0.4142809311761813
2 1 8 0 -83.53 0.31961585322723524
2 1 8 6 -85.7369 0.6606851953374354
2 1 8 1 -83.3471 1.1200432714506303
2 1 7 8 -86.5607 2.574836982024013
2 1 2 3 -70.3283 0.7535492018748609
2 2 6 2 -79.4872 1.4346625681183898
2 2 6 0 -80.2 1.1200432714506303
2 2 9 5 -85.61 1.045630193236076
2 2 6 3 -79.8511 2.574836982024013
2 2 9 2 -84.43 1.5204824599919968
2 2 2 5 -75.9389 1.8543377546204012
2 2 5 8 -84.2807 1.8306104706098087
2 2 6 7 -83.915 1.8306104706098087
2 2 7 3 -81.8685 1.8626419592629413
2 2 8 3 -83.5113 0.7535492018748609
2 2 1 9 -83.73 1.8543377546204012
2 2 8 8 -86.5504 2.02253412315468
2 2 2 0 -66.85 1.8626419592629413
2 2 0 3 -71.01 1.045630193236076
2 2 5 0 -76.85 0.4142809311761813
2 2 8 0 -83.62 0.31961585322723524
2 2 8 6 -85.0951 0.6606851953374354
2 2 8 1 -83.4204 1.1200432714506303
2 2 7 8 -85.7709 2.574836982024013
2 2 2 3 -64.0304 0.7535492018748609
2 3 6 2 -79.6087 1.4346625681183898
2 3 6 0 -80.5 1.1200432714506303
2 3 9 5 -84.54 1.045630193236076
2 3 6 3 -79.5031 2.574836982024013
2 3 9 2 -84.45 1.5204824599919968
2 3 2 5 -71.7232 1.8543377546204012
2 3 5 8 -83.1177 1.8306104706098087
2 3 6 7 -82.9134 1.8306104706098087
2 3 7 3 -81.6428 1.8626419592629413
2 3 8 3 -83.355 0.7535492018748609
2 3 1 9 -82.39 1.8543377546204012
2 3 8 8 -85.8844 2.02253412315468
2 3 2 0 -72.87 1.8626419592629413
2 3 0 3 -64.49 1.045630193236076
2 3 5 0 -79.23 0.4142809311761813
2 3 8 0 -83.78 0.31961585322723524
2 3 8 6 -84.4987 0.6606851953374354
2 3 8 1 -83.683 1.1200432714506303
2 3 7 8 -84.9691 2.574836982024013
2 3 2 3 -60.163399999999996 0.7535492018748609
2 4 6 2 -80.1233 1.4346625681183898
2 4 6 0 -82.05 1.1200432714506303
2 4 9 5 -84.45 1.045630193236076
2 4 6 3 -79.5745 2.574836982024013
2 4 9 2 -84.53 1.5204824599919968
2 4 2 5 -65.1531 1.8543377546204012
2 4 5 8 -81.8699 1.8306104706098087
2 4 6 7 -81.893 1.8306104706098087
2 4 7 3 -81.6834 1.8626419592629413
2 4 8 3 -83.3859 0.7535492018748609
2 4 1 9 -80.79 1.8543377546204012
2 4 8 8 -85.233 2.02253412315468
2 4 2 0 -76.39 1.8626419592629413
2 4 0 3 -65.01 1.045630193236076
2 4 5 0 -79.6 0.4142809311761813
2 4 8 0 -84.05 0.31961585322723524
2 4 8 6 -83.9927 0.6606851953374354
2 4 8 1 -84.092 1.1200432714506303
2 4 7 8 -84.1573 2.574836982024013
2 4 2 3 -61.297200000000004 0.7535492018748609
2 5 6 2 -80.9266 1.4346625681183898
2 5 6 0 -82.54 1.1200432714506303
2 5 9 5 -84.42 1.045630193236076
2 5 6 3 -80.0487 2.574836982024013
2 5 9 2 -84.67 1.5204824599919968
2 5 2 5 -60.696600000000004 1.8543377546204012
2 5 5 8 -80.5246 1.8306104706098087
2 5 6 7 -80.9301 1.8306104706098087
2 5 7 3 -81.9921 1.8626419592629413
2 5 8 3 -83.6085 0.7535492018748609
2 5 1 9 -78.84 1.8543377546204012
2 5 8 8 -84.6253 2.02253412315468
2 5 2 0 -78.89 1.8626419592629413
2 5 0 3 -71.63 1.045630193236076
2 5 5 0 -81.38 0.4142809311761813
2 5 8 0 -85.07 0.31961585322723524
2 5 8 6 -83.6081 0.6606851953374354
2 5 8 1 -84.6189 1.1200432714506303
2 5 7 8 -83.3796 2.574836982024013
2 5 2 3 -65.8924 0.7535492018748609
2 6 6 2 -81.8922 1.4346625681183898
2 6 6 0 -83.76 1.1200432714506303
2 6 9 5 -84.43 1.045630193236076
2 6 6 3 -80.8245 2.574836982024013
2 6 9 2 -85.63 1.5204824599919968
2 6 2 5 -60.308499999999995 1.8543377546204012
2 6 5 8 -79.1442 1.8306104706098087
2 6 6 7 -80.128 1.8306104706098087
2 6 7 3 -82.5216 1.8626419592629413
2 6 8 3 -83.9829 0.7535492018748609
2 6 1 9 -76.31 1.8543377546204012
2 6 8 8 -84.0979 2.02253412315468
2 6 2 0 -80.83 1.8626419592629413
2 6 0 3 -75.4 1.045630193236076
2 6 5 0 -82.94 0.4142809311761813
2 6 8 0 -85.38 0.31961585322723524
2 6 8 6 -83.3862 0.6606851953374354
2 6 8 1 -85.1991 1.1200432714506303
2 6 7 8 -82.6758 2.574836982024013
2 6 2 3 -72.3386 0.7535492018748609
2 7 6 2 -82.8968 1.4346625681183898
2 7 6 0 -84.92 1.1200432714506303
2 7 9 5 -84.47 1.045630193236076
2 7 6 3 -81.7726 2.574836982024013
2 7 9 2 -85.83 1.5204824599919968
2 7 2 5 -64.5028 1.8543377546204012
2 7 5 8 -77.8745 1.8306104706098087
2 7 6 7 -79.6084 1.8306104706098087
2 7 7 3 -83.2083 1.8626419592629413
2 7 8 3 -84.4963 0.7535492018748609
2 7 1 9 -72.73 1.8543377546204012
2 7 8 8 -83.6802 2.02253412315468
2 7 2 0 -82.41 1.8626419592629413
2 7 0 3 -76.02 1.045630193236076
2 7 5 0 -84.28 0.4142809311761813
2 7 8 0 -86.3 0.31961585322723524
2 7 8 6 -83.3542 0.6606851953374354
2 7 8 1 -85.8873 1.1200432714506303
2 7 7 8 -82.1034 2.574836982024013
2 7 2 3 -76.3078 0.7535492018748609
2 8 6 2 -83.9161 1.4346625681183898
2 8 6 0 -86.02 1.1200432714506303
2 8 9 5 -84.57 1.045630193236076
2 8 6 3 -82.7917 2.574836982024013
2 8 9 2 -86.07 1.5204824599919968
2 8 2 5 -71.0625 1.8543377546204012
2 8 5 8 -76.9325 1.8306104706098087
2 8 6 7 -79.4864 1.8306104706098087
2 8 7 3 -83.9725 1.8626419592629413
2 8 8 3 -85.0871 0.7535492018748609
2 8 1 9 -66.53 1.8543377546204012
2 8 8 8 -83.4183 2.02253412315468
2 8 2 0 -83.75 1.8626419592629413
2 8 0 3 -80.42 1.045630193236076
2 8 5 0 -85.43 0.4142809311761813
2 8 8 0 -87.18 0.31961585322723524
2 8 8 6 -83.5169 0.6606851953374354
2 8 8 1 -86.5532 1.1200432714506303
2 8 7 8 -81.7355 2.574836982024013
2 8 2 3 -78.9832 0.7535492018748609
2 9 6 2 -84.8881 1.4346625681183898
2 9 6 0 -86.99 1.1200432714506303
2 9 9 5 -85.67 1.045630193236076
2 9 6 3 -83.8072 2.574836982024013
2 9 9 2 -86.95 1.5204824599919968
2 9 2 5 -75.5878 1.8543377546204012
2 9 5 8 -76.633 1.8306104706098087
2 9 6 7 -79.7884 1.8306104706098087
2 9 7 3 -84.7774 1.8626419592629413
2 9 8 3 -85.7314 0.7535492018748609
2 9 1 9 -70.78 1.8543377546204012
2 9 8 8 -83.3423 2.02253412315468
2 9 2 0 -84.91 1.8626419592629413
2 9 0 3 -82.11 1.045630193236076
2 9 5 0 -86.28 0.4142809311761813
2 9 8 0 -88.07 0.31961585322723524
2 9 8 6 -83.8406 0.6606851953374354
2 9 8 1 -87.2186 1.1200432714506303
2 9 7 8 -81.6254 2.574836982024013
2 9 2 3 -81.0359 0.7535492018748609
3 0 6 2 -78.4954 1.4346625681183898
3 0 6 0 -76.49 1.1200432714506303
3 0 9 5 -85.13 1.045630193236076
3 0 6 3 -79.9305 2.574836982024013
3 0 9 2 -83.68 1.5204824599919968
3 0 2 5 -80.9263 1.8543377546204012
3 0 5 8 -85.9377 1.8306104706098087
3 0 6 7 -85.2728 1.8306104706098087
3 0 7 3 -81.6165 1.8626419592629413
3 0 8 3 -83.1101 0.7535492018748609
3 0 1 9 -86.77 1.8543377546204012
3 0 8 8 -87.3707 2.02253412315468
3 0 2 0 -64.63 1.8626419592629413
3 0 0 3 -77.78 1.045630193236076
3 0 5 0 -74.01 0.4142809311761813
3 0 8 0 -81.33 0.31961585322723524
3 0 8 6 -85.6762 0.6606851953374354
3 0 8 1 -81.9832 1.1200432714506303
3 0 7 8 -86.8223 2.574836982024013
3 0 2 3 -75.5195 0.7535492018748609
3 1 6 2 -77.4809 1.4346625681183898
3 1 6 0 -76.53 1.1200432714506303
3 1 9 5 -85.01 1.045630193236076
3 1 6 3 -78.6348 2.574836982024013
3 1 9 2 -83.56 1.5204824599919968
3 1 2 5 -78.8836 1.8543377546204012
3 1 5 8 -84.8926 1.8306104706098087
3 1 6 7 -84.2264 1.8306104706098087
3 1 7 3 -80.7452 1.8626419592629413
3 1 8 3 -82.4976 0.7535492018748609
3 1 1 9 -84.21 1.8543377546204012
3 1 8 8 -86.6232 2.02253412315468
3 1 2 0 -64.75 1.8626419592629413
3 1 0 3 -77.23 1.045630193236076
3 1 5 0 -74.06 0.4142809311761813
3 1 8 0 -81.36 0.31961585322723524
3 1 8 6 -84.8862 0.6606851953374354
3 1 8 1 -81.819 1.1200432714506303
3 1 7 8 -85.9776 2.574836982024013
3 1 2 3 -71.3333 0.7535492018748609
3 2 6 2 -76.9729 1.4346625681183898
3 2 6 0 -78.71 1.1200432714506303
3 2 9 5 -83.83 1.045630193236076
3 2 6 3 -77.585 2.574836982024013
3 2 9 2 -82.49 1.5204824599919968
3 2 2 5 -76.2295 1.8543377546204012
3 2 5 8 -83.7148 1.8306104706098087
3 2 6 7 -83.0821 1.8306104706098087
3 2 7 3 -80.0824 1.8626419592629413
3 2 8 3 -82.0474 0.7535492018748609
3 2 1 9 -83.49 1.8543377546204012
3 2 8 8 -85.847 2.02253412315468
3 2 2 0 -66.29 1.8626419592629413
3 2 0 3 -74.29 1.045630193236076
3 2 5 0 -74.54 0.4142809311761813
3 2 8 0 -82.62 0.31961585322723524
3 2 8 6 -84.0974 0.6606851953374354
3 2 8 1 -81.9225 1.1200432714506303
3 2 7 8 -85.0757 2.574836982024013
3 2 2 3 -65.2683 0.7535492018748609
3 3 6 2 -77.183 1.4346625681183898
3 3 6 0 -79.08 1.1200432714506303
3 3 9 5 -83.65 1.045630193236076
3 3 6 3 -76.9999 2.574836982024013
3 3 9 2 -83.54 1.5204824599919968
3 3 2 5 -72.4928 1.8543377546204012
3 3 5 8 -82.3841 1.8306104706098087
3 3 6 7 -81.8443 1.8306104706098087
3 3 7 3 -79.7412 1.8626419592629413
3 3 8 3 -81.8274 0.7535492018748609
3 3 1 9 -83.39 1.8543377546204012
3 3 8 8 -85.0624 2.02253412315468
3 3 2 0 -72.56 1.8626419592629413
3 3 0 3 -73.98 1.045630193236076
3 3 5 0 -77.39 0.4142809311761813
3 3 8 0 -82.81 0.31961585322723524
3 3 8 6 -83.35 0.6606851953374354
3 3 8 1 -82.272 1.1200432714506303
3 3 7 8 -84.1312 2.574836982024013
3 3 2 3 -60.958600000000004 0.7535492018748609
3 4 6 2 -77.9959 1.4346625681183898
3 4 6 0 -81.0 1.1200432714506303
3 4 9 5 -83.63 1.045630193236076
3 4 6 3 -77.1114 2.574836982024013
3 4 9 2 -83.64 1.5204824599919968
3 4 2 5 -66.4512 1.8543377546204012
3 4 5 8 -80.8704 1.8306104706098087
3 4 6 7 -80.5337 1.8306104706098087
3 4 7 3 -79.8114 1.8626419592629413
3 4 8 3 -81.866 0.7535492018748609
3 4 1 9 -81.96 1.8543377546204012
3 4 8 8 -84.2667 2.02253412315468
3 4 2 0 -76.22 1.8626419592629413
3 4 0 3 -74.13 1.045630193236076
3 4 5 0 -78.07 0.4142809311761813
3 4 8 0 -83.08 0.31961585322723524
3 4 8 6 -82.6891 0.6606851953374354
3 4 8 1 -82.8248 1.1200432714506303
3 4 7 8 -83.144 2.574836982024013
3 4 2 3 -62.00620000000001 0.7535492018748609
3 5 6 2 -79.1896 1.4346625681183898
3 5 6 0 -81.51 1.1200432714506303
3 5 9 5 -83.54 1.045630193236076
3 5 6 3 -77.8729 2.574836982024013
3 5 9 2 -83.8 1.5204824599919968
3 5 2 5 -61.7037 1.8543377546204012
3 5 5 8 -79.1504 1.8306104706098087
3 5 6 7 -79.1957 1.8306104706098087
3 5 7 3 -80.2656 1.8626419592629413
3 5 8 3 -82.1665 0.7535492018748609
3 5 1 9 -80.21 1.8543377546204012
3 5 8 8 -83.5065 2.02253412315468
3 5 2 0 -78.78 1.8626419592629413
3 5 0 3 -74.68 1.045630193236076
3 5 5 0 -80.19 0.4142809311761813
3 5 8 0 -84.28 0.31961585322723524
3 5 8 6 -82.1701 0.6606851953374354
3 5 8 1 -83.5089 1.1200432714506303
3 5 7 8 -82.1554 2.574836982024013
3 5 2 3 -67.0514 0.7535492018748609
3 6 6 2 -80.5138 1.4346625681183898
3 6 6 0 -83.08 1.1200432714506303
3 6 9 5 -83.55 1.045630193236076
3 6 6 3 -79.0399 2.574836982024013
3 6 9 2 -84.03 1.5204824599919968
3 6 2 5 -61.3198 1.8543377546204012
3 6 5 8 -77.2146 1.8306104706098087
3 6 6 7 -78.0011 1.8306104706098087
3 6 7 3 -81.0089 1.8626419592629413
3 6 8 3 -82.6805 0.7535492018748609
3 6 1 9 -75.72 1.8543377546204012
3 6 8 8 -82.8294 2.02253412315468
3 6 2 0 -80.75 1.8626419592629413
3 6 0 3 -77.34 1.045630193236076
3 6 5 0 -81.9 0.4142809311761813
3 6 8 0 -84.71 0.31961585322723524
3 6 8 6 -81.8767 0.6606851953374354
3 6 8 1 -84.2805 1.1200432714506303
3 6 7 8 -81.2132 2.574836982024013
3 6 2 3 -73.0161 0.7535492018748609
3 7 6 2 -81.816 1.4346625681183898
3 7 6 0 -84.16 1.1200432714506303
3 7 9 5 -83.56 1.045630193236076
3 7 6 3 -80.3743 2.574836982024013
3 7 9 2 -85.13 1.5204824599919968
3 7 2 5 -65.6925 1.8543377546204012
3 7 5 8 -75.1656 1.8306104706098087
3 7 6 7 -77.1793 1.8306104706098087
3 7 7 3 -81.9181 1.8626419592629413
3 7 8 3 -83.3424 0.7535492018748609
3 7 1 9 -74.9 1.8543377546204012
3 7 8 8 -82.2737 2.02253412315468
3 7 2 0 -82.36 1.8626419592629413
3 7 0 3 -78.07 1.045630193236076
3 7 5 0 -83.34 0.4142809311761813
3 7 8 0 -85.63 0.31961585322723524
3 7 8 6 -81.8246 0.6606851953374354
3 7 8 1 -85.1902 1.1200432714506303
3 7 7 8 -80.4104 2.574836982024013
3 7 2 3 -76.5644 0.7535492018748609
3 8 6 2 -83.0765 1.4346625681183898
3 8 6 0 -85.3 1.1200432714506303
3 8 9 5 -83.71 1.045630193236076
3 8 6 3 -81.6899 2.574836982024013
3 8 9 2 -85.38 1.5204824599919968
3 8 2 5 -71.9031 1.8543377546204012
3 8 5 8 -73.5592 1.8306104706098087
3 8 6 7 -76.9717 1.8306104706098087
3 8 7 3 -82.9063 1.8626419592629413
3 8 8 3 -84.0868 0.7535492018748609
3 8 1 9 -74.59 1.8543377546204012
3 8 8 8 -81.9204 2.02253412315468
3 8 2 0 -83.71 1.8626419592629413
3 8 0 3 -81.7 1.045630193236076
3 8 5 0 -84.59 0.4142809311761813
3 8 8 0 -86.61 0.31961585322723524
3 8 8 6 -82.0456 0.6606851953374354
3 8 8 1 -85.8406 1.1200432714506303
3 8 7 8 -79.8809 2.574836982024013
3 8 2 3 -79.1397 0.7535492018748609
3 9 6 2 -84.2263 1.4346625681183898
3 9 6 0 -86.34 1.1200432714506303
3 9 9 5 -83.86 1.045630193236076
3 9 6 3 -82.9417 2.574836982024013
3 9 9 2 -86.33 1.5204824599919968
3 9 2 5 -75.8927 1.8543377546204012
3 9 5 8 -72.9567 1.8306104706098087
3 9 6 7 -77.4821 1.8306104706098087
3 9 7 3 -83.9048 1.8626419592629413
3 9 8 3 -84.8791 0.7535492018748609
3 9 1 9 -70.64 1.8543377546204012
3 9 8 8 -81.8117 2.02253412315468
3 9 2 0 -84.88 1.8626419592629413
3 9 0 3 -81.7 1.045630193236076
3 9 5 0 -85.68 0.4142809311761813
3 9 8 0 -87.54 0.31961585322723524
3 9 8 6 -82.4922 0.6606851953374354
3 9 8 1 -86.6141 1.1200432714506303
3 9 7 8 -79.7169 2.574836982024013
3 9 2 3 -81.1349 0.7535492018748609
4 0 6 2 -76.1215 1.4346625681183898
4 0 6 0 -74.01 1.1200432714506303
4 0 9 5 -84.34 1.045630193236076
4 0 6 3 -78.2802 2.574836982024013
4 0 9 2 -81.6 1.5204824599919968
4 0 2 5 -81.3803 1.8543377546204012
4 0 5 8 -85.6887 1.8306104706098087
4 0 6 7 -84.8125 1.8306104706098087
4 0 7 3 -80.1017 1.8626419592629413
4 0 8 3 -81.7749 0.7535492018748609
4 0 1 9 -86.63 1.8543377546204012
4 0 8 8 -86.8726 2.02253412315468
4 0 2 0 -70.53 1.8626419592629413
4 0 0 3 -80.92 1.045630193236076
4 0 5 0 -64.63 0.4142809311761813
4 0 8 0 -80.0 0.31961585322723524
4 0 8 6 -84.9511 0.6606851953374354
4 0 8 1 -80.1949 1.1200432714506303
4 0 7 8 -86.3875 2.574836982024013
4 0 2 3 -76.8171 0.7535492018748609
4 1 6 2 -74.3736 1.4346625681183898
4 1 6 0 -74.06 1.1200432714506303
4 1 9 5 -84.33 1.045630193236076
4 1 6 3 -76.3231 2.574836982024013
4 1 9 2 -81.41 1.5204824599919968
4 1 2 5 -79.5725 1.8543377546204012
4 1 5 8 -84.5652 1.8306104706098087
4 1 6 7 -83.6344 1.8306104706098087
4 1 7 3 -78.8609 1.8626419592629413
4 1 8 3 -80.9306 0.7535492018748609
4 1 1 9 -85.66 1.8543377546204012
4 1 8 8 -86.0394 2.02253412315468
4 1 2 0 -70.59 1.8626419592629413
4 1 0 3 -78.87 1.045630193236076
4 1 5 0 -64.75 0.4142809311761813
4 1 8 0 -80.02 0.31961585322723524
4 1 8 6 -84.0178 0.6606851953374354
4 1 8 1 -79.9566 1.1200432714506303
4 1 7 8 -85.4428 2.574836982024013
4 1 2 3 -74.0921 0.7535492018748609
4 2 6 2 -73.4532 1.4346625681183898
4 2 6 0 -74.54 1.1200432714506303
4 2 9 5 -82.88 1.045630193236076
4 2 6 3 -74.5429 2.574836982024013
4 2 9 2 -81.33 1.5204824599919968
4 2 2 5 -77.4017 1.8543377546204012
4 2 5 8 -83.2823 1.8306104706098087
4 2 6 7 -82.314 1.8306104706098087
4 2 7 3 -77.8633 1.8626419592629413
4 2 8 3 -80.299 0.7535492018748609
4 2 1 9 -84.57 1.8543377546204012
4 2 8 8 -85.1501 2.02253412315468
4 2 2 0 -71.39 1.8626419592629413
4 2 0 3 -76.67 1.045630193236076
4 2 5 0 -71.65 0.4142809311761813
4 2 8 0 -80.2 0.31961585322723524
4 2 8 6 -83.0408 0.6606851953374354
4 2 8 1 -80.1097 1.1200432714506303
4 2 7 8 -84.4173 2.574836982024013
4 2 2 3 -70.7761 0.7535492018748609
4 3 6 2 -73.833 1.4346625681183898
4 3 6 0 -77.39 1.1200432714506303
4 3 9 5 -82.86 1.045630193236076
4 3 6 3 -73.5044 2.574836982024013
4 3 9 2 -81.37 1.5204824599919968
4 3 2 5 -74.7958 1.8543377546204012
4 3 5 8 -81.8011 1.8306104706098087
4 3 6 7 -80.8087 1.8306104706098087
4 3 7 3 -77.3179 1.8626419592629413
4 3 8 3 -79.9731 0.7535492018748609
4 3 1 9 -83.32 1.8543377546204012
4 3 8 8 -84.2264 2.02253412315468
4 3 2 0 -75.32 1.8626419592629413
4 3 0 3 -76.47 1.045630193236076
4 3 5 0 -75.32 0.4142809311761813
4 3 8 0 -80.61 0.31961585322723524
4 3 8 6 -82.0811 0.6606851953374354
4 3 8 1 -80.609 1.1200432714506303
4 3 7 8 -83.3021 2.574836982024013
4 3 2 3 -68.0814 0.7535492018748609
4 4 6 2 -75.2792 1.4346625681183898
4 4 6 0 -79.79 1.1200432714506303
4 4 9 5 -81.38 1.045630193236076
4 4 6 3 -73.7146 2.574836982024013
4 4 9 2 -81.52 1.5204824599919968
4 4 2 5 -71.6061 1.8543377546204012
4 4 5 8 -80.0457 1.8306104706098087
4 4 6 7 -79.1081 1.8306104706098087
4 4 7 3 -77.4268 1.8626419592629413
4 4 8 3 -80.0411 0.7535492018748609
4 4 1 9 -83.02 1.8543377546204012
4 4 8 8 -83.2592 2.02253412315468
4 4 2 0 -78.35 1.8626419592629413
4 4 0 3 -76.57 1.045630193236076
4 4 5 0 -78.07 0.4142809311761813
4 4 8 0 -82.05 0.31961585322723524
4 4 8 6 -81.196 0.6606851953374354
4 4 8 1 -81.3759 1.1200432714506303
4 4 7 8 -82.1005 2.574836982024013
4 4 2 3 -68.6606 0.7535492018748609
4 5 6 2 -77.1993 1.4346625681183898
4 5 6 0 -80.25 1.1200432714506303
4 5 9 5 -81.33 1.045630193236076
4 5 6 3 -75.0786 2.574836982024013
4 5 9 2 -82.84 1.5204824599919968
4 5 2 5 -68.3862 1.8543377546204012
4 5 5 8 -77.9024 1.8306104706098087
4 5 6 7 -77.2157 1.8306104706098087
4 5 7 3 -78.1398 1.8626419592629413
4 5 8 3 -80.469 0.7535492018748609
4 5 1 9 -80.26 1.8543377546204012
4 5 8 8 -82.2943 2.02253412315468
4 5 2 0 -80.46 1.8626419592629413
4 5 0 3 -78.74 1.045630193236076
4 5 5 0 -78.77 0.4142809311761813
4 5 8 0 -83.53 0.31961585322723524
4 5 8 6 -80.4732 0.6606851953374354
4 5 8 1 -82.2823 1.1200432714506303
4 5 7 8 -80.8277 2.574836982024013
4 5 2 3 -71.8816 0.7535492018748609
4 6 6 2 -79.0737 1.4346625681183898
4 6 6 0 -81.99 1.1200432714506303
4 6 9 5 -81.33 1.045630193236076
4 6 6 3 -76.9711 2.574836982024013
4 6 9 2 -83.12 1.5204824599919968
4 6 2 5 -68.1141 1.8543377546204012
4 6 5 8 -75.2276 1.8306104706098087
4 6 6 7 -75.2805 1.8306104706098087
4 6 7 3 -79.252 1.8626419592629413
4 6 8 3 -81.1838 0.7535492018748609
4 6 1 9 -79.63 1.8543377546204012
4 6 8 8 -81.388 2.02253412315468
4 6 2 0 -80.69 1.8626419592629413
4 6 0 3 -79.17 1.045630193236076
4 6 5 0 -81.99 0.4142809311761813
4 6 8 0 -83.93 0.31961585322723524
4 6 8 6 -80.0389 0.6606851953374354
4 6 8 1 -83.2312 1.1200432714506303
4 6 7 8 -79.5403 2.574836982024013
4 6 2 3 -75.0236 0.7535492018748609
4 7 6 2 -80.7827 1.4346625681183898
4 7 6 0 -83.44 1.1200432714506303
4 7 9 5 -81.4 1.045630193236076
4 7 6 3 -78.8941 2.574836982024013
4 7 9 2 -83.45 1.5204824599919968
4 7 2 5 -71.12 1.8543377546204012
4 7 5 8 -71.8293 1.8306104706098087
4 7 6 7 -73.8287 1.8306104706098087
4 7 7 3 -80.5291 1.8626419592629413
4 7 8 3 -82.0683 0.7535492018748609
4 7 1 9 -77.43 1.8543377546204012
4 7 8 8 -80.6145 2.02253412315468
4 7 2 0 -83.55 1.8626419592629413
4 7 0 3 -79.58 1.045630193236076
4 7 5 0 -83.44 0.4142809311761813
4 7 8 0 -84.92 0.31961585322723524
4 7 8 6 -79.9729 0.6606851953374354
4 7 8 1 -84.2825 1.1200432714506303
4 7 7 8 -78.3793 2.574836982024013
4 7 2 3 -77.6308 0.7535492018748609
4 8 6 2 -82.3003 1.4346625681183898
4 8 6 0 -84.66 1.1200432714506303
4 8 9 5 -82.9 1.045630193236076
4 8 6 3 -80.6175 2.574836982024013
4 8 9 2 -84.63 1.5204824599919968
4 8 2 5 -74.4115 1.8543377546204012
4 8 5 8 -67.4293 1.8306104706098087
4 8 6 7 -73.4545 1.8306104706098087
4 8 7 3 -81.8089 1.8626419592629413
4 8 8 3 -83.0301 0.7535492018748609
4 8 1 9 -76.87 1.8543377546204012
4 8 8 8 -80.1047 2.02253412315468
4 8 2 0 -84.75 1.8626419592629413
4 8 0 3 -82.75 1.045630193236076
4 8 5 0 -84.66 0.4142809311761813
4 8 8 0 -85.98 0.31961585322723524
4 8 8 6 -80.2871 0.6606851953374354
4 8 8 1 -85.1511 1.1200432714506303
4 8 7 8 -77.5529 2.574836982024013
4 8 2 3 -79.7902 0.7535492018748609
4 9 6 2 -83.6354 1.4346625681183898
4 9 6 0 -85.74 1.1200432714506303
4 9 9 5 -82.99 1.045630193236076
4 9 6 3 -82.1446 2.574836982024013
4 9 9 2 -85.69 1.5204824599919968
4 9 2 5 -77.1228 1.8543377546204012
4 9 5 8 -65.7846 1.8306104706098087
4 9 6 7 -74.3775 1.8306104706098087
4 9 7 3 -83.0339 1.8626419592629413
4 9 8 3 -83.9989 0.7535492018748609
4 9 1 9 -74.08 1.8543377546204012
4 9 8 8 -79.9607 2.02253412315468
4 9 2 0 -85.81 1.8626419592629413
4 9 0 3 -82.75 1.045630193236076
4 9 5 0 -85.74 0.4142809311761813
4 9 8 0 -86.96 0.31961585322723524
4 9 8 6 -80.9303 0.6606851953374354
4 9 8 1 -86.0321 1.1200432714506303
4 9 7 8 -77.2843 2.574836982024013
4 9 2 3 -81.5507 0.7535492018748609
5 0 6 2 -73.5092 1.4346625681183898
5 0 6 0 -64.62 1.1200432714506303
5 0 9 5 -83.51 1.045630193236076
5 0 6 3 -76.6409 2.574836982024013
5 0 9 2 -80.35 1.5204824599919968
5 0 2 5 -82.0826 1.8543377546204012
5 0 5 8 -85.5426 1.8306104706098087
5 0 6 7 -84.4621 1.8306104706098087
5 0 7 3 -78.4815 1.8626419592629413
5 0 8 3 -80.2788 0.7535492018748609
5 0 1 9 -87.14 1.8543377546204012
5 0 8 8 -86.4291 2.02253412315468
5 0 2 0 -74.01 1.8626419592629413
5 0 0 3 -81.92 1.045630193236076
5 0 5 0 -64.62 0.4142809311761813
5 0 8 0 -78.42 0.31961585322723524
5 0 8 6 -84.2498 0.6606851953374354
5 0 8 1 -77.9904 1.1200432714506303
5 0 7 8 -86.0133 2.574836982024013
5 0 2 3 -78.4502 0.7535492018748609
5 1 6 2 -69.6328 1.4346625681183898
5 1 6 0 -70.72 1.1200432714506303
5 1 9 5 -82.18 1.045630193236076
5 1 6 3 -73.8418 2.574836982024013
5 1 9 2 -80.1 1.5204824599919968
5 1 2 5 -80.57 1.8543377546204012
5 1 5 8 -84.3831 1.8306104706098087
5 1 6 7 -83.178 1.8306104706098087
5 1 7 3 -76.6138 1.8626419592629413
5 1 8 3 -79.0935 0.7535492018748609
5 1 1 9 -86.4 1.8543377546204012
5 1 8 8 -85.4958 2.02253412315468
5 1 2 0 -74.05 1.8626419592629413
5 1 0 3 -80.33 1.045630193236076
5 1 5 0 -64.85 0.4142809311761813
5 1 8 0 -78.45 0.31961585322723524
5 1 8 6 -83.1289 0.6606851953374354
5 1 8 1 -77.613 1.1200432714506303
5 1 7 8 -84.9825 2.574836982024013
5 1 2 3 -76.6629 0.7535492018748609
5 2 6 2 -66.8726 1.4346625681183898
5 2 6 0 -71.4 1.1200432714506303
5 2 9 5 -82.02 1.045630193236076
5 2 6 3 -70.0619 2.574836982024013
5 2 9 2 -79.99 1.5204824599919968
5 2 2 5 -78.8449 1.8543377546204012
5 2 5 8 -83.0428 1.8306104706098087
5 2 6 7 -81.6868 1.8306104706098087
5 2 7 3 -74.9258 1.8626419592629413
5 2 8 3 -78.1359 0.7535492018748609
5 2 1 9 -85.3 1.8543377546204012
5 2 8 8 -84.4831 2.02253412315468
5 2 2 0 -74.53 1.8626419592629413
5 2 0 3 -80.09 1.045630193236076
5 2 5 0 -66.5 0.4142809311761813
5 2 8 0 -78.68 0.31961585322723524
5 2 8 6 -81.9417 0.6606851953374354
5 2 8 1 -77.8493 1.1200432714506303
5 2 7 8 -83.8302 2.574836982024013
5 2 2 3 -74.9424 0.7535492018748609
5 3 6 2 -67.945 1.4346625681183898
5 3 6 0 -75.35 1.1200432714506303
5 3 9 5 -80.28 1.045630193236076
5 3 6 3 -67.022 2.574836982024013
5 3 9 2 -80.04 1.5204824599919968
5 3 2 5 -77.0745 1.8543377546204012
5 3 5 8 -81.4654 1.8306104706098087
5 3 6 7 -79.9178 1.8306104706098087
5 3 7 3 -73.9377 1.8626419592629413
5 3 8 3 -77.6324 0.7535492018748609
5 3 1 9 -84.18 1.8543377546204012
5 3 8 8 -83.3927 2.02253412315468
5 3 2 0 -77.38 1.8626419592629413
5 3 0 3 -79.99 1.045630193236076
5 3 5 0 -72.71 0.4142809311761813
5 3 8 0 -79.08 0.31961585322723524
5 3 8 6 -80.6999 0.6606851953374354
5 3 8 1 -78.6179 1.1200432714506303
5 3 7 8 -82.5423 2.574836982024013
5 3 2 3 -73.9527 0.7535492018748609
5 4 6 2 -71.8177 1.4346625681183898
5 4 6 0 -78.25 1.1200432714506303
5 4 9 5 -80.05 1.045630193236076
5 4 6 3 -67.6613 2.574836982024013
5 4 9 2 -80.23 1.5204824599919968
5 4 2 5 -75.2813 1.8543377546204012
5 4 5 8 -79.5376 1.8306104706098087
5 4 6 7 -77.7522 1.8306104706098087
5 4 7 3 -74.1376 1.8626419592629413
5 4 8 3 -77.7323 0.7535492018748609
5 4 1 9 -83.76 1.8543377546204012
5 4 8 8 -82.2183 2.02253412315468
5 4 2 0 -79.59 1.8626419592629413
5 4 0 3 -80.04 1.045630193236076
5 4 5 0 -76.3 0.4142809311761813
5 4 8 0 -80.91 0.31961585322723524
5 4 8 6 -79.4666 0.6606851953374354
5 4 8 1 -79.7245 1.1200432714506303
5 4 7 8 -81.0852 2.574836982024013
5 4 2 3 -74.1478 0.7535492018748609
5 5 6 2 -75.1127 1.4346625681183898
5 5 6 0 -80.39 1.1200432714506303
5 5 9 5 -79.99 1.045630193236076
5 5 6 3 -71.3573 2.574836982024013
5 5 9 2 -80.55 1.5204824599919968
5 5 2 5 -74.0731 1.8543377546204012
5 5 5 8 -77.0428 1.8306104706098087
5 5 6 7 -75.1086 1.8306104706098087
5 5 7 3 -75.4201 1.8626419592629413
5 5 8 3 -78.4025 0.7535492018748609
5 5 1 9 -82.45 1.8543377546204012
5 5 8 8 -80.9802 2.02253412315468
5 5 2 0 -80.18 1.8626419592629413
5 5 0 3 -80.24 1.045630193236076
5 5 5 0 -78.84 0.4142809311761813
5 5 8 0 -81.44 0.31961585322723524
5 5 8 6 -78.4103 0.6606851953374354
5 5 8 1 -80.97 1.1200432714506303
5 5 7 8 -79.4568 2.574836982024013
5 5 2 3 -75.4371 0.7535492018748609
5 6 6 2 -77.7398 1.4346625681183898
5 6 6 0 -82.1 1.1200432714506303
5 6 9 5 -79.99 1.045630193236076
5 6 6 3 -74.7872 2.574836982024013
5 6 9 2 -82.16 1.5204824599919968
5 6 2 5 -73.9965 1.8543377546204012
5 6 5 8 -73.6775 1.8306104706098087
5 6 6 7 -71.8415 1.8306104706098087
5 6 7 3 -77.2408 1.8626419592629413
5 6 8 3 -79.4492 0.7535492018748609
5 6 1 9 -80.91 1.8543377546204012
5 6 8 8 -79.7325 2.02253412315468
5 6 2 0 -82.05 1.8626419592629413
5 6 0 3 -80.57 1.045630193236076
5 6 5 0 -80.79 0.4142809311761813
5 6 8 0 -83.03 0.31961585322723524
5 6 8 6 -77.7306 0.6606851953374354
5 6 8 1 -82.231 1.1200432714506303
5 6 7 8 -77.6593 2.574836982024013
5 6 2 3 -77.2315 0.7535492018748609
5 7 6 2 -79.9142 1.4346625681183898
5 7 6 0 -83.51 1.1200432714506303
5 7 9 5 -80.08 1.045630193236076
5 7 6 3 -77.4809 2.574836982024013
5 7 9 2 -82.5 1.5204824599919968
5 7 2 5 -75.0818 1.8543377546204012
5 7 5 8 -67.8259 1.8306104706098087
5 7 6 7 -68.0924 1.8306104706098087
5 7 7 3 -79.0497 1.8626419592629413
5 7 8 3 -80.6849 0.7535492018748609
5 7 1 9 -79.17 1.8543377546204012
5 7 8 8 -78.6263 2.02253412315468
5 7 2 0 -83.48 1.8626419592629413
5 7 0 3 -82.12 1.045630193236076
5 7 5 0 -82.39 0.4142809311761813
5 7 8 0 -84.16 0.31961585322723524
5 7 8 6 -77.6303 0.6606851953374354
5 7 8 1 -83.4073 1.1200432714506303
5 7 7 8 -75.8215 2.574836982024013
5 7 2 3 -79.0653 0.7535492018748609
5 8 6 2 -81.6854 1.4346625681183898
5 8 6 0 -84.73 1.1200432714506303
5 8 9 5 -80.31 1.045630193236076
5 8 6 3 -79.6979 2.574836982024013
5 8 9 2 -83.82 1.5204824599919968
5 8 2 5 -76.808 1.8543377546204012
5 8 5 8 -62.3142 1.8306104706098087
5 8 6 7 -66.8802 1.8306104706098087
5 8 7 3 -80.7272 1.8626419592629413
5 8 8 3 -81.9323 0.7535492018748609
5 8 1 9 -78.68 1.8543377546204012
5 8 8 8 -77.8539 2.02253412315468
5 8 2 0 -84.53 1.8626419592629413
5 8 0 3 -83.62 1.045630193236076
5 8 5 0 -83.73 0.4142809311761813
5 8 8 0 -85.28 0.31961585322723524
5 8 8 6 -78.1329 0.6606851953374354
5 8 8 1 -84.488 1.1200432714506303
5 8 7 8 -74.3596 2.574836982024013
5 8 2 3 -80.7291 0.7535492018748609
5 9 6 2 -83.1739 1.4346625681183898
5 9 6 0 -85.79 1.1200432714506303
5 9 9 5 -82.19 1.045630193236076
5 9 6 3 -81.5026 2.574836982024013
5 9 9 2 -85.0 1.5204824599919968
5 9 2 5 -78.6611 1.8543377546204012
5 9 5 8 -59.982600000000005 1.8306104706098087
5 9 6 7 -69.5265 1.8306104706098087
5 9 7 3 -82.2313 1.8626419592629413
5 9 8 3 -83.1281 0.7535492018748609
5 9 1 9 -78.45 1.8543377546204012
5 9 8 8 -77.5955 2.02253412315468
5 9 2 0 -85.63 1.8626419592629413
5 9 0 3 -83.84 1.045630193236076
5 9 5 0 -84.9 0.4142809311761813
5 9 8 0 -86.31 0.31961585322723524
5 9 8 6 -79.0736 0.6606851953374354
5 9 8 1 -85.4983 1.1200432714506303
5 9 7 8 -73.8881 2.574836982024013
5 9 2 3 -82.2273 0.7535492018748609
6 0 6 2 -70.3273 1.4346625681183898
6 0 6 0 -64.64 1.1200432714506303
6 0 9 5 -82.72 1.045630193236076
6 0 6 3 -75.442 2.574836982024013
6 0 9 2 -78.86 1.5204824599919968
6 0 2 5 -82.9218 1.8543377546204012
6 0 5 8 -85.5418 1.8306104706098087
6 0 6 7 -84.2649 1.8306104706098087
6 0 7 3 -76.7926 1.8626419592629413
6 0 8 3 -78.6723 0.7535492018748609
6 0 1 9 -84.07 1.8543377546204012
6 0 8 8 -86.0438 2.02253412315468
6 0 2 0 -76.49 1.8626419592629413
6 0 0 3 -82.92 1.045630193236076
6 0 5 0 -64.63 0.4142809311761813
6 0 8 0 -74.02 0.31961585322723524
6 0 8 6 -83.6273 0.6606851953374354
6 0 8 1 -75.0126 1.1200432714506303
6 0 7 8 -85.73 2.574836982024013
6 0 2 3 -80.1099 0.7535492018748609
6 1 6 2 -64.0047 1.4346625681183898
6 1 6 0 -64.77 1.1200432714506303
6 1 9 5 -81.03 1.045630193236076
6 1 6 3 -71.0494 2.574836982024013
6 1 9 2 -76.7 1.5204824599919968
6 1 2 5 -81.6726 1.8543377546204012
6 1 5 8 -84.3767 1.8306104706098087
6 1 6 7 -82.9108 1.8306104706098087
6 1 7 3 -74.1552 1.8626419592629413
6 1 8 3 -76.8926 0.7535492018748609
6 1 1 9 -86.09 1.8543377546204012
6 1 8 8 -85.0287 2.02253412315468
6 1 2 0 -76.52 1.8626419592629413
6 1 0 3 -81.59 1.045630193236076
6 1 5 0 -64.74 0.4142809311761813
6 1 8 0 -74.06 0.31961585322723524
6 1 8 6 -82.3115 0.6606851953374354
6 1 8 1 -74.3166 1.1200432714506303
6 1 7 8 -84.6255 2.574836982024013
6 1 2 3 -78.8704 0.7535492018748609
6 2 6 2 -60.4162 1.4346625681183898
6 2 6 0 -66.79 1.1200432714506303
6 2 9 5 -81.03 1.045630193236076
6 2 6 3 -64.7491 2.574836982024013
6 2 9 2 -76.48 1.5204824599919968
6 2 2 5 -80.4046 1.8543377546204012
6 2 5 8 -83.0322 1.8306104706098087
6 2 6 7 -81.2997 1.8306104706098087
6 2 7 3 -70.7993 1.8626419592629413
6 2 8 3 -75.2846 0.7535492018748609
6 2 1 9 -85.83 1.8543377546204012
6 2 8 8 -83.8959 2.02253412315468
6 2 2 0 -78.67 1.8626419592629413
6 2 0 3 -81.4 1.045630193236076
6 2 5 0 -66.76 0.4142809311761813
6 2 8 0 -74.78 0.31961585322723524
6 2 8 6 -80.8687 0.6606851953374354
6 2 8 1 -74.749 1.1200432714506303
6 2 7 8 -83.3651 2.574836982024013
6 2 2 3 -77.8666 0.7535492018748609
6 3 6 2 -62.094899999999996 1.4346625681183898
6 3 6 0 -72.83 1.1200432714506303
6 3 9 5 -78.81 1.045630193236076
6 3 6 3 -60.421499999999995 2.574836982024013
6 3 9 2 -76.56 1.5204824599919968
6 3 2 5 -79.1362 1.8543377546204012
6 3 5 8 -81.4512 1.8306104706098087
6 3 6 7 -79.3374 1.8306104706098087
6 3 7 3 -68.0107 1.8626419592629413
6 3 8 3 -74.3592 0.7535492018748609
6 3 1 9 -85.62 1.8543377546204012
6 3 8 8 -82.6201 2.02253412315468
6 3 2 0 -79.07 1.8626419592629413
6 3 0 3 -81.33 1.045630193236076
6 3 5 0 -72.82 0.4142809311761813
6 3 8 0 -77.4 0.31961585322723524
6 3 8 6 -79.2326 0.6606851953374354
6 3 8 1 -76.1132 1.1200432714506303
6 3 7 8 -81.914 2.574836982024013
6 3 2 3 -77.3276 0.7535492018748609
6 4 6 2 -67.3807 1.4346625681183898
6 4 6 0 -76.37 1.1200432714506303
6 4 9 5 -78.78 1.045630193236076
6 4 6 3 -61.624300000000005 2.574836982024013
6 4 9 2 -76.92 1.5204824599919968
6 4 2 5 -78.059 1.8543377546204012
6 4 5 8 -79.5161 1.8306104706098087
6 4 6 7 -76.8028 1.8306104706098087
6 4 7 3 -68.6209 1.8626419592629413
6 4 8 3 -74.5343 0.7535492018748609
6 4 1 9 -83.76 1.8543377546204012
6 4 8 8 -81.2026 2.02253412315468
6 4 2 0 -80.9 1.8626419592629413
6 4 0 3 -81.37 1.045630193236076
6 4 5 0 -76.36 0.4142809311761813
6 4 8 0 -79.71 0.31961585322723524
6 4 8 6 -77.4749 0.6606851953374354
6 4 8 1 -77.8626 1.1200432714506303
6 4 7 8 -80.2118 2.574836982024013
6 4 2 3 -77.4394 0.7535492018748609
6 5 6 2 -73.3174 1.4346625681183898
6 5 6 0 -78.88 1.1200432714506303
6 5 9 5 -76.47 1.045630193236076
6 5 6 3 -66.6812 2.574836982024013
6 5 9 2 -79.15 1.5204824599919968
6 5 2 5 -77.3865 1.8543377546204012
6 5 5 8 -77.0053 1.8306104706098087
6 5 6 7 -73.312 1.8306104706098087
6 5 7 3 -71.8783 1.8626419592629413
6 5 8 3 -75.7401 0.7535492018748609
6 5 1 9 -83.39 1.8543377546204012
6 5 8 8 -79.6049 2.02253412315468
6 5 2 0 -81.38 1.8626419592629413
6 5 0 3 -81.53 1.045630193236076
6 5 5 0 -78.87 0.4142809311761813
6 5 8 0 -80.19 0.31961585322723524
6 5 8 6 -75.77 0.6606851953374354
6 5 8 1 -79.5948 1.1200432714506303
6 5 7 8 -78.1456 2.574836982024013
6 5 2 3 -78.1537 0.7535492018748609
6 6 6 2 -76.8112 1.4346625681183898
6 6 6 0 -80.82 1.1200432714506303
6 6 9 5 -76.47 1.045630193236076
6 6 6 3 -72.815 2.574836982024013
6 6 9 2 -81.16 1.5204824599919968
6 6 2 5 -77.3499 1.8543377546204012
6 6 5 8 -73.6057 1.8306104706098087
6 6 6 7 -67.4228 1.8306104706098087
6 6 7 3 -75.0658 1.8626419592629413
6 6 8 3 -77.4564 0.7535492018748609
6 6 1 9 -82.05 1.8543377546204012
6 6 8 8 -77.8781 2.02253412315468
6 6 2 0 -82.81 1.8626419592629413
6 6 0 3 -82.85 1.045630193236076
6 6 5 0 -80.82 0.4142809311761813
6 6 8 0 -81.96 0.31961585322723524
6 6 8 6 -74.5438 0.6606851953374354
6 6 8 1 -81.1913 1.1200432714506303
6 6 7 8 -75.6391 2.574836982024013
6 6 2 3 -79.2572 0.7535492018748609
6 7 6 2 -79.3437 1.4346625681183898
6 7 6 0 -82.41 1.1200432714506303
6 7 9 5 -78.81 1.045630193236076
6 7 6 3 -76.4823 2.574836982024013
6 7 9 2 -81.45 1.5204824599919968
6 7 2 5 -77.9595 1.8543377546204012
6 7 5 8 -67.4819 1.8306104706098087
6 7 6 7 -62.0343 1.8306104706098087
6 7 7 3 -77.6176 1.8626419592629413
6 7 8 3 -79.2198 0.7535492018748609
6 7 1 9 -81.72 1.8543377546204012
6 7 8 8 -76.122 2.02253412315468
6 7 2 0 -84.15 1.8626419592629413
6 7 0 3 -83.13 1.045630193236076
6 7 5 0 -82.4 0.4142809311761813
6 7 8 0 -83.41 0.31961585322723524
6 7 8 6 -74.3562 0.6606851953374354
6 7 8 1 -82.6119 1.1200432714506303
6 7 7 8 -72.697 2.574836982024013
6 7 2 3 -80.5368 0.7535492018748609
6 8 6 2 -81.305 1.4346625681183898
6 8 6 0 -83.75 1.1200432714506303
6 8 9 5 -78.99 1.045630193236076
6 8 6 3 -79.0939 2.574836982024013
6 8 9 2 -82.94 1.5204824599919968
6 8 2 5 -78.9931 1.8543377546204012
6 8 5 8 -62.158199999999994 1.8306104706098087
6 8 6 7 -60.24079999999999 1.8306104706098087
6 8 7 3 -79.7824 1.8626419592629413
6 8 8 3 -80.8471 0.7535492018748609
6 8 1 9 -80.19 1.8543377546204012
6 8 8 8 -74.7522 2.02253412315468
6 8 2 0 -85.35 1.8626419592629413
6 8 0 3 -83.42 1.045630193236076
6 8 5 0 -83.75 0.4142809311761813
6 8 8 0 -84.64 0.31961585322723524
6 8 8 6 -75.2778 0.6606851953374354
6 8 8 1 -83.8878 1.1200432714506303
6 8 7 8 -69.2048 2.574836982024013
6 8 2 3 -81.8113 0.7535492018748609
6 9 6 2 -82.9112 1.4346625681183898
6 9 6 0 -84.91 1.1200432714506303
6 9 9 5 -79.3 1.045630193236076
6 9 6 3 -81.1083 2.574836982024013
6 9 9 2 -84.22 1.5204824599919968
6 9 2 5 -80.2387 1.8543377546204012
6 9 5 8 -59.550799999999995 1.8306104706098087
6 9 6 7 -64.0009 1.8306104706098087
6 9 7 3 -81.5626 1.8626419592629413
6 9 8 3 -82.3104 0.7535492018748609
6 9 1 9 -80.02 1.8543377546204012
6 9 8 8 -74.307 2.02253412315468
6 9 2 0 -86.38 1.8626419592629413
6 9 0 3 -84.65 1.045630193236076
6 9 5 0 -84.91 0.4142809311761813
6 9 8 0 -85.72 0.31961585322723524
6 9 8 6 -76.884 0.6606851953374354
6 9 8 1 -85.0262 1.1200432714506303
6 9 7 8 -67.7854 2.574836982024013
6 9 2 3 -83.0392 0.7535492018748609
7 0 6 2 -69.681 1.4346625681183898
7 0 6 0 -64.61 1.1200432714506303
7 0 9 5 -81.7 1.045630193236076
7 0 6 3 -75.2353 2.574836982024013
7 0 9 2 -75.04 1.5204824599919968
7 0 2 5 -83.8004 1.8543377546204012
7 0 5 8 -85.6653 1.8306104706098087
7 0 6 7 -84.2303 1.8306104706098087
7 0 7 3 -75.542 1.8626419592629413
7 0 8 3 -76.9866 0.7535492018748609
7 0 1 9 -87.44 1.8543377546204012
7 0 8 8 -85.7573 2.02253412315468
7 0 2 0 -80.0 1.8626419592629413
7 0 0 3 -83.86 1.045630193236076
7 0 5 0 -64.61 0.4142809311761813
7 0 8 0 -70.53 0.31961585322723524
7 0 8 6 -83.1089 0.6606851953374354
7 0 8 1 -70.7487 1.1200432714506303
7 0 7 8 -85.5691 2.574836982024013
7 0 2 3 -81.6145 0.7535492018748609
7 1 6 2 -63.30629999999999 1.4346625681183898
7 1 6 0 -64.75 1.1200432714506303
7 1 9 5 -79.84 1.045630193236076
7 1 6 3 -70.401 2.574836982024013
7 1 9 2 -74.33 1.5204824599919968
7 1 2 5 -82.8162 1.8543377546204012
7 1 5 8 -84.5376 1.8306104706098087
7 1 6 7 -82.8662 1.8306104706098087
7 1 7 3 -71.2514 1.8626419592629413
7 1 8 3 -74.4334 0.7535492018748609
7 1 1 9 -87.41 1.8543377546204012
7 1 8 8 -84.6566 2.02253412315468
7 1 2 0 -80.02 1.8626419592629413
7 1 0 3 -83.68 1.045630193236076
7 1 5 0 -64.75 0.4142809311761813
7 1 8 0 -70.61 0.31961585322723524
7 1 8 6 -81.6245 0.6606851953374354
7 1 8 1 -68.8429 1.1200432714506303
7 1 7 8 -84.4126 2.574836982024013
7 1 2 3 -80.7463 0.7535492018748609
7 2 6 2 -59.1392 1.4346625681183898
7 2 6 0 -66.88 1.1200432714506303
7 2 9 5 -79.79 1.045630193236076
7 2 6 3 -63.92829999999999 2.574836982024013
7 2 9 2 -73.99 1.5204824599919968
7 2 2 5 -81.8348 1.8543377546204012
7 2 5 8 -83.252 1.8306104706098087
7 2 6 7 -81.243 1.8306104706098087
7 2 7 3 -65.0751 1.8626419592629413
7 2 8 3 -71.4027 0.7535492018748609
7 2 1 9 -86.56 1.8543377546204012
7 2 8 8 -83.4115 2.02253412315468
7 2 2 0 -80.19 1.8626419592629413
7 2 0 3 -83.56 1.045630193236076
7 2 5 0 -71.39 0.4142809311761813
7 2 8 0 -71.41 0.31961585322723524
7 2 8 6 -79.8745 0.6606851953374354
7 2 8 1 -70.0152 1.1200432714506303
7 2 7 8 -83.0809 2.574836982024013
7 2 2 3 -80.0861 0.7535492018748609
7 3 6 2 -61.213899999999995 1.4346625681183898
7 3 6 0 -72.88 1.1200432714506303
7 3 9 5 -77.4 1.045630193236076
7 3 6 3 -59.758399999999995 2.574836982024013
7 3 9 2 -74.11 1.5204824599919968
7 3 2 5 -80.9261 1.8543377546204012
7 3 5 8 -81.7578 1.8306104706098087
7 3 6 7 -79.2476 1.8306104706098087
7 3 7 3 -61.095200000000006 1.8626419592629413
7 3 8 3 -68.9286 0.7535492018748609
7 3 1 9 -85.7 1.8543377546204012
7 3 8 8 -81.9785 2.02253412315468
7 3 2 0 -80.49 1.8626419592629413
7 3 0 3 -82.49 1.045630193236076
7 3 5 0 -72.58 0.4142809311761813
7 3 8 0 -75.32 0.31961585322723524
7 3 8 6 -77.7862 0.6606851953374354
7 3 8 1 -73.1035 1.1200432714506303
7 3 7 8 -81.5128 2.574836982024013
7 3 2 3 -79.7499 0.7535492018748609
7 4 6 2 -66.6143 1.4346625681183898
7 4 6 0 -76.39 1.1200432714506303
7 4 9 5 -74.21 1.045630193236076
7 4 6 3 -60.889300000000006 2.574836982024013
7 4 9 2 -74.64 1.5204824599919968
7 4 2 5 -80.2071 1.8543377546204012
7 4 5 8 -79.9729 1.8306104706098087
7 4 6 7 -76.6476 1.8306104706098087
7 4 7 3 -61.9216 1.8626419592629413
7 4 8 3 -69.4961 0.7535492018748609
7 4 1 9 -85.35 1.8543377546204012
7 4 8 8 -80.298 2.02253412315468
7 4 2 0 -82.04 1.8626419592629413
7 4 0 3 -83.54 1.045630193236076
7 4 5 0 -78.22 0.4142809311761813
7 4 8 0 -78.18 0.31961585322723524
7 4 8 6 -75.2618 0.6606851953374354
7 4 8 1 -75.8358 1.1200432714506303
7 4 7 8 -79.6187 2.574836982024013
7 4 2 3 -79.8156 0.7535492018748609
7 5 6 2 -73.0116 1.4346625681183898
7 5 6 0 -78.89 1.1200432714506303
7 5 9 5 -73.97 1.045630193236076
7 5 6 3 -65.8879 2.574836982024013
7 5 9 2 -77.54 1.5204824599919968
7 5 2 5 -79.7904 1.8543377546204012
7 5 5 8 -77.7554 1.8306104706098087
7 5 6 7 -73.0091 1.8306104706098087
7 5 7 3 -67.0432 1.8626419592629413
7 5 8 3 -72.3651 0.7535492018748609
7 5 1 9 -84.25 1.8543377546204012
7 5 8 8 -78.29 2.02253412315468
7 5 2 0 -82.43 1.8626419592629413
7 5 0 3 -83.64 1.045630193236076
7 5 5 0 -80.37 0.4142809311761813
7 5 8 0 -80.35 0.31961585322723524
7 5 8 6 -72.3771 0.6606851953374354
7 5 8 1 -78.2815 1.1200432714506303
7 5 7 8 -77.18 2.574836982024013
7 5 2 3 -80.2678 0.7535492018748609
7 6 6 2 -76.6561 1.4346625681183898
7 6 6 0 -80.83 1.1200432714506303
7 6 9 5 -73.97 1.045630193236076
7 6 6 3 -72.4343 2.574836982024013
7 6 9 2 -79.94 1.5204824599919968
7 6 2 5 -79.7658 1.8543377546204012
7 6 5 8 -75.0034 1.8306104706098087
7 6 6 7 -66.6068 1.8306104706098087
7 6 7 3 -73.0163 1.8626419592629413
7 6 8 3 -75.2535 0.7535492018748609
7 6 1 9 -83.09 1.8543377546204012
7 6 8 8 -75.8479 2.02253412315468
7 6 2 0 -83.68 1.8626419592629413
7 6 0 3 -83.81 1.045630193236076
7 6 5 0 -82.08 0.4142809311761813
7 6 8 0 -82.07 0.31961585322723524
7 6 8 6 -69.4945 0.6606851953374354
7 6 8 1 -80.2964 1.1200432714506303
7 6 7 8 -73.9721 2.574836982024013
7 6 2 3 -81.0141 0.7535492018748609
7 7 6 2 -79.2547 1.4346625681183898
7 7 6 0 -82.41 1.1200432714506303
7 7 9 5 -74.22 1.045630193236076
7 7 6 3 -76.331 2.574836982024013
7 7 9 2 -81.78 1.5204824599919968
7 7 2 5 -80.1357 1.8543377546204012
7 7 5 8 -71.3381 1.8306104706098087
7 7 6 7 -61.174899999999994 1.8306104706098087
7 7 7 3 -76.5579 1.8626419592629413
7 7 8 3 -77.7666 0.7535492018748609
7 7 1 9 -82.8 1.8543377546204012
7 7 8 8 -73.1303 2.02253412315468
7 7 2 0 -84.92 1.8626419592629413
7 7 0 3 -84.04 1.045630193236076
7 7 5 0 -83.5 0.4142809311761813
7 7 8 0 -83.49 0.31961585322723524
7 7 8 6 -68.9208 0.6606851953374354
7 7 8 1 -81.9826 1.1200432714506303
7 7 7 8 -68.4712 2.574836982024013
7 7 2 3 -81.9315 0.7535492018748609
7 8 6 2 -81.249 1.4346625681183898
7 8 6 0 -83.75 1.1200432714506303
7 8 9 5 -77.63 1.045630193236076
7 8 6 3 -79.0091 2.574836982024013
7 8 9 2 -81.78 1.5204824599919968
7 8 2 5 -80.864 1.8543377546204012
7 8 5 8 -66.796 1.8306104706098087
7 8 6 7 -59.4333 1.8306104706098087
7 8 7 3 -79.1459 1.8626419592629413
7 8 8 3 -79.8804 0.7535492018748609
7 8 1 9 -82.61 1.8543377546204012
7 8 8 8 -70.0902 2.02253412315468
7 8 2 0 -86.07 1.8626419592629413
7 8 0 3 -85.11 1.045630193236076
7 8 5 0 -84.72 0.4142809311761813
7 8 8 0 -84.71 0.31961585322723524
7 8 8 6 -71.357 0.6606851953374354
7 8 8 1 -83.4171 1.1200432714506303
7 8 7 8 -62.80159999999999 2.574836982024013
7 8 2 3 -82.9587 0.7535492018748609
7 9 6 2 -82.8744 1.4346625681183898
7 9 6 0 -84.91 1.1200432714506303
7 9 9 5 -77.68 1.045630193236076
7 9 6 3 -81.0481 2.574836982024013
7 9 9 2 -83.27 1.5204824599919968
7 9 2 5 -81.7192 1.8543377546204012
7 9 5 8 -64.8664 1.8306104706098087
7 9 6 7 -63.426100000000005 1.8306104706098087
7 9 7 3 -81.138 1.8626419592629413
7 9 8 3 -81.6284 0.7535492018748609
7 9 1 9 -81.35 1.8543377546204012
7 9 8 8 -68.7383 2.02253412315468
7 9 2 0 -86.28 1.8626419592629413
7 9 0 3 -85.39 1.045630193236076
7 9 5 0 -85.78 0.4142809311761813
7 9 8 0 -85.77 0.31961585322723524
7 9 8 6 -74.3815 0.6606851953374354
7 9 8 1 -84.667 1.1200432714506303
7 9 7 8 -60.87649999999999 2.574836982024013
7 9 2 3 -83.901 0.7535492018748609
8 0 6 2 -72.3588 1.4346625681183898
8 0 6 0 -64.6 1.1200432714506303
8 0 9 5 -82.13 1.045630193236076
8 0 6 3 -76.1576 2.574836982024013
8 0 9 2 -75.36 1.5204824599919968
8 0 2 5 -84.5351 1.8543377546204012
8 0 5 8 -85.9057 1.8306104706098087
8 0 6 7 -84.3781 1.8306104706098087
8 0 7 3 -75.1929 1.8626419592629413
8 0 8 3 -75.656 0.7535492018748609
8 0 1 9 -88.73 1.8543377546204012
8 0 8 8 -85.5751 2.02253412315468
8 0 2 0 -81.33 1.8626419592629413
8 0 0 3 -85.53 1.045630193236076
8 0 5 0 -74.0 0.4142809311761813
8 0 8 0 -64.6 0.31961585322723524
8 0 8 6 -82.7821 0.6606851953374354
8 0 8 1 -64.4672 1.1200432714506303
8 0 7 8 -85.5236 2.574836982024013
8 0 2 3 -82.9659 0.7535492018748609
8 1 6 2 -67.7643 1.4346625681183898
8 1 6 0 -64.76 1.1200432714506303
8 1 9 5 -80.45 1.045630193236076
8 1 6 3 -72.8116 2.574836982024013
8 1 9 2 -71.08 1.5204824599919968
8 1 2 5 -83.8982 1.8543377546204012
8 1 5 8 -84.8466 1.8306104706098087
8 1 6 7 -83.065 1.8306104706098087
8 1 7 3 -70.2989 1.8626419592629413
8 1 8 3 -71.5812 0.7535492018748609
8 1 1 9 -87.94 1.8543377546204012
8 1 8 8 -84.4271 2.02253412315468
8 1 2 0 -81.35 1.8626419592629413
8 1 0 3 -84.56 1.045630193236076
8 1 5 0 -74.05 0.4142809311761813
8 1 8 0 -64.76 0.31961585322723524
8 1 8 6 -81.164 0.6606851953374354
8 1 8 1 -62.340199999999996 1.1200432714506303
8 1 7 8 -84.3643 2.574836982024013
8 1 2 3 -82.3373 0.7535492018748609
8 2 6 2 -64.0441 1.4346625681183898
8 2 6 0 -71.39 1.1200432714506303
8 2 9 5 -78.38 1.045630193236076
8 2 6 3 -68.2772 2.574836982024013
8 2 9 2 -64.57 1.5204824599919968
8 2 2 5 -83.1325 1.8543377546204012
8 2 5 8 -83.6665 1.8306104706098087
8 2 6 7 -81.5239 1.8306104706098087
8 2 7 3 -63.827 1.8626419592629413
8 2 8 3 -65.5223 0.7535492018748609
8 2 1 9 -87.14 1.8543377546204012
8 2 8 8 -83.1023 2.02253412315468
8 2 2 0 -81.48 1.8626419592629413
8 2 0 3 -84.46 1.045630193236076
8 2 5 0 -74.86 0.4142809311761813
8 2 8 0 -66.3 0.31961585322723524
8 2 8 6 -79.1811 0.6606851953374354
8 2 8 1 -63.7504 1.1200432714506303
8 2 7 8 -83.0131 2.574836982024013
8 2 2 3 -81.8702 0.7535492018748609
8 3 6 2 -65.4126 1.4346625681183898
8 3 6 0 -75.71 1.1200432714506303
8 3 9 5 -75.36 1.045630193236076
8 3 6 3 -64.3508 2.574836982024013
8 3 9 2 -64.93 1.5204824599919968
8 3 2 5 -82.4697 1.8543377546204012
8 3 5 8 -82.3213 1.8306104706098087
8 3 6 7 -79.6831 1.8306104706098087
8 3 7 3 -60.3652 1.8626419592629413
8 3 8 3 -62.34739999999999 0.7535492018748609
8 3 1 9 -86.31 1.8543377546204012
8 3 8 8 -81.5465 2.02253412315468
8 3 2 0 -82.8 1.8626419592629413
8 3 0 3 -84.42 1.045630193236076
8 3 5 0 -75.31 0.4142809311761813
8 3 8 0 -72.8 0.31961585322723524
8 3 8 6 -76.6432 0.6606851953374354
8 3 8 1 -68.8164 1.1200432714506303
8 3 7 8 -81.4163 2.574836982024013
8 3 2 3 -81.6493 0.7535492018748609
8 4 6 2 -70.1626 1.4346625681183898
8 4 6 0 -76.17 1.1200432714506303
8 4 9 5 -70.88 1.045630193236076
8 4 6 3 -65.0158 2.574836982024013
8 4 9 2 -71.56 1.5204824599919968
8 4 2 5 -81.9553 1.8543377546204012
8 4 5 8 -80.7793 1.8306104706098087
8 4 6 7 -77.3861 1.8306104706098087
8 4 7 3 -61.328 1.8626419592629413
8 4 8 3 -62.9855 0.7535492018748609
8 4 1 9 -86.01 1.8543377546204012
8 4 8 8 -79.651 2.02253412315468
8 4 2 0 -83.07 1.8626419592629413
8 4 0 3 -84.45 1.045630193236076
8 4 5 0 -77.99 0.4142809311761813
8 4 8 0 -76.35 0.31961585322723524
8 4 8 6 -73.1803 0.6606851953374354
8 4 8 1 -74.0975 1.1200432714506303
8 4 7 8 -79.4674 2.574836982024013
8 4 2 3 -81.6912 0.7535492018748609
8 5 6 2 -74.522 1.4346625681183898
8 5 6 0 -78.75 1.1200432714506303
8 5 9 5 -70.83 1.045630193236076
8 5 6 3 -69.5513 2.574836982024013
8 5 9 2 -75.56 1.5204824599919968
8 5 2 5 -81.6751 1.8543377546204012
8 5 5 8 -78.9989 1.8306104706098087
8 5 6 7 -74.5638 1.8306104706098087
8 5 7 3 -65.8477 1.8626419592629413
8 5 8 3 -67.3671 0.7535492018748609
8 5 1 9 -85.04 1.8543377546204012
8 5 8 8 -77.2525 2.02253412315468
8 5 2 0 -84.26 1.8626419592629413
8 5 0 3 -84.53 1.045630193236076
8 5 5 0 -80.18 0.4142809311761813
8 5 8 0 -78.87 0.31961585322723524
8 5 8 6 -67.5477 0.6606851953374354
8 5 8 1 -77.245 1.1200432714506303
8 5 7 8 -76.9405 2.574836982024013
8 5 2 3 -82.0014 0.7535492018748609
8 6 6 2 -77.3817 1.4346625681183898
8 6 6 0 -80.73 1.1200432714506303
8 6 9 5 -70.82 1.045630193236076
8 6 6 3 -74.0804 2.574836982024013
8 6 9 2 -78.38 1.5204824599919968
8 6 2 5 -81.6551 1.8543377546204012
8 6 5 8 -77.0374 1.8306104706098087
8 6 6 7 -70.1286 1.8306104706098087
8 6 7 3 -72.3725 1.8626419592629413
8 6 8 3 -73.1609 0.7535492018748609
8 6 1 9 -84.81 1.8543377546204012
8 6 8 8 -74.0721 2.02253412315468
8 6 2 0 -84.57 1.8626419592629413
8 6 0 3 -84.68 1.045630193236076
8 6 5 0 -81.98 0.4142809311761813
8 6 8 0 -80.81 0.31961585322723524
8 6 8 6 -62.6272 0.6606851953374354
8 6 8 1 -79.6575 1.1200432714506303
8 6 7 8 -73.4258 2.574836982024013
8 6 2 3 -82.5278 0.7535492018748609
8 7 6 2 -79.6788 1.4346625681183898
8 7 6 0 -82.34 1.1200432714506303
8 7 9 5 -71.23 1.045630193236076
8 7 6 3 -77.0922 2.574836982024013
8 7 9 2 -80.48 1.5204824599919968
8 7 2 5 -81.9081 1.8543377546204012
8 7 5 8 -74.8523 1.8306104706098087
8 7 6 7 -65.3996 1.8306104706098087
8 7 7 3 -76.3023 1.8626419592629413
8 7 8 3 -76.6412 0.7535492018748609
8 7 1 9 -83.76 1.8543377546204012
8 7 8 8 -68.9049 2.02253412315468
8 7 2 0 -85.62 1.8626419592629413
8 7 0 3 -85.61 1.045630193236076
8 7 5 0 -83.42 0.4142809311761813
8 7 8 0 -82.4 0.31961585322723524
8 7 8 6 -62.034800000000004 0.6606851953374354
8 7 8 1 -81.543 1.1200432714506303
8 7 7 8 -67.1997 2.574836982024013
8 7 2 3 -83.2098 0.7535492018748609
8 8 6 2 -81.5307 1.4346625681183898
8 8 6 0 -83.7 1.1200432714506303
8 8 9 5 -75.64 1.045630193236076
8 8 6 3 -79.4462 2.574836982024013
8 8 9 2 -82.16 1.5204824599919968
8 8 2 5 -82.3959 1.8543377546204012
8 8 5 8 -73.1562 1.8306104706098087
8 8 6 7 -64.076 1.8306104706098087
8 8 7 3 -78.9838 1.8626419592629413
8 8 8 3 -79.1872 0.7535492018748609
8 8 1 9 -83.6 1.8543377546204012
8 8 8 8 -63.6177 2.02253412315468
8 8 2 0 -86.57 1.8626419592629413
8 8 0 3 -85.84 1.045630193236076
8 8 5 0 -84.65 0.4142809311761813
8 8 8 0 -83.74 0.31961585322723524
8 8 8 6 -65.5212 0.6606851953374354
8 8 8 1 -83.1071 1.1200432714506303
8 8 7 8 -61.8655 2.574836982024013
8 8 2 3 -83.9766 0.7535492018748609
8 9 6 2 -83.0652 1.4346625681183898
8 9 6 0 -84.87 1.1200432714506303
8 9 9 5 -78.38 1.045630193236076
8 9 6 3 -81.3403 2.574836982024013
8 9 9 2 -83.56 1.5204824599919968
8 9 2 5 -83.0519 1.8543377546204012
8 9 5 8 -72.4901 1.8306104706098087
8 9 6 7 -67.31 1.8306104706098087
8 9 7 3 -81.0333 1.8626419592629413
8 9 8 3 -81.165 0.7535492018748609
8 9 1 9 -83.52 1.8543377546204012
8 9 8 8 -62.1785 2.02253412315468
8 9 2 0 -86.87 1.8626419592629413
8 9 0 3 -86.05 1.045630193236076
8 9 5 0 -85.73 0.4142809311761813
8 9 8 0 -84.91 0.31961585322723524
8 9 8 6 -71.5715 0.6606851953374354
8 9 8 1 -84.4333 1.1200432714506303
8 9 7 8 -60.3052 2.574836982024013
8 9 2 3 -84.7784 0.7535492018748609
9 0 6 2 -75.2481 1.4346625681183898
9 0 6 0 -70.52 1.1200432714506303
9 0 9 5 -80.75 1.045630193236076
9 0 6 3 -77.7187 2.574836982024013
9 0 9 2 -72.56 1.5204824599919968
9 0 2 5 -85.5722 1.8543377546204012
9 0 5 8 -86.2526 1.8306104706098087
9 0 6 7 -84.6716 1.8306104706098087
9 0 7 3 -76.0217 1.8626419592629413
9 0 8 3 -75.1711 0.7535492018748609
9 0 1 9 -89.17 1.8543377546204012
9 0 8 8 -85.5244 2.02253412315468
9 0 2 0 -83.51 1.8626419592629413
9 0 0 3 -86.22 1.045630193236076
9 0 5 0 -76.49 0.4142809311761813
9 0 8 0 -64.66 0.31961585322723524
9 0 8 6 -82.682 0.6606851953374354
9 0 8 1 -62.937200000000004 1.1200432714506303
9 0 7 8 -85.626 2.574836982024013
9 0 2 3 -84.1944 0.7535492018748609
9 1 6 2 -72.8665 1.4346625681183898
9 1 6 0 -70.6 1.1200432714506303
9 1 9 5 -78.78 1.045630193236076
9 1 6 3 -75.4836 2.574836982024013
9 1 9 2 -65.78 1.5204824599919968
9 1 2 5 -84.9233 1.8543377546204012
9 1 5 8 -85.2762 1.8306104706098087
9 1 6 7 -83.4691 1.8306104706098087
9 1 7 3 -72.5574 1.8626419592629413
9 1 8 3 -70.2501 0.7535492018748609
9 1 1 9 -88.44 1.8543377546204012
9 1 8 8 -84.3589 2.02253412315468
9 1 2 0 -83.53 1.8626419592629413
9 1 0 3 -86.1 1.045630193236076
9 1 5 0 -76.52 0.4142809311761813
9 1 8 0 -64.75 0.31961585322723524
9 1 8 6 -81.021 0.6606851953374354
9 1 8 1 -64.57 1.1200432714506303
9 1 7 8 -84.4898 2.574836982024013
9 1 2 3 -83.7148 0.7535492018748609
9 2 6 2 -71.9831 1.4346625681183898
9 2 6 0 -74.53 1.1200432714506303
9 2 9 5 -76.22 1.045630193236076
9 2 6 3 -73.4074 2.574836982024013
9 2 9 2 -65.82 1.5204824599919968
9 2 2 5 -84.3077 1.8543377546204012
9 2 5 8 -84.2146 1.8306104706098087
9 2 6 7 -82.0816 1.8306104706098087
9 2 7 3 -67.4345 1.8626419592629413
9 2 8 3 -64.0783 0.7535492018748609
9 2 1 9 -87.69 1.8543377546204012
9 2 8 8 -83.0064 2.02253412315468
9 2 2 0 -83.61 1.8626419592629413
9 2 0 3 -85.28 1.045630193236076
9 2 5 0 -76.84 0.4142809311761813
9 2 8 0 -66.84 0.31961585322723524
9 2 8 6 -78.9648 0.6606851953374354
9 2 8 1 -62.8185 1.1200432714506303
9 2 7 8 -83.1854 2.574836982024013
9 2 2 3 -83.3729 0.7535492018748609
9 3 6 2 -72.4931 1.4346625681183898
9 3 6 0 -75.32 1.1200432714506303
9 3 9 5 -72.55 1.045630193236076
9 3 6 3 -72.0269 2.574836982024013
9 3 9 2 -66.2 1.5204824599919968
9 3 2 5 -83.8078 1.8543377546204012
9 3 5 8 -83.0368 1.8306104706098087
9 3 6 7 -80.4767 1.8306104706098087
9 3 7 3 -63.5038 1.8626419592629413
9 3 8 3 -60.6525 0.7535492018748609
9 3 1 9 -87.5 1.8543377546204012
9 3 8 8 -81.4121 2.02253412315468
9 3 2 0 -83.77 1.8626419592629413
9 3 0 3 -85.25 1.045630193236076
9 3 5 0 -79.07 0.4142809311761813
9 3 8 0 -72.87 0.31961585322723524
9 3 8 6 -76.2677 0.6606851953374354
9 3 8 1 -67.1787 1.1200432714506303
9 3 7 8 -81.6602 2.574836982024013
9 3 2 3 -83.2041 0.7535492018748609
9 4 6 2 -74.2787 1.4346625681183898
9 4 6 0 -78.29 1.1200432714506303
9 4 9 5 -66.11 1.045630193236076
9 4 6 3 -72.3037 2.574836982024013
9 4 9 2 -66.18 1.5204824599919968
9 4 2 5 -83.4262 1.8543377546204012
9 4 5 8 -81.7607 1.8306104706098087
9 4 6 7 -78.6466 1.8306104706098087
9 4 7 3 -64.3096 1.8626419592629413
9 4 8 3 -61.53060000000001 0.7535492018748609
9 4 1 9 -86.66 1.8543377546204012
9 4 8 8 -79.4552 2.02253412315468
9 4 2 0 -83.99 1.8626419592629413
9 4 0 3 -85.27 1.045630193236076
9 4 5 0 -79.49 0.4142809311761813
9 4 8 0 -76.39 0.31961585322723524
9 4 8 6 -72.3322 0.6606851953374354
9 4 8 1 -73.3936 1.1200432714506303
9 4 7 8 -79.842 2.574836982024013
9 4 2 3 -83.2363 0.7535492018748609
9 5 6 2 -76.4964 1.4346625681183898
9 5 6 0 -80.42 1.1200432714506303
9 5 9 5 -65.83 1.045630193236076
9 5 6 3 -74.0271 2.574836982024013
9 5 9 2 -72.58 1.5204824599919968
9 5 2 5 -83.225 1.8543377546204012
9 5 5 8 -80.3498 1.8306104706098087
9 5 6 7 -76.5185 1.8306104706098087
9 5 7 3 -69.1334 1.8626419592629413
9 5 8 3 -65.7694 0.7535492018748609
9 5 1 9 -86.49 1.8543377546204012
9 5 8 8 -76.9143 2.02253412315468
9 5 2 0 -85.06 1.8626419592629413
9 5 0 3 -85.35 1.045630193236076
9 5 5 0 -81.38 0.4142809311761813
9 5 8 0 -78.89 0.31961585322723524
9 5 8 6 -65.8684 0.6606851953374354
9 5 8 1 -76.9245 1.1200432714506303
9 5 7 8 -77.5347 2.574836982024013
9 5 2 3 -83.4613 0.7535492018748609
9 6 6 2 -78.6298 1.4346625681183898
9 6 6 0 -82.12 1.1200432714506303
9 6 9 5 -66.2 1.045630193236076
9 6 6 3 -76.2555 2.574836982024013
9 6 9 2 -76.23 1.5204824599919968
9 6 2 5 -83.2136 1.8543377546204012
9 6 5 8 -78.9343 1.8306104706098087
9 6 6 7 -74.3073 1.8306104706098087
9 6 7 3 -73.8228 1.8626419592629413
9 6 8 3 -72.2945 0.7535492018748609
9 6 1 9 -85.58 1.8543377546204012
9 6 8 8 -73.3887 2.02253412315468
9 6 2 0 -85.32 1.8626419592629413
9 6 0 3 -86.19 1.045630193236076
9 6 5 0 -83.05 0.4142809311761813
9 6 8 0 -80.83 0.31961585322723524
9 6 8 6 -61.8035 0.6606851953374354
9 6 8 1 -79.4664 1.1200432714506303
9 6 7 8 -74.6773 2.574836982024013
9 6 2 3 -83.8547 0.7535492018748609
9 7 6 2 -80.4853 1.4346625681183898
9 7 6 0 -83.53 1.1200432714506303
9 7 9 5 -66.2 1.045630193236076
9 7 6 3 -78.4076 2.574836982024013
9 7 9 2 -78.79 1.5204824599919968
9 7 2 5 -83.3966 1.8543377546204012
9 7 5 8 -77.6138 1.8306104706098087
9 7 6 7 -72.3827 1.8306104706098087
9 7 7 3 -76.9628 1.8626419592629413
9 7 8 3 -76.2808 0.7535492018748609
9 7 1 9 -85.42 1.8543377546204012
9 7 8 8 -67.1253 2.02253412315468
9 7 2 0 -86.27 1.8626419592629413
9 7 0 3 -86.34 1.045630193236076
9 7 5 0 -84.1 0.4142809311761813
9 7 8 0 -82.41 0.31961585322723524
9 7 8 6 -60.667100000000005 0.6606851953374354
9 7 8 1 -81.4174 1.1200432714506303
9 7 7 8 -70.259 2.574836982024013
9 7 2 3 -84.3753 0.7535492018748609
9 8 6 2 -82.0814 1.4346625681183898
9 8 6 0 -84.74 1.1200432714506303
9 8 9 5 -72.59 1.045630193236076
9 8 6 3 -80.287 2.574836982024013
9 8 9 2 -80.76 1.5204824599919968
9 8 2 5 -83.7444 1.8543377546204012
9 8 5 8 -76.6189 1.8306104706098087
9 8 6 7 -71.9554 1.8306104706098087
9 8 7 3 -79.381 1.8626419592629413
9 8 8 3 -78.9748 0.7535492018748609
9 8 1 9 -84.51 1.8543377546204012
9 8 8 8 -63.2958 2.02253412315468
9 8 2 0 -87.28 1.8626419592629413
9 8 0 3 -86.52 1.045630193236076
9 8 5 0 -85.28 0.4142809311761813
9 8 8 0 -83.75 0.31961585322723524
9 8 8 6 -64.0515 0.6606851953374354
9 8 8 1 -83.0128 1.1200432714506303
9 8 7 8 -65.2382 2.574836982024013
9 8 2 3 -84.9809 0.7535492018748609
9 9 6 2 -83.469 1.4346625681183898
9 9 6 0 -85.79 1.1200432714506303
9 9 9 5 -76.24 1.045630193236076
9 9 6 3 -81.9148 2.574836982024013
9 9 9 2 -82.36 1.5204824599919968
9 9 2 5 -84.2395 1.8543377546204012
9 9 5 8 -76.3021 1.8306104706098087
9 9 6 7 -73.2496 1.8306104706098087
9 9 7 3 -81.2924 1.8626419592629413
9 9 8 3 -81.0294 0.7535492018748609
9 9 1 9 -84.43 1.8543377546204012
9 9 8 8 -64.51 2.02253412315468
9 9 2 0 -87.43 1.8626419592629413
9 9 0 3 -87.33 1.045630193236076
9 9 5 0 -86.32 0.4142809311761813
9 9 8 0 -84.91 0.31961585322723524
9 9 8 6 -70.2385 0.6606851953374354
9 9 8 1 -84.3625 1.1200432714506303
9 9 7 8 -63.856700000000004 2.574836982024013
9 9 2 3 -85.6288 0.7535492018748609
