0 0 9 8 -89.37 2.02253412315468
0 0 2 8 -86.5159 0.4518638216531902
0 0 7 7 -87.6949 1.5204824599919968
0 0 7 5 -86.4057 2.574836982024013
0 0 3 3 -79.399 1.8543377546204012
0 0 8 9 -89.56 0.7535492018748609
0 0 9 9 -89.56 2.02253412315468
0 0 2 3 -77.5395 0.7535492018748609
0 0 6 9 -88.22 0.4518638216531902
0 0 8 5 -87.3058 2.574836982024013
0 0 0 7 -83.75 0.4518638216531902
0 0 6 3 -84.0637 1.8543377546204012
0 0 4 2 -80.054 2.341681953932289
0 0 7 0 -84.43 1.8306104706098087
0 0 7 4 -85.7922 1.8543377546204012
0 0 5 6 -85.431 2.341681953932289
0 0 0 1 -66.88 1.8306104706098087
0 0 3 9 -96.06 0.4518638216531902
0 0 6 2 -83.5076 1.1200432714506303
0 0 8 3 -86.5207 2.02253412315468
0 1 9 8 -88.72 2.02253412315468
0 1 2 8 -84.7809 0.4518638216531902
0 1 7 7 -87.1038 1.5204824599919968
0 1 7 5 -85.8722 2.574836982024013
0 1 3 3 -77.9221 1.8543377546204012
0 1 8 9 -88.91 0.7535492018748609
0 1 9 9 -89.36 2.02253412315468
0 1 2 3 -75.2132 0.7535492018748609
0 1 6 9 -87.41 0.4518638216531902
0 1 8 5 -86.8609 2.574836982024013
0 1 0 7 -82.41 0.4518638216531902
0 1 6 3 -83.5698 1.8543377546204012
0 1 4 2 -79.331 2.341681953932289
0 1 7 0 -84.44 1.8306104706098087
0 1 7 4 -85.3068 1.8543377546204012
0 1 5 6 -84.5929 2.341681953932289
0 1 0 1 -64.57 1.8306104706098087
0 1 3 9 -86.3 0.4518638216531902
0 1 6 2 -83.1593 1.1200432714506303
0 1 8 3 -86.1259 2.02253412315468
0 2 9 8 -88.54 2.02253412315468
0 2 2 8 -83.5095 0.4518638216531902
0 2 7 7 -86.5314 1.5204824599919968
0 2 7 5 -85.3823 2.574836982024013
0 2 3 3 -76.6629 1.8543377546204012
0 2 8 9 -88.21 0.7535492018748609
0 2 9 9 -88.71 2.02253412315468
0 2 2 3 -72.9566 0.7535492018748609
0 2 6 9 -87.09 0.4518638216531902
0 2 8 5 -86.4506 2.574836982024013
0 2 0 7 -80.83 0.4518638216531902
0 2 6 3 -83.2055 1.8543377546204012
0 2 4 2 -78.9901 2.341681953932289
0 2 7 0 -84.52 1.8306104706098087
0 2 7 4 -84.9451 1.8543377546204012
0 2 5 6 -83.7519 2.341681953932289
0 2 0 1 -66.88 1.8306104706098087
0 2 3 9 -85.41 0.4518638216531902
0 2 6 2 -83.0296 1.1200432714506303
0 2 8 3 -85.8359 2.02253412315468
0 3 9 8 -87.84 2.02253412315468
0 3 2 8 -82.0914 0.4518638216531902
0 3 7 7 -85.9811 1.5204824599919968
0 3 7 5 -84.9818 2.574836982024013
0 3 3 3 -75.9608 1.8543377546204012
0 3 8 9 -88.01 0.7535492018748609
0 3 9 9 -88.53 2.02253412315468
0 3 2 3 -71.3466 0.7535492018748609
0 3 6 9 -86.26 0.4518638216531902
0 3 8 5 -86.1345 2.574836982024013
0 3 0 7 -78.89 0.4518638216531902
0 3 6 3 -83.0336 1.8543377546204012
0 3 4 2 -79.1228 2.341681953932289
0 3 7 0 -84.65 1.8306104706098087
0 3 7 4 -84.6733 1.8543377546204012
0 3 5 6 -82.9417 2.341681953932289
0 3 0 1 -66.86 1.8306104706098087
0 3 3 9 -84.25 0.4518638216531902
0 3 6 2 -83.0984 1.1200432714506303
0 3 8 3 -85.7161 2.02253412315468
0 4 9 8 -87.68 2.02253412315468
0 4 2 8 -81.0412 0.4518638216531902
0 4 7 7 -85.487 1.5204824599919968
0 4 7 5 -84.6894 2.574836982024013
0 4 3 3 -76.1094 1.8543377546204012
0 4 8 9 -87.26 0.7535492018748609
0 4 9 9 -87.83 2.02253412315468
0 4 2 3 -71.6945 0.7535492018748609
0 4 6 9 -85.3 0.4518638216531902
0 4 8 5 -85.9154 2.574836982024013
0 4 0 7 -76.39 0.4518638216531902
0 4 6 3 -83.0692 1.8543377546204012
0 4 4 2 -79.69 2.341681953932289
0 4 7 0 -85.6 1.8306104706098087
0 4 7 4 -84.5283 1.8543377546204012
0 4 5 6 -82.2073 2.341681953932289
0 4 0 1 -72.88 1.8306104706098087
0 4 3 9 -82.9 0.4518638216531902
0 4 6 2 -83.3458 1.1200432714506303
0 4 8 3 -85.804 2.02253412315468
0 5 9 8 -86.95 2.02253412315468
0 5 2 8 -77.6992 0.4518638216531902
0 5 7 7 -85.0635 1.5204824599919968
0 5 7 5 -84.5375 2.574836982024013
0 5 3 3 -77.0301 1.8543377546204012
0 5 8 9 -87.06 0.7535492018748609
0 5 9 9 -87.68 2.02253412315468
0 5 2 3 -73.6185 0.7535492018748609
0 5 6 9 -85.03 0.4518638216531902
0 5 8 5 -85.7925 2.574836982024013
0 5 0 7 -72.87 0.4518638216531902
0 5 6 3 -83.307 1.8543377546204012
0 5 4 2 -80.5592 2.341681953932289
0 5 7 0 -86.8 1.8306104706098087
0 5 7 4 -84.5371 1.8543377546204012
0 5 5 6 -81.6438 2.341681953932289
0 5 0 1 -76.4 1.8306104706098087
0 5 3 9 -81.4 0.4518638216531902
0 5 6 2 -83.7607 1.1200432714506303
0 5 8 3 -85.9297 2.02253412315468
0 6 9 8 -86.83 2.02253412315468
0 6 2 8 -76.5303 0.4518638216531902
0 6 7 7 -84.7417 1.5204824599919968
0 6 7 5 -84.5253 2.574836982024013
0 6 3 3 -78.3841 1.8543377546204012
0 6 8 9 -86.28 0.7535492018748609
0 6 9 9 -86.94 2.02253412315468
0 6 2 3 -75.9963 0.7535492018748609
0 6 6 9 -83.97 0.4518638216531902
0 6 8 5 -85.7896 2.574836982024013
0 6 0 7 -66.87 0.4518638216531902
0 6 6 3 -83.7112 1.8543377546204012
0 6 4 2 -81.5913 2.341681953932289
0 6 7 0 -92.26 1.8306104706098087
0 6 7 4 -84.6904 1.8543377546204012
0 6 5 6 -81.3087 2.341681953932289
0 6 0 1 -78.89 1.8306104706098087
0 6 3 9 -79.62 0.4518638216531902
0 6 6 2 -84.3201 1.1200432714506303
0 6 8 3 -86.1612 2.02253412315468
0 7 9 8 -86.75 2.02253412315468
0 7 2 8 -74.187 0.4518638216531902
0 7 7 7 -84.5571 1.5204824599919968
0 7 7 5 -84.6667 2.574836982024013
0 7 3 3 -79.8708 1.8543377546204012
0 7 8 9 -86.15 0.7535492018748609
0 7 9 9 -86.82 2.02253412315468
0 7 2 3 -78.2433 0.7535492018748609
0 7 6 9 -83.75 0.4518638216531902
0 7 8 5 -85.898 2.574836982024013
0 7 0 7 -66.87 0.4518638216531902
0 7 6 3 -84.2456 1.8543377546204012
0 7 4 2 -82.6658 2.341681953932289
0 7 7 0 -93.04 1.8306104706098087
0 7 7 4 -84.9841 1.8543377546204012
0 7 5 6 -81.2534 2.341681953932289
0 7 0 1 -80.83 1.8306104706098087
0 7 3 9 -79.08 0.4518638216531902
0 7 6 2 -84.9419 1.1200432714506303
0 7 8 3 -86.4896 2.02253412315468
0 8 9 8 -86.71 2.02253412315468
0 8 2 8 -72.1069 0.4518638216531902
0 8 7 7 -84.5156 1.5204824599919968
0 8 7 5 -84.9419 2.574836982024013
0 8 3 3 -81.3202 1.8543377546204012
0 8 8 9 -86.06 0.7535492018748609
0 8 9 9 -86.75 2.02253412315468
0 8 2 3 -80.1789 0.7535492018748609
0 8 6 9 -83.6 0.4518638216531902
0 8 8 5 -86.1051 2.574836982024013
0 8 0 7 -64.49 0.4518638216531902
0 8 6 3 -84.8633 1.8543377546204012
0 8 4 2 -83.7275 2.341681953932289
0 8 7 0 -93.83 1.8306104706098087
0 8 7 4 -85.3859 1.8543377546204012
0 8 5 6 -81.4978 2.341681953932289
0 8 0 1 -82.42 1.8306104706098087
0 8 3 9 -76.86 0.4518638216531902
0 8 6 2 -85.6295 1.1200432714506303
0 8 8 3 -86.8798 2.02253412315468
0 9 9 8 -86.71 2.02253412315468
0 9 2 8 -71.2334 0.4518638216531902
0 9 7 7 -84.6242 1.5204824599919968
0 9 7 5 -85.3295 2.574836982024013
0 9 3 3 -82.5505 1.8543377546204012
0 9 8 9 -86.01 0.7535492018748609
0 9 9 9 -86.71 2.02253412315468
0 9 2 3 -81.9334 0.7535492018748609
0 9 6 9 -83.52 0.4518638216531902
0 9 8 5 -86.4125 2.574836982024013
0 9 0 7 -66.85 0.4518638216531902
0 9 6 3 -85.5482 1.8543377546204012
0 9 4 2 -84.7209 2.341681953932289
0 9 7 0 -87.96 1.8306104706098087
0 9 7 4 -85.8572 1.8543377546204012
0 9 5 6 -81.995 2.341681953932289
0 9 0 1 -84.91 1.8306104706098087
0 9 3 9 -76.53 0.4518638216531902
0 9 6 2 -86.3093 1.1200432714506303
0 9 8 3 -87.3298 2.02253412315468
1 0 9 8 -88.92 2.02253412315468
1 0 2 8 -85.6293 0.4518638216531902
1 0 7 7 -87.0782 1.5204824599919968
1 0 7 5 -85.5697 2.574836982024013
1 0 3 3 -77.7218 1.8543377546204012
1 0 8 9 -88.66 0.7535492018748609
1 0 9 9 -89.12 2.02253412315468
1 0 2 3 -76.0059 0.7535492018748609
1 0 6 9 -87.71 0.4518638216531902
1 0 8 5 -86.4953 2.574836982024013
1 0 0 7 -84.87 0.4518638216531902
1 0 6 3 -82.8346 1.8543377546204012
1 0 4 2 -78.0103 2.341681953932289
1 0 7 0 -83.51 1.8306104706098087
1 0 7 4 -84.8444 1.8543377546204012
1 0 5 6 -84.7108 2.341681953932289
1 0 0 1 -65.81 1.8306104706098087
1 0 3 9 -86.64 0.4518638216531902
1 0 6 2 -82.1054 1.1200432714506303
1 0 8 3 -85.3982 2.02253412315468
1 1 9 8 -88.23 2.02253412315468
1 1 2 8 -84.4889 0.4518638216531902
1 1 7 7 -86.3994 1.5204824599919968
1 1 7 5 -84.9135 2.574836982024013
1 1 3 3 -75.4913 1.8543377546204012
1 1 8 9 -88.42 0.7535492018748609
1 1 9 9 -88.91 2.02253412315468
1 1 2 3 -72.5163 0.7535492018748609
1 1 6 9 -87.47 0.4518638216531902
1 1 8 5 -85.9666 2.574836982024013
1 1 0 7 -82.33 0.4518638216531902
1 1 6 3 -82.1715 1.8543377546204012
1 1 4 2 -76.8725 2.341681953932289
1 1 7 0 -83.53 1.8306104706098087
1 1 7 4 -84.2509 1.8543377546204012
1 1 5 6 -83.721 2.341681953932289
1 1 0 1 -66.79 1.8306104706098087
1 1 3 9 -85.71 0.4518638216531902
1 1 6 2 -81.6464 1.1200432714506303
1 1 8 3 -85.0312 2.02253412315468
1 2 9 8 -88.14 2.02253412315468
1 2 2 8 -83.1846 0.4518638216531902
1 2 7 7 -85.7249 1.5204824599919968
1 2 7 5 -84.318 2.574836982024013
1 2 3 3 -73.4355 1.8543377546204012
1 2 8 9 -87.69 0.7535492018748609
1 2 9 9 -88.21 2.02253412315468
1 2 2 3 -67.2515 0.7535492018748609
1 2 6 9 -86.63 0.4518638216531902
1 2 8 5 -85.4929 2.574836982024013
1 2 0 7 -80.72 0.4518638216531902
1 2 6 3 -81.6882 1.8543377546204012
1 2 4 2 -76.3022 2.341681953932289
1 2 7 0 -83.62 1.8306104706098087
1 2 7 4 -83.7552 1.8543377546204012
1 2 5 6 -82.6779 2.341681953932289
1 2 0 1 -65.93 1.8306104706098087
1 2 3 9 -84.63 0.4518638216531902
1 2 6 2 -81.4407 1.1200432714506303
1 2 8 3 -84.7732 2.02253412315468
1 3 9 8 -87.27 2.02253412315468
1 3 2 8 -81.6604 0.4518638216531902
1 3 7 7 -85.0581 1.5204824599919968
1 3 7 5 -83.8024 2.574836982024013
1 3 3 3 -71.9861 1.8543377546204012
1 3 8 9 -86.88 0.7535492018748609
1 3 9 9 -87.46 2.02253412315468
1 3 2 3 -63.444199999999995 0.7535492018748609
1 3 6 9 -85.61 0.4518638216531902
1 3 8 5 -85.1062 2.574836982024013
1 3 0 7 -78.74 0.4518638216531902
1 3 6 3 -81.4513 1.8543377546204012
1 3 4 2 -76.5263 2.341681953932289
1 3 7 0 -83.8 1.8306104706098087
1 3 7 4 -83.396 1.8543377546204012
1 3 5 6 -81.6341 2.341681953932289
1 3 0 1 -66.44 1.8306104706098087
1 3 3 9 -83.4 0.4518638216531902
1 3 6 2 -81.5224 1.1200432714506303
1 3 8 3 -84.6559 2.02253412315468
1 4 9 8 -87.22 2.02253412315468
1 4 2 8 -79.8308 0.4518638216531902
1 4 7 7 -84.4473 1.5204824599919968
1 4 7 5 -83.4255 2.574836982024013
1 4 3 3 -72.3024 1.8543377546204012
1 4 8 9 -86.65 0.7535492018748609
1 4 9 9 -87.26 2.02253412315468
1 4 2 3 -64.2801 0.7535492018748609
1 4 6 9 -84.56 0.4518638216531902
1 4 8 5 -84.8205 2.574836982024013
1 4 0 7 -76.15 0.4518638216531902
1 4 6 3 -81.4927 1.8543377546204012
1 4 4 2 -77.4532 2.341681953932289
1 4 7 0 -84.0 1.8306104706098087
1 4 7 4 -83.2072 1.8543377546204012
1 4 5 6 -80.647 2.341681953932289
1 4 0 1 -72.47 1.8306104706098087
1 4 3 9 -81.96 0.4518638216531902
1 4 6 2 -81.8721 1.1200432714506303
1 4 8 3 -84.6736 2.02253412315468
1 5 9 8 -86.29 2.02253412315468
1 5 2 8 -78.2346 0.4518638216531902
1 5 7 7 -83.9065 1.5204824599919968
1 5 7 5 -83.2199 2.574836982024013
1 5 3 3 -74.0127 1.8543377546204012
1 5 8 9 -85.77 0.7535492018748609
1 5 9 9 -86.45 2.02253412315468
1 5 2 3 -69.1337 0.7535492018748609
1 5 6 9 -84.21 0.4518638216531902
1 5 8 5 -84.6626 2.574836982024013
1 5 0 7 -72.42 0.4518638216531902
1 5 6 3 -81.8143 1.8543377546204012
1 5 4 2 -78.7713 2.341681953932289
1 5 7 0 -83.37 1.8306104706098087
1 5 7 4 -83.2209 1.8543377546204012
1 5 5 6 -79.8298 2.341681953932289
1 5 0 1 -76.17 1.8306104706098087
1 5 3 9 -80.26 0.4518638216531902
1 5 6 2 -82.4282 1.1200432714506303
1 5 8 3 -84.8417 2.02253412315468
1 6 9 8 -86.16 2.02253412315468
1 6 2 8 -74.67 0.4518638216531902
1 6 7 7 -83.4967 1.5204824599919968
1 6 7 5 -83.2049 2.574836982024013
1 6 3 3 -76.2406 1.8543377546204012
1 6 8 9 -85.57 0.7535492018748609
1 6 9 9 -86.28 2.02253412315468
1 6 2 3 -73.8507 0.7535492018748609
1 6 6 9 -83.05 0.4518638216531902
1 6 8 5 -84.6586 2.574836982024013
1 6 0 7 -72.43 0.4518638216531902
1 6 6 3 -82.3687 1.8543377546204012
1 6 4 2 -80.2013 2.341681953932289
1 6 7 0 -85.33 1.8306104706098087
1 6 7 4 -83.4229 1.8543377546204012
1 6 5 6 -79.3326 2.341681953932289
1 6 0 1 -78.75 1.8306104706098087
1 6 3 9 -78.32 0.4518638216531902
1 6 6 2 -83.1501 1.1200432714506303
1 6 8 3 -85.136 2.02253412315468
1 7 9 8 -86.07 2.02253412315468
1 7 2 8 -70.3618 0.4518638216531902
1 7 7 7 -83.2481 1.5204824599919968
1 7 7 5 -83.3931 2.574836982024013
1 7 3 3 -78.3949 1.8543377546204012
1 7 8 9 -85.42 0.7535492018748609
1 7 9 9 -86.15 2.02253412315468
1 7 2 3 -76.9715 0.7535492018748609
1 7 6 9 -82.79 0.4518638216531902
1 7 8 5 -84.7969 2.574836982024013
1 7 0 7 -66.76 0.4518638216531902
1 7 6 3 -83.0687 1.8543377546204012
1 7 4 2 -81.599 2.341681953932289
1 7 7 0 -87.13 1.8306104706098087
1 7 7 4 -83.8049 1.8543377546204012
1 7 5 6 -79.2585 2.341681953932289
1 7 0 1 -82.34 1.8306104706098087
1 7 3 9 -75.35 0.4518638216531902
1 7 6 2 -83.9547 1.1200432714506303
1 7 8 3 -85.5369 2.02253412315468
1 8 9 8 -85.26 2.02253412315468
1 8 2 8 -65.1288 0.4518638216531902
1 8 7 7 -83.1886 1.5204824599919968
1 8 7 5 -83.7502 2.574836982024013
1 8 3 3 -80.2859 1.8543377546204012
1 8 8 9 -84.5 0.7535492018748609
1 8 9 9 -85.31 2.02253412315468
1 8 2 3 -79.382 0.7535492018748609
1 8 6 9 -81.48 0.4518638216531902
1 8 8 5 -85.0635 2.574836982024013
1 8 0 7 -65.91 0.4518638216531902
1 8 6 3 -83.8635 1.8543377546204012
1 8 4 2 -82.8956 2.341681953932289
1 8 7 0 -87.17 1.8306104706098087
1 8 7 4 -84.3098 1.8543377546204012
1 8 5 6 -79.618 2.341681953932289
1 8 0 1 -83.7 1.8306104706098087
1 8 3 9 -74.48 0.4518638216531902
1 8 6 2 -84.7744 1.1200432714506303
1 8 8 3 -86.0184 2.02253412315468
1 9 9 8 -85.26 2.02253412315468
1 9 2 8 -63.338800000000006 0.4518638216531902
1 9 7 7 -83.332 1.5204824599919968
1 9 7 5 -84.2421 2.574836982024013
1 9 3 3 -81.909 1.8543377546204012
1 9 8 9 -84.43 0.7535492018748609
1 9 9 9 -85.26 2.02253412315468
1 9 2 3 -81.287 0.7535492018748609
1 9 6 9 -81.35 0.4518638216531902
1 9 8 5 -85.4439 2.574836982024013
1 9 0 7 -66.79 0.4518638216531902
1 9 6 3 -84.6782 1.8543377546204012
1 9 4 2 -84.0836 2.341681953932289
1 9 7 0 -87.43 1.8306104706098087
1 9 7 4 -84.9088 1.8543377546204012
1 9 5 6 -80.3391 2.341681953932289
1 9 0 1 -84.87 1.8306104706098087
1 9 3 9 -70.64 0.4518638216531902
1 9 6 2 -85.591 1.1200432714506303
1 9 8 3 -86.5486 2.02253412315468
2 0 9 8 -88.53 2.02253412315468
2 0 2 8 -85.5613 0.4518638216531902
2 0 7 7 -86.4727 1.5204824599919968
2 0 7 5 -84.6952 2.574836982024013
2 0 3 3 -76.1619 1.8543377546204012
2 0 8 9 -88.19 0.7535492018748609
2 0 9 9 -88.66 2.02253412315468
2 0 2 3 -75.1915 0.7535492018748609
2 0 6 9 -87.79 0.4518638216531902
2 0 8 5 -85.6632 2.574836982024013
2 0 0 7 -84.83 0.4518638216531902
2 0 6 3 -81.454 1.8543377546204012
2 0 4 2 -75.5387 2.341681953932289
2 0 7 0 -81.33 1.8306104706098087
2 0 7 4 -83.8059 1.8543377546204012
2 0 5 6 -84.0442 2.341681953932289
2 0 0 1 -71.15 1.8306104706098087
2 0 3 9 -86.77 0.4518638216531902
2 0 6 2 -80.4594 1.1200432714506303
2 0 8 3 -84.319 2.02253412315468
2 1 9 8 -87.68 2.02253412315468
2 1 2 8 -84.3569 0.4518638216531902
2 1 7 7 -85.6823 1.5204824599919968
2 1 7 5 -83.8965 2.574836982024013
2 1 3 3 -72.8322 1.8543377546204012
2 1 8 9 -87.93 0.7535492018748609
2 1 9 9 -87.93 2.02253412315468
2 1 2 3 -70.3283 0.7535492018748609
2 1 6 9 -86.91 0.4518638216531902
2 1 8 5 -85.0222 2.574836982024013
2 1 0 7 -83.5 0.4518638216531902
2 1 6 3 -80.5524 1.8543377546204012
2 1 4 2 -73.5674 2.341681953932289
2 1 7 0 -81.35 1.8306104706098087
2 1 7 4 -83.0574 1.8543377546204012
2 1 5 6 -82.8553 2.341681953932289
2 1 0 1 -64.6 1.8306104706098087
2 1 3 9 -84.88 0.4518638216531902
2 1 6 2 -79.7973 1.1200432714506303
2 1 8 3 -83.8455 2.02253412315468
2 2 9 8 -86.9 2.02253412315468
2 2 2 8 -83.0084 0.4518638216531902
2 2 7 7 -84.8797 1.5204824599919968
2 2 7 5 -83.1314 2.574836982024013
2 2 3 3 -67.9005 1.8543377546204012
2 2 8 9 -87.13 0.7535492018748609
2 2 9 9 -87.68 2.02253412315468
2 2 2 3 -64.0304 0.7535492018748609
2 2 6 9 -85.94 0.4518638216531902
2 2 8 5 -84.4365 2.574836982024013
2 2 0 7 -82.28 0.4518638216531902
2 2 6 3 -79.8511 1.8543377546204012
2 2 4 2 -72.4989 2.341681953932289
2 2 7 0 -81.49 1.8306104706098087
2 2 7 4 -82.4004 1.8543377546204012
2 2 5 6 -81.5743 2.341681953932289
2 2 0 1 -71.39 1.8306104706098087
2 2 3 9 -83.71 0.4518638216531902
2 2 6 2 -79.4872 1.1200432714506303
2 2 8 3 -83.5113 2.02253412315468
2 3 9 8 -86.66 2.02253412315468
2 3 2 8 -81.4174 0.4518638216531902
2 3 7 7 -84.0765 1.5204824599919968
2 3 7 5 -82.4648 2.574836982024013
2 3 3 3 -64.2331 1.8543377546204012
2 3 8 9 -86.26 0.7535492018748609
2 3 9 9 -86.88 2.02253412315468
2 3 2 3 -60.163399999999996 0.7535492018748609
2 3 6 9 -84.91 0.4518638216531902
2 3 8 5 -83.9395 2.574836982024013
2 3 0 7 -78.62 0.4518638216531902
2 3 6 3 -79.5031 1.8543377546204012
2 3 4 2 -72.9769 2.341681953932289
2 3 7 0 -82.81 1.8306104706098087
2 3 7 4 -81.9103 1.8543377546204012
2 3 5 6 -80.2133 2.341681953932289
2 3 0 1 -71.47 1.8306104706098087
2 3 3 9 -82.36 0.4518638216531902
2 3 6 2 -79.6087 1.1200432714506303
2 3 8 3 -83.355 2.02253412315468
2 4 9 8 -85.78 2.02253412315468
2 4 2 8 -79.471 0.4518638216531902
2 4 7 7 -83.3011 1.5204824599919968
2 4 7 5 -81.9519 2.574836982024013
2 4 3 3 -65.0197 1.8543377546204012
2 4 8 9 -86.0 0.7535492018748609
2 4 9 9 -86.65 2.02253412315468
2 4 2 3 -61.297200000000004 0.7535492018748609
2 4 6 9 -83.76 0.4518638216531902
2 4 8 5 -83.5734 2.574836982024013
2 4 0 7 -78.21 0.4518638216531902
2 4 6 3 -79.5745 1.8543377546204012
2 4 4 2 -74.6065 2.341681953932289
2 4 7 0 -83.01 1.8306104706098087
2 4 7 4 -81.6547 1.8543377546204012
2 4 5 6 -78.8428 2.341681953932289
2 4 0 1 -75.38 1.8306104706098087
2 4 3 9 -80.75 0.4518638216531902
2 4 6 2 -80.1233 1.1200432714506303
2 4 8 3 -83.3859 2.02253412315468
2 5 9 8 -85.58 2.02253412315468
2 5 2 8 -76.9449 0.4518638216531902
2 5 7 7 -82.6006 1.5204824599919968
2 5 7 5 -81.6665 2.574836982024013
2 5 3 3 -69.5941 1.8543377546204012
2 5 8 9 -85.03 0.7535492018748609
2 5 9 9 -85.77 2.02253412315468
2 5 2 3 -65.8924 0.7535492018748609
2 5 6 9 -82.4 0.4518638216531902
2 5 8 5 -83.3767 2.574836982024013
2 5 0 7 -75.96 0.4518638216531902
2 5 6 3 -80.0487 1.8543377546204012
2 5 4 2 -76.7231 2.341681953932289
2 5 7 0 -84.48 1.8306104706098087
2 5 7 4 -81.6651 1.8543377546204012
2 5 5 6 -77.6165 2.341681953932289
2 5 0 1 -78.28 1.8306104706098087
2 5 3 9 -78.78 0.4518638216531902
2 5 6 2 -80.9266 1.1200432714506303
2 5 8 3 -83.6085 2.02253412315468
2 6 9 8 -84.64 2.02253412315468
2 6 2 8 -73.4086 0.4518638216531902
2 6 7 7 -82.0515 1.5204824599919968
2 6 7 5 -81.6512 2.574836982024013
2 6 3 3 -74.0682 1.8543377546204012
2 6 8 9 -84.8 0.7535492018748609
2 6 9 9 -85.57 2.02253412315468
2 6 2 3 -72.3386 0.7535492018748609
2 6 6 9 -82.04 0.4518638216531902
2 6 8 5 -83.3617 2.574836982024013
2 6 0 7 -72.08 0.4518638216531902
2 6 6 3 -80.8245 1.8543377546204012
2 6 4 2 -78.7951 2.341681953932289
2 6 7 0 -87.4 1.8306104706098087
2 6 7 4 -81.9528 1.8543377546204012
2 6 5 6 -76.7973 2.341681953932289
2 6 0 1 -80.42 1.8306104706098087
2 6 3 9 -76.22 0.4518638216531902
2 6 6 2 -81.8922 1.1200432714506303
2 6 8 3 -83.9829 2.02253412315468
2 7 9 8 -84.51 2.02253412315468
2 7 2 8 -67.2132 0.4518638216531902
2 7 7 7 -81.7092 1.5204824599919968
2 7 7 5 -81.9084 2.574836982024013
2 7 3 3 -77.0716 1.8543377546204012
2 7 8 9 -83.75 0.7535492018748609
2 7 9 9 -84.63 2.02253412315468
2 7 2 3 -76.3078 0.7535492018748609
2 7 6 9 -80.49 0.4518638216531902
2 7 8 5 -83.5435 2.574836982024013
2 7 0 7 -70.77 0.4518638216531902
2 7 6 3 -81.7726 1.8543377546204012
2 7 4 2 -80.5828 2.341681953932289
2 7 7 0 -90.51 1.8306104706098087
2 7 7 4 -82.4588 1.8543377546204012
2 7 5 6 -76.6656 2.341681953932289
2 7 0 1 -82.11 1.8306104706098087
2 7 3 9 -75.41 0.4518638216531902
2 7 6 2 -82.8968 1.1200432714506303
2 7 8 3 -84.4963 2.02253412315468
2 8 9 8 -84.44 2.02253412315468
2 8 2 8 -61.68899999999999 0.4518638216531902
2 8 7 7 -81.6306 1.5204824599919968
2 8 7 5 -82.394 2.574836982024013
2 8 3 3 -79.4454 1.8543377546204012
2 8 8 9 -83.6 0.7535492018748609
2 8 9 9 -84.5 2.02253412315468
2 8 2 3 -78.9832 0.7535492018748609
2 8 6 9 -80.18 0.4518638216531902
2 8 8 5 -83.8882 2.574836982024013
2 8 0 7 -64.46 0.4518638216531902
2 8 6 3 -82.7917 1.8543377546204012
2 8 4 2 -82.1483 2.341681953932289
2 8 7 0 -86.57 1.8306104706098087
2 8 7 4 -83.1231 1.8543377546204012
2 8 5 6 -77.2763 2.341681953932289
2 8 0 1 -83.53 1.8306104706098087
2 8 3 9 -71.83 0.4518638216531902
2 8 6 2 -83.9161 1.1200432714506303
2 8 8 3 -85.0871 2.02253412315468
2 9 9 8 -84.43 2.02253412315468
2 9 2 8 -59.761799999999994 0.4518638216531902
2 9 7 7 -81.8298 1.5204824599919968
2 9 7 5 -83.048 2.574836982024013
2 9 3 3 -81.3356 1.8543377546204012
2 9 8 9 -83.52 0.7535492018748609
2 9 9 9 -84.43 2.02253412315468
2 9 2 3 -81.0359 0.7535492018748609
2 9 6 9 -80.02 0.4518638216531902
2 9 8 5 -84.3707 2.574836982024013
2 9 0 7 -70.85 0.4518638216531902
2 9 6 3 -83.8072 1.8543377546204012
2 9 4 2 -83.5163 2.341681953932289
2 9 7 0 -86.87 1.8306104706098087
2 9 7 4 -83.8893 1.8543377546204012
2 9 5 6 -78.3949 2.341681953932289
2 9 0 1 -84.73 1.8306104706098087
2 9 3 9 -64.88 0.4518638216531902
2 9 6 2 -84.8881 1.1200432714506303
2 9 8 3 -85.7314 2.02253412315468
3 0 9 8 -88.05 2.02253412315468
3 0 2 8 -85.5812 0.4518638216531902
3 0 7 7 -85.8805 1.5204824599919968
3 0 7 5 -83.7915 2.574836982024013
3 0 3 3 -75.2214 1.8543377546204012
3 0 8 9 -88.19 0.7535492018748609
3 0 9 9 -88.19 2.02253412315468
3 0 2 3 -75.5195 0.7535492018748609
3 0 6 9 -87.2 0.4518638216531902
3 0 8 5 -84.7967 2.574836982024013
3 0 0 7 -84.45 0.4518638216531902
3 0 6 3 -79.9305 1.8543377546204012
3 0 4 2 -72.7326 2.341681953932289
3 0 7 0 -80.0 1.8306104706098087
3 0 7 4 -82.6865 1.8543377546204012
3 0 5 6 -83.4369 2.341681953932289
3 0 0 1 -74.37 1.8306104706098087
3 0 3 9 -85.93 0.4518638216531902
3 0 6 2 -78.4954 1.1200432714506303
3 0 8 3 -83.1101 2.02253412315468
3 1 9 8 -87.15 2.02253412315468
3 1 2 8 -84.4444 0.4518638216531902
3 1 7 7 -84.9711 1.5204824599919968
3 1 7 5 -82.8171 2.574836982024013
3 1 3 3 -70.3903 1.8543377546204012
3 1 8 9 -87.44 0.7535492018748609
3 1 9 9 -87.39 2.02253412315468
3 1 2 3 -71.3333 0.7535492018748609
3 1 6 9 -86.3 0.4518638216531902
3 1 8 5 -84.0116 2.574836982024013
3 1 0 7 -83.16 0.4518638216531902
3 1 6 3 -78.6348 1.8543377546204012
3 1 4 2 -68.1204 2.341681953932289
3 1 7 0 -80.02 1.8306104706098087
3 1 7 4 -81.7181 1.8543377546204012
3 1 5 6 -82.0695 2.341681953932289
3 1 0 1 -74.0 1.8306104706098087
3 1 3 9 -84.9 0.4518638216531902
3 1 6 2 -77.4809 1.1200432714506303
3 1 8 3 -82.4976 2.02253412315468
3 2 9 8 -86.28 2.02253412315468
3 2 2 8 -83.1007 0.4518638216531902
3 2 7 7 -84.0261 1.5204824599919968
3 2 7 5 -81.8268 2.574836982024013
3 2 3 3 -64.0317 1.8543377546204012
3 2 8 9 -86.64 0.7535492018748609
3 2 9 9 -87.13 2.02253412315468
3 2 2 3 -65.2683 0.7535492018748609
3 2 6 9 -85.3 0.4518638216531902
3 2 8 5 -83.2688 2.574836982024013
3 2 0 7 -83.16 0.4518638216531902
3 2 6 3 -77.585 1.8543377546204012
3 2 4 2 -64.9478 2.341681953932289
3 2 7 0 -80.26 1.8306104706098087
3 2 7 4 -80.8287 1.8543377546204012
3 2 5 6 -80.4993 2.341681953932289
3 2 0 1 -74.07 1.8306104706098087
3 2 3 9 -83.74 0.4518638216531902
3 2 6 2 -76.9729 1.1200432714506303
3 2 8 3 -82.0474 2.02253412315468
3 3 9 8 -86.17 2.02253412315468
3 3 2 8 -81.5094 0.4518638216531902
3 3 7 7 -83.0276 1.5204824599919968
3 3 7 5 -80.9211 2.574836982024013
3 3 3 3 -59.5163 1.8543377546204012
3 3 8 9 -85.61 0.7535492018748609
3 3 9 9 -86.26 2.02253412315468
3 3 2 3 -60.958600000000004 0.7535492018748609
3 3 6 9 -84.18 0.4518638216531902
3 3 8 5 -82.6236 2.574836982024013
3 3 0 7 -81.62 0.4518638216531902
3 3 6 3 -76.9999 1.8543377546204012
3 3 4 2 -66.2019 2.341681953932289
3 3 7 0 -80.5 1.8306104706098087
3 3 7 4 -80.1352 1.8543377546204012
3 3 5 6 -78.742 2.341681953932289
3 3 0 1 -74.58 1.8306104706098087
3 3 3 9 -82.39 0.4518638216531902
3 3 6 2 -77.183 1.1200432714506303
3 3 8 3 -81.8274 2.02253412315468
3 4 9 8 -85.01 2.02253412315468
3 4 2 8 -79.6128 0.4518638216531902
3 4 7 7 -82.0393 1.5204824599919968
3 4 7 5 -80.2 2.574836982024013
3 4 3 3 -60.632099999999994 1.8543377546204012
3 4 8 9 -84.56 0.7535492018748609
3 4 9 9 -85.3 2.02253412315468
3 4 2 3 -62.00620000000001 0.7535492018748609
3 4 6 9 -83.0 0.4518638216531902
3 4 8 5 -82.1257 2.574836982024013
3 4 0 7 -77.58 0.4518638216531902
3 4 6 3 -77.1114 1.8543377546204012
3 4 4 2 -70.7815 2.341681953932289
3 4 7 0 -82.05 1.8306104706098087
3 4 7 4 -79.7609 1.8543377546204012
3 4 5 6 -76.7537 2.341681953932289
3 4 0 1 -77.34 1.8306104706098087
3 4 3 9 -80.8 0.4518638216531902
3 4 6 2 -77.9959 1.1200432714506303
3 4 8 3 -81.866 2.02253412315468
3 5 9 8 -83.99 2.02253412315468
3 5 2 8 -77.1761 0.4518638216531902
3 5 7 7 -81.1099 1.5204824599919968
3 5 7 5 -79.7854 2.574836982024013
3 5 3 3 -65.889 1.8543377546204012
3 5 8 9 -84.24 0.7535492018748609
3 5 9 9 -85.01 2.02253412315468
3 5 2 3 -67.0514 0.7535492018748609
3 5 6 9 -81.4 0.4518638216531902
3 5 8 5 -81.8539 2.574836982024013
3 5 0 7 -77.53 0.4518638216531902
3 5 6 3 -77.8729 1.8543377546204012
3 5 4 2 -74.6861 2.341681953932289
3 5 7 0 -82.44 1.8306104706098087
3 5 7 4 -79.7848 1.8543377546204012
3 5 5 6 -74.7532 2.341681953932289
3 5 0 1 -79.83 1.8306104706098087
3 5 3 9 -78.85 0.4518638216531902
3 5 6 2 -79.1896 1.1200432714506303
3 5 8 3 -82.1665 2.02253412315468
3 6 9 8 -83.77 2.02253412315468
3 6 2 8 -73.9421 0.4518638216531902
3 6 7 7 -80.3409 1.5204824599919968
3 6 7 5 -79.7597 2.574836982024013
3 6 3 3 -72.4477 1.8543377546204012
3 6 8 9 -83.05 0.7535492018748609
3 6 9 9 -83.97 2.02253412315468
3 6 2 3 -73.0161 0.7535492018748609
3 6 6 9 -80.86 0.4518638216531902
3 6 8 5 -81.8399 2.574836982024013
3 6 0 7 -74.69 0.4518638216531902
3 6 6 3 -79.0399 1.8543377546204012
3 6 4 2 -77.4997 2.341681953932289
3 6 7 0 -82.33 1.8306104706098087
3 6 7 4 -80.197 1.8543377546204012
3 6 5 6 -73.2878 2.341681953932289
3 6 0 1 -81.7 1.8306104706098087
3 6 3 9 -76.33 0.4518638216531902
3 6 6 2 -80.5138 1.1200432714506303
3 6 8 3 -82.6805 2.02253412315468
3 7 9 8 -83.61 2.02253412315468
3 7 2 8 -68.3085 0.4518638216531902
3 7 7 7 -79.8418 1.5204824599919968
3 7 7 5 -80.132 2.574836982024013
3 7 3 3 -76.3254 1.8543377546204012
3 7 8 9 -82.79 0.7535492018748609
3 7 9 9 -83.75 2.02253412315468
3 7 2 3 -76.5644 0.7535492018748609
3 7 6 9 -79.08 0.4518638216531902
3 7 8 5 -82.0876 2.574836982024013
3 7 0 7 -74.12 0.4518638216531902
3 7 6 3 -80.3743 1.8543377546204012
3 7 4 2 -79.756 2.341681953932289
3 7 7 0 -81.07 1.8306104706098087
3 7 7 4 -80.9117 1.8543377546204012
3 7 5 6 -73.0211 2.341681953932289
3 7 0 1 -83.22 1.8306104706098087
3 7 3 9 -72.79 0.4518638216531902
3 7 6 2 -81.816 1.1200432714506303
3 7 8 3 -83.3424 2.02253412315468
3 8 9 8 -83.52 2.02253412315468
3 8 2 8 -63.0697 0.4518638216531902
3 8 7 7 -79.7255 1.5204824599919968
3 8 7 5 -80.8227 2.574836982024013
3 8 3 3 -79.0012 1.8543377546204012
3 8 8 9 -82.6 0.7535492018748609
3 8 9 9 -83.6 2.02253412315468
3 8 2 3 -79.1397 0.7535492018748609
3 8 6 9 -78.67 0.4518638216531902
3 8 8 5 -82.5543 2.574836982024013
3 8 0 7 -73.97 0.4518638216531902
3 8 6 3 -81.6899 1.8543377546204012
3 8 4 2 -81.5773 2.341681953932289
3 8 7 0 -85.94 1.8306104706098087
3 8 7 4 -81.8153 1.8543377546204012
3 8 5 6 -74.1569 2.341681953932289
3 8 0 1 -84.5 1.8306104706098087
3 8 3 9 -66.58 0.4518638216531902
3 8 6 2 -83.0765 1.1200432714506303
3 8 8 3 -84.0868 2.02253412315468
3 9 9 8 -82.49 2.02253412315468
3 9 2 8 -60.8707 0.4518638216531902
3 9 7 7 -80.0132 1.5204824599919968
3 9 7 5 -81.7146 2.574836982024013
3 9 3 3 -81.0448 1.8543377546204012
3 9 8 9 -81.35 0.7535492018748609
3 9 9 9 -83.52 2.02253412315468
3 9 2 3 -81.1349 0.7535492018748609
3 9 6 9 -76.53 0.4518638216531902
3 9 8 5 -83.1877 2.574836982024013
3 9 0 7 -74.28 0.4518638216531902
3 9 6 3 -82.9417 1.8543377546204012
3 9 4 2 -83.1021 2.341681953932289
3 9 7 0 -86.87 1.8306104706098087
3 9 7 4 -82.794 1.8543377546204012
3 9 5 6 -76.0394 2.341681953932289
3 9 0 1 -85.6 1.8306104706098087
3 9 3 9 -64.87 0.4518638216531902
3 9 6 2 -84.2263 1.1200432714506303
3 9 8 3 -84.8791 2.02253412315468
4 0 9 8 -87.54 2.02253412315468
4 0 2 8 -85.7322 0.4518638216531902
4 0 7 7 -85.329 1.5204824599919968
4 0 7 5 -82.9078 2.574836982024013
4 0 3 3 -75.4614 1.8543377546204012
4 0 8 9 -87.76 0.7535492018748609
4 0 9 9 -87.54 2.02253412315468
4 0 2 3 -76.8171 0.7535492018748609
4 0 6 9 -86.67 0.4518638216531902
4 0 8 5 -83.9003 2.574836982024013
4 0 0 7 -85.25 0.4518638216531902
4 0 6 3 -78.2802 1.8543377546204012
4 0 4 2 -69.8844 2.341681953932289
4 0 7 0 -76.49 1.8306104706098087
4 0 7 4 -81.5406 1.8543377546204012
4 0 5 6 -82.974 2.341681953932289
4 0 0 1 -76.72 1.8306104706098087
4 0 3 9 -85.93 0.4518638216531902
4 0 6 2 -76.1215 1.1200432714506303
4 0 8 3 -81.7749 2.02253412315468
4 1 9 8 -86.57 2.02253412315468
4 1 2 8 -84.6361 0.4518638216531902
4 1 7 7 -84.2928 1.5204824599919968
4 1 7 5 -81.6729 2.574836982024013
4 1 3 3 -70.9655 1.8543377546204012
4 1 8 9 -86.88 0.7535492018748609
4 1 9 9 -86.88 2.02253412315468
4 1 2 3 -74.0921 0.7535492018748609
4 1 6 9 -85.71 0.4518638216531902
4 1 8 5 -82.9313 2.574836982024013
4 1 0 7 -84.24 0.4518638216531902
4 1 6 3 -76.3231 1.8543377546204012
4 1 4 2 -63.414100000000005 2.341681953932289
4 1 7 0 -76.53 1.8306104706098087
4 1 7 4 -80.2501 1.8543377546204012
4 1 5 6 -81.4429 2.341681953932289
4 1 0 1 -76.48 1.8306104706098087
4 1 3 9 -84.9 0.4518638216531902
4 1 6 2 -74.3736 1.1200432714506303
4 1 8 3 -80.9306 2.02253412315468
4 2 9 8 -85.56 2.02253412315468
4 2 2 8 -83.3735 0.4518638216531902
4 2 7 7 -83.1726 1.5204824599919968
4 2 7 5 -80.3955 2.574836982024013
4 2 3 3 -64.9002 1.8543377546204012
4 2 8 9 -85.94 0.7535492018748609
4 2 9 9 -86.55 2.02253412315468
4 2 2 3 -70.7761 0.7535492018748609
4 2 6 9 -84.64 0.4518638216531902
4 2 8 5 -81.9824 2.574836982024013
4 2 0 7 -82.97 0.4518638216531902
4 2 6 3 -74.5429 1.8543377546204012
4 2 4 2 -59.6699 2.341681953932289
4 2 7 0 -78.68 1.8306104706098087
4 2 7 4 -79.0015 1.8543377546204012
4 2 5 6 -79.6144 2.341681953932289
4 2 0 1 -76.54 1.8306104706098087
4 2 3 9 -83.74 0.4518638216531902
4 2 6 2 -73.4532 1.1200432714506303
4 2 8 3 -80.299 2.02253412315468
4 3 9 8 -84.58 2.02253412315468
4 3 2 8 -81.9261 0.4518638216531902
4 3 7 7 -81.956 1.5204824599919968
4 3 7 5 -79.1314 2.574836982024013
4 3 3 3 -60.251900000000006 1.8543377546204012
4 3 8 9 -84.91 0.7535492018748609
4 3 9 9 -85.56 2.02253412315468
4 3 2 3 -68.0814 0.7535492018748609
4 3 6 9 -83.4 0.4518638216531902
4 3 8 5 -81.0992 2.574836982024013
4 3 0 7 -82.65 0.4518638216531902
4 3 6 3 -73.5044 1.8543377546204012
4 3 4 2 -61.26349999999999 2.341681953932289
4 3 7 0 -79.12 1.8306104706098087
4 3 7 4 -77.9658 1.8543377546204012
4 3 5 6 -77.3545 2.341681953932289
4 3 0 1 -79.07 1.8306104706098087
4 3 3 9 -82.4 0.4518638216531902
4 3 6 2 -73.833 1.1200432714506303
4 3 8 3 -79.9731 2.02253412315468
4 4 9 8 -84.26 2.02253412315468
4 4 2 8 -80.2162 0.4518638216531902
4 4 7 7 -80.6827 1.5204824599919968
4 4 7 5 -78.0612 2.574836982024013
4 4 3 3 -61.622 1.8543377546204012
4 4 8 9 -83.76 0.7535492018748609
4 4 9 9 -84.56 2.02253412315468
4 4 2 3 -68.6606 0.7535492018748609
4 4 6 9 -81.96 0.4518638216531902
4 4 8 5 -80.4074 2.574836982024013
4 4 0 7 -80.98 0.4518638216531902
4 4 6 3 -73.7146 1.8543377546204012
4 4 4 2 -66.8407 2.341681953932289
4 4 7 0 -80.91 1.8306104706098087
4 4 7 4 -77.3499 1.8543377546204012
4 4 5 6 -74.5684 2.341681953932289
4 4 0 1 -79.1 1.8306104706098087
4 4 3 9 -80.81 0.4518638216531902
4 4 6 2 -75.2792 1.1200432714506303
4 4 8 3 -80.0411 2.02253412315468
4 5 9 8 -83.07 2.02253412315468
4 5 2 8 -78.153 0.4518638216531902
4 5 7 7 -79.4009 1.5204824599919968
4 5 7 5 -77.3845 2.574836982024013
4 5 3 3 -66.7029 1.8543377546204012
4 5 8 9 -83.38 0.7535492018748609
4 5 9 9 -84.24 2.02253412315468
4 5 2 3 -71.8816 0.7535492018748609
4 5 6 9 -80.26 0.4518638216531902
4 5 8 5 -80.0121 2.574836982024013
4 5 0 7 -79.16 0.4518638216531902
4 5 6 3 -75.0786 1.8543377546204012
4 5 4 2 -73.0795 2.341681953932289
4 5 7 0 -81.38 1.8306104706098087
4 5 7 4 -77.3814 1.8543377546204012
4 5 5 6 -70.8001 2.341681953932289
4 5 0 1 -81.38 1.8306104706098087
4 5 3 9 -78.86 0.4518638216531902
4 5 6 2 -77.1993 1.1200432714506303
4 5 8 3 -80.469 2.02253412315468
4 6 9 8 -82.81 2.02253412315468
4 6 2 8 -75.6981 0.4518638216531902
4 6 7 7 -78.2668 1.5204824599919968
4 6 7 5 -77.3408 2.574836982024013
4 6 3 3 -72.8118 1.8543377546204012
4 6 8 9 -82.04 0.7535492018748609
4 6 9 9 -83.05 2.02253412315468
4 6 2 3 -75.0236 0.7535492018748609
4 6 6 9 -79.78 0.4518638216531902
4 6 8 5 -79.991 2.574836982024013
4 6 0 7 -78.73 0.4518638216531902
4 6 6 3 -76.9711 1.8543377546204012
4 6 4 2 -76.6949 2.341681953932289
4 6 7 0 -78.74 1.8306104706098087
4 6 7 4 -78.038 1.8543377546204012
4 6 5 6 -66.7969 2.341681953932289
4 6 0 1 -82.75 1.8306104706098087
4 6 3 9 -76.34 0.4518638216531902
4 6 6 2 -79.0737 1.1200432714506303
4 6 8 3 -81.1838 2.02253412315468
4 7 9 8 -81.49 2.02253412315468
4 7 2 8 -72.634 0.4518638216531902
4 7 7 7 -77.485 1.5204824599919968
4 7 7 5 -77.9505 2.574836982024013
4 7 3 3 -76.4881 1.8543377546204012
4 7 8 9 -81.71 0.7535492018748609
4 7 9 9 -82.79 2.02253412315468
4 7 2 3 -77.6308 0.7535492018748609
4 7 6 9 -77.42 0.4518638216531902
4 7 8 5 -80.3439 2.574836982024013
4 7 0 7 -76.56 0.4518638216531902
4 7 6 3 -78.8941 1.8543377546204012
4 7 4 2 -79.276 2.341681953932289
4 7 7 0 -80.0 1.8306104706098087
4 7 7 4 -79.1172 1.8543377546204012
4 7 5 6 -66.0363 2.341681953932289
4 7 0 1 -82.9 1.8306104706098087
4 7 3 9 -72.77 0.4518638216531902
4 7 6 2 -80.7827 1.1200432714506303
4 7 8 3 -82.0683 2.02253412315468
4 8 9 8 -81.35 2.02253412315468
4 8 2 8 -69.0725 0.4518638216531902
4 8 7 7 -77.2916 1.5204824599919968
4 8 7 5 -78.9856 2.574836982024013
4 8 3 3 -79.0968 1.8543377546204012
4 8 8 9 -80.18 0.7535492018748609
4 8 9 9 -81.48 2.02253412315468
4 8 2 3 -79.7902 0.7535492018748609
4 8 6 9 -74.58 0.4518638216531902
4 8 8 5 -81.0097 2.574836982024013
4 8 0 7 -76.47 0.4518638216531902
4 8 6 3 -80.6175 1.8543377546204012
4 8 4 2 -81.2654 2.341681953932289
4 8 7 0 -85.25 1.8306104706098087
4 8 7 4 -80.3817 1.8543377546204012
4 8 5 6 -69.2243 2.341681953932289
4 8 0 1 -84.14 1.8306104706098087
4 8 3 9 -66.59 0.4518638216531902
4 8 6 2 -82.3003 1.1200432714506303
4 8 8 3 -83.0301 2.02253412315468
4 9 9 8 -81.33 2.02253412315468
4 9 2 8 -67.8351 0.4518638216531902
4 9 7 7 -77.7649 1.5204824599919968
4 9 7 5 -80.2447 2.574836982024013
4 9 3 3 -81.1084 1.8543377546204012
4 9 8 9 -80.02 0.7535492018748609
4 9 9 9 -81.35 2.02253412315468
4 9 2 3 -81.5507 0.7535492018748609
4 9 6 9 -74.07 0.4518638216531902
4 9 8 5 -81.8696 2.574836982024013
4 9 0 7 -76.67 0.4518638216531902
4 9 6 3 -82.1446 1.8543377546204012
4 9 4 2 -82.8784 2.341681953932289
4 9 7 0 -86.42 1.8306104706098087
4 9 7 4 -81.6646 1.8543377546204012
4 9 5 6 -73.5722 2.341681953932289
4 9 0 1 -85.53 1.8306104706098087
4 9 3 9 -64.91 0.4518638216531902
4 9 6 2 -83.6354 1.1200432714506303
4 9 8 3 -83.9989 2.02253412315468
5 0 9 8 -86.98 2.02253412315468
5 0 2 8 -86.0112 0.4518638216531902
5 0 7 7 -84.8611 1.5204824599919968
5 0 7 5 -82.0733 2.574836982024013
5 0 3 3 -76.6612 1.8543377546204012
5 0 8 9 -87.2 0.7535492018748609
5 0 9 9 -86.98 2.02253412315468
5 0 2 3 -78.4502 0.7535492018748609
5 0 6 9 -86.71 0.4518638216531902
5 0 8 5 -83.009 2.574836982024013
5 0 0 7 -85.0 0.4518638216531902
5 0 6 3 -76.6409 1.8543377546204012
5 0 4 2 -70.0421 2.341681953932289
5 0 7 0 -74.01 1.8306104706098087
5 0 7 4 -80.3749 1.8543377546204012
5 0 5 6 -82.721 2.341681953932289
5 0 0 1 -80.12 1.8306104706098087
5 0 3 9 -86.69 0.4518638216531902
5 0 6 2 -73.5092 1.1200432714506303
5 0 8 3 -80.2788 2.02253412315468
5 1 9 8 -86.0 2.02253412315468
5 1 2 8 -84.9721 0.4518638216531902
5 1 7 7 -83.6966 1.5204824599919968
5 1 7 5 -80.5563 2.574836982024013
5 1 3 3 -73.7417 1.8543377546204012
5 1 8 9 -86.3 0.7535492018748609
5 1 9 9 -86.25 2.02253412315468
5 1 2 3 -76.6629 0.7535492018748609
5 1 6 9 -85.77 0.4518638216531902
5 1 8 5 -81.8047 2.574836982024013
5 1 0 7 -84.83 0.4518638216531902
5 1 6 3 -73.8418 1.8543377546204012
5 1 4 2 -63.794 2.341681953932289
5 1 7 0 -74.07 1.8306104706098087
5 1 7 4 -78.6811 1.8543377546204012
5 1 5 6 -81.0799 2.341681953932289
5 1 0 1 -79.99 1.8306104706098087
5 1 3 9 -85.74 0.4518638216531902
5 1 6 2 -69.6328 1.1200432714506303
5 1 8 3 -79.0935 2.02253412315468
5 2 9 8 -84.88 2.02253412315468
5 2 2 8 -83.8277 0.4518638216531902
5 2 7 7 -82.3898 1.5204824599919968
5 2 7 5 -78.8785 2.574836982024013
5 2 3 3 -70.2061 1.8543377546204012
5 2 8 9 -85.3 0.7535492018748609
5 2 9 9 -86.0 2.02253412315468
5 2 2 3 -74.9424 0.7535492018748609
5 2 6 9 -84.7 0.4518638216531902
5 2 8 5 -80.5585 2.574836982024013
5 2 0 7 -84.83 0.4518638216531902
5 2 6 3 -70.0619 1.8543377546204012
5 2 4 2 -59.906800000000004 2.341681953932289
5 2 7 0 -74.54 1.8306104706098087
5 2 7 4 -76.821 1.8543377546204012
5 2 5 6 -79.0525 2.341681953932289
5 2 0 1 -80.03 1.8306104706098087
5 2 3 9 -84.67 0.4518638216531902
5 2 6 2 -66.8726 1.1200432714506303
5 2 8 3 -78.1359 2.02253412315468
5 3 9 8 -83.79 2.02253412315468
5 3 2 8 -82.5286 0.4518638216531902
5 3 7 7 -80.9106 1.5204824599919968
5 3 7 5 -77.0354 2.574836982024013
5 3 3 3 -66.9949 1.8543377546204012
5 3 8 9 -84.29 0.7535492018748609
5 3 9 9 -84.91 2.02253412315468
5 3 2 3 -73.9527 0.7535492018748609
5 3 6 9 -83.49 0.4518638216531902
5 3 8 5 -79.3401 2.574836982024013
5 3 0 7 -83.51 0.4518638216531902
5 3 6 3 -67.022 1.8543377546204012
5 3 4 2 -61.688500000000005 2.341681953932289
5 3 7 0 -77.66 1.8306104706098087
5 3 7 4 -75.0865 1.8543377546204012
5 3 5 6 -76.4192 2.341681953932289
5 3 0 1 -80.21 1.8306104706098087
5 3 3 9 -83.45 0.4518638216531902
5 3 6 2 -67.945 1.1200432714506303
5 3 8 3 -77.6324 2.02253412315468
5 4 9 8 -83.59 2.02253412315468
5 4 2 8 -81.0913 0.4518638216531902
5 4 7 7 -79.2604 1.5204824599919968
5 4 7 5 -75.2602 2.574836982024013
5 4 3 3 -67.6833 1.8543377546204012
5 4 8 9 -82.95 0.7535492018748609
5 4 9 9 -83.76 2.02253412315468
5 4 2 3 -74.1478 0.7535492018748609
5 4 6 9 -82.06 0.4518638216531902
5 4 8 5 -78.315 2.574836982024013
5 4 0 7 -82.1 0.4518638216531902
5 4 6 3 -67.6613 1.8543377546204012
5 4 4 2 -67.0875 2.341681953932289
5 4 7 0 -79.6 1.8306104706098087
5 4 7 4 -73.9984 1.8543377546204012
5 4 5 6 -72.6714 2.341681953932289
5 4 0 1 -80.52 1.8306104706098087
5 4 3 9 -81.96 0.4518638216531902
5 4 6 2 -71.8177 1.1200432714506303
5 4 8 3 -77.7323 2.02253412315468
5 5 9 8 -82.02 2.02253412315468
5 5 2 8 -79.4444 0.4518638216531902
5 5 7 7 -77.4555 1.5204824599919968
5 5 7 5 -74.0587 2.574836982024013
5 5 3 3 -71.3972 1.8543377546204012
5 5 8 9 -82.44 0.7535492018748609
5 5 9 9 -82.44 2.02253412315468
5 5 2 3 -75.4371 0.7535492018748609
5 5 6 9 -80.35 0.4518638216531902
5 5 8 5 -77.685 2.574836982024013
5 5 0 7 -80.55 0.4518638216531902
5 5 6 3 -71.3573 1.8543377546204012
5 5 4 2 -73.2278 2.341681953932289
5 5 7 0 -80.19 1.8306104706098087
5 5 7 4 -74.0501 1.8543377546204012
5 5 5 6 -66.3307 2.341681953932289
5 5 0 1 -82.02 1.8306104706098087
5 5 3 9 -80.26 0.4518638216531902
5 5 6 2 -75.1127 1.1200432714506303
5 5 8 3 -78.4025 2.02253412315468
5 6 9 8 -80.52 2.02253412315468
5 6 2 8 -77.657 0.4518638216531902
5 6 7 7 -75.6245 1.5204824599919968
5 6 7 5 -73.9803 2.574836982024013
5 6 3 3 -74.7684 1.8543377546204012
5 6 8 9 -80.9 0.7535492018748609
5 6 9 9 -82.02 2.02253412315468
5 6 2 3 -77.2315 0.7535492018748609
5 6 6 9 -78.18 0.4518638216531902
5 6 8 5 -77.6497 2.574836982024013
5 6 0 7 -80.23 0.4518638216531902
5 6 6 3 -74.7872 1.8543377546204012
5 6 4 2 -76.7468 2.341681953932289
5 6 7 0 -77.25 1.8306104706098087
5 6 7 4 -75.2425 1.8543377546204012
5 6 5 6 -61.2114 2.341681953932289
5 6 0 1 -83.62 1.8306104706098087
5 6 3 9 -75.81 0.4518638216531902
5 6 6 2 -77.7398 1.1200432714506303
5 6 8 3 -79.4492 2.02253412315468
5 7 9 8 -80.2 2.02253412315468
5 7 2 8 -75.9012 0.4518638216531902
5 7 7 7 -74.2509 1.5204824599919968
5 7 7 5 -75.0701 2.574836982024013
5 7 3 3 -77.4818 1.8543377546204012
5 7 8 9 -79.08 0.7535492018748609
5 7 9 9 -80.49 2.02253412315468
5 7 2 3 -79.0653 0.7535492018748609
5 7 6 9 -75.4 0.4518638216531902
5 7 8 5 -78.2116 2.574836982024013
5 7 0 7 -80.03 0.4518638216531902
5 7 6 3 -77.4809 1.8543377546204012
5 7 4 2 -79.305 2.341681953932289
5 7 7 0 -82.35 1.8306104706098087
5 7 7 4 -77.0193 1.8543377546204012
5 7 5 6 -60.2619 2.341681953932289
5 7 0 1 -83.79 1.8306104706098087
5 7 3 9 -75.05 0.4518638216531902
5 7 6 2 -79.9142 1.1200432714506303
5 7 8 3 -80.6849 2.02253412315468
5 8 9 8 -80.02 2.02253412315468
5 8 2 8 -74.3801 0.4518638216531902
5 8 7 7 -73.8954 1.5204824599919968
5 8 7 5 -76.8035 2.574836982024013
5 8 3 3 -79.7064 1.8543377546204012
5 8 8 9 -78.68 0.7535492018748609
5 8 9 9 -80.18 2.02253412315468
5 8 2 3 -80.7291 0.7535492018748609
5 8 6 9 -71.83 0.4518638216531902
5 8 8 5 -79.2 2.574836982024013
5 8 0 7 -79.99 0.4518638216531902
5 8 6 3 -79.6979 1.8543377546204012
5 8 4 2 -81.2825 2.341681953932289
5 8 7 0 -84.57 1.8306104706098087
5 8 7 4 -78.8543 1.8543377546204012
5 8 5 6 -64.4258 2.341681953932289
5 8 0 1 -84.93 1.8306104706098087
5 8 3 9 -71.51 0.4518638216531902
5 8 6 2 -81.6854 1.1200432714506303
5 8 8 3 -81.9323 2.02253412315468
5 9 9 8 -79.99 2.02253412315468
5 9 2 8 -73.8911 0.4518638216531902
5 9 7 7 -74.7416 1.5204824599919968
5 9 7 5 -78.6622 2.574836982024013
5 9 3 3 -81.5081 1.8543377546204012
5 9 8 9 -78.45 0.7535492018748609
5 9 9 9 -80.02 2.02253412315468
5 9 2 3 -82.2273 0.7535492018748609
5 9 6 9 -64.88 0.4518638216531902
5 9 8 5 -80.3963 2.574836982024013
5 9 0 7 -80.1 0.4518638216531902
5 9 6 3 -81.5026 1.8543377546204012
5 9 4 2 -82.8937 2.341681953932289
5 9 7 0 -85.66 1.8306104706098087
5 9 7 4 -80.5457 1.8543377546204012
5 9 5 6 -70.775 2.341681953932289
5 9 0 1 -86.04 1.8306104706098087
5 9 3 9 -70.64 0.4518638216531902
5 9 6 2 -83.1739 1.1200432714506303
5 9 8 3 -83.1281 2.02253412315468
6 0 9 8 -86.34 2.02253412315468
6 0 2 8 -86.3811 0.4518638216531902
6 0 7 7 -84.4932 1.5204824599919968
6 0 7 5 -81.3815 2.574836982024013
6 0 3 3 -78.3612 1.8543377546204012
6 0 8 9 -86.65 0.7535492018748609
6 0 9 9 -87.25 2.02253412315468
6 0 2 3 -80.1099 0.7535492018748609
6 0 6 9 -85.93 0.4518638216531902
6 0 8 5 -82.1557 2.574836982024013
6 0 0 7 -86.6 0.4518638216531902
6 0 6 3 -75.442 1.8543377546204012
6 0 4 2 -72.9486 2.341681953932289
6 0 7 0 -70.53 1.8306104706098087
6 0 7 4 -79.3477 1.8543377546204012
6 0 5 6 -82.7069 2.341681953932289
6 0 0 1 -81.42 1.8306104706098087
6 0 3 9 -86.64 0.4518638216531902
6 0 6 2 -70.3273 1.1200432714506303
6 0 8 3 -78.6723 2.02253412315468
6 1 9 8 -85.33 2.02253412315468
6 1 2 8 -85.4453 0.4518638216531902
6 1 7 7 -83.2175 1.5204824599919968
6 1 7 5 -79.5743 2.574836982024013
6 1 3 3 -76.2988 1.8543377546204012
6 1 8 9 -85.71 0.7535492018748609
6 1 9 9 -86.34 2.02253412315468
6 1 2 3 -78.8704 0.7535492018748609
6 1 6 9 -84.91 0.4518638216531902
6 1 8 5 -80.6777 2.574836982024013
6 1 0 7 -85.66 0.4518638216531902
6 1 6 3 -71.0494 1.8543377546204012
6 1 4 2 -68.2338 2.341681953932289
6 1 7 0 -70.62 1.8306104706098087
6 1 7 4 -77.0995 1.8543377546204012
6 1 5 6 -81.063 2.341681953932289
6 1 0 1 -81.33 1.8306104706098087
6 1 3 9 -85.68 0.4518638216531902
6 1 6 2 -64.0047 1.1200432714506303
6 1 8 3 -76.8926 2.02253412315468
6 2 9 8 -84.12 2.02253412315468
6 2 2 8 -84.4916 0.4518638216531902
6 2 7 7 -81.7434 1.5204824599919968
6 2 7 5 -77.3848 2.574836982024013
6 2 3 3 -74.5594 1.8543377546204012
6 2 8 9 -84.63 0.7535492018748609
6 2 9 9 -85.3 2.02253412315468
6 2 2 3 -77.8666 0.7535492018748609
6 2 6 9 -83.75 0.4518638216531902
6 2 8 5 -79.0316 2.574836982024013
6 2 0 7 -85.5 0.4518638216531902
6 2 6 3 -64.7491 1.8543377546204012
6 2 4 2 -65.9884 2.341681953932289
6 2 7 0 -71.48 1.8306104706098087
6 2 7 4 -74.4367 1.8543377546204012
6 2 5 6 -79.0216 2.341681953932289
6 2 0 1 -81.36 1.8306104706098087
6 2 3 9 -84.6 0.4518638216531902
6 2 6 2 -60.4162 1.1200432714506303
6 2 8 3 -75.2846 2.02253412315468
6 3 9 8 -82.93 2.02253412315468
6 3 2 8 -83.3085 0.4518638216531902
6 3 7 7 -80.0112 1.5204824599919968
6 3 7 5 -74.7356 2.574836982024013
6 3 3 3 -73.5148 1.8543377546204012
6 3 8 9 -83.4 0.7535492018748609
6 3 9 9 -84.18 2.02253412315468
6 3 2 3 -77.3276 0.7535492018748609
6 3 6 9 -82.41 0.4518638216531902
6 3 8 5 -77.2745 2.574836982024013
6 3 0 7 -84.29 0.4518638216531902
6 3 6 3 -60.421499999999995 1.8543377546204012
6 3 4 2 -67.0723 2.341681953932289
6 3 7 0 -75.67 1.8306104706098087
6 3 7 4 -71.1718 1.8543377546204012
6 3 5 6 -76.3649 2.341681953932289
6 3 0 1 -81.5 1.8306104706098087
6 3 3 9 -83.35 0.4518638216531902
6 3 6 2 -62.094899999999996 1.1200432714506303
6 3 8 3 -74.3592 2.02253412315468
6 4 9 8 -82.71 2.02253412315468
6 4 2 8 -82.108 0.4518638216531902
6 4 7 7 -77.9012 1.5204824599919968
6 4 7 5 -71.5756 2.574836982024013
6 4 3 3 -73.7271 1.8543377546204012
6 4 8 9 -81.96 0.7535492018748609
6 4 9 9 -82.9 2.02253412315468
6 4 2 3 -77.4394 0.7535492018748609
6 4 6 9 -80.82 0.4518638216531902
6 4 8 5 -75.6 2.574836982024013
6 4 0 7 -83.1 0.4518638216531902
6 4 6 3 -61.624300000000005 1.8543377546204012
6 4 4 2 -71.314 2.341681953932289
6 4 7 0 -78.07 1.8306104706098087
6 4 7 4 -68.1893 1.8543377546204012
6 4 5 6 -72.516 2.341681953932289
6 4 0 1 -83.07 1.8306104706098087
6 4 3 9 -81.88 0.4518638216531902
6 4 6 2 -67.3807 1.1200432714506303
6 4 8 3 -74.5343 2.02253412315468
6 5 9 8 -80.94 2.02253412315468
6 5 2 8 -80.8312 0.4518638216531902
6 5 7 7 -75.3371 1.5204824599919968
6 5 7 5 -68.3877 2.574836982024013
6 5 3 3 -75.0803 1.8543377546204012
6 5 8 9 -81.53 0.7535492018748609
6 5 9 9 -81.37 2.02253412315468
6 5 2 3 -78.1537 0.7535492018748609
6 5 6 9 -78.87 0.4518638216531902
6 5 8 5 -74.4677 2.574836982024013
6 5 0 7 -82.83 0.4518638216531902
6 5 6 3 -66.6812 1.8543377546204012
6 5 4 2 -74.9378 2.341681953932289
6 5 7 0 -80.19 1.8306104706098087
6 5 7 4 -68.366 1.8543377546204012
6 5 5 6 -66.1388 2.341681953932289
6 5 0 1 -83.09 1.8306104706098087
6 5 3 9 -80.09 0.4518638216531902
6 5 6 2 -73.3174 1.1200432714506303
6 5 8 3 -75.7401 2.02253412315468
6 6 9 8 -79.12 2.02253412315468
6 6 2 8 -79.5542 0.4518638216531902
6 6 7 7 -72.3348 1.5204824599919968
6 6 7 5 -68.1451 2.574836982024013
6 6 3 3 -76.9866 1.8543377546204012
6 6 8 9 -79.79 0.7535492018748609
6 6 9 9 -80.9 2.02253412315468
6 6 2 3 -79.2572 0.7535492018748609
6 6 6 9 -76.37 0.4518638216531902
6 6 8 5 -74.3944 2.574836982024013
6 6 0 7 -81.51 0.4518638216531902
6 6 6 3 -72.815 1.8543377546204012
6 6 4 2 -77.6284 2.341681953932289
6 6 7 0 -81.96 1.8306104706098087
6 6 7 4 -71.4653 1.8543377546204012
6 6 5 6 -60.903000000000006 2.341681953932289
6 6 0 1 -84.57 1.8306104706098087
6 6 3 9 -78.15 0.4518638216531902
6 6 6 2 -76.8112 1.1200432714506303
6 6 8 3 -77.4564 2.02253412315468
6 7 9 8 -78.7 2.02253412315468
6 7 2 8 -78.3796 0.4518638216531902
6 7 7 7 -68.9506 1.5204824599919968
6 7 7 5 -71.0861 2.574836982024013
6 7 3 3 -78.8939 1.8543377546204012
6 7 8 9 -77.42 0.7535492018748609
6 7 9 9 -79.08 2.02253412315468
6 7 2 3 -80.5368 0.7535492018748609
6 7 6 9 -72.82 0.4518638216531902
6 7 8 5 -75.4125 2.574836982024013
6 7 0 7 -81.36 0.4518638216531902
6 7 6 3 -76.4823 1.8543377546204012
6 7 4 2 -79.8295 2.341681953932289
6 7 7 0 -83.41 1.8306104706098087
6 7 7 4 -74.7826 1.8543377546204012
6 7 5 6 -59.7804 2.341681953932289
6 7 0 1 -84.6 1.8306104706098087
6 7 3 9 -77.43 0.4518638216531902
6 7 6 2 -79.3437 1.1200432714506303
6 7 8 3 -79.2198 2.02253412315468
6 8 9 8 -76.54 2.02253412315468
6 8 2 8 -77.5658 0.4518638216531902
6 8 7 7 -67.862 1.5204824599919968
6 8 7 5 -74.4749 2.574836982024013
6 8 3 3 -80.6334 1.8543377546204012
6 8 8 9 -76.86 0.7535492018748609
6 8 9 9 -78.68 2.02253412315468
6 8 2 3 -81.8113 0.7535492018748609
6 8 6 9 -66.75 0.4518638216531902
6 8 8 5 -77.0711 2.574836982024013
6 8 0 7 -81.33 0.4518638216531902
6 8 6 3 -79.0939 1.8543377546204012
6 8 4 2 -81.6243 2.341681953932289
6 8 7 0 -84.64 1.8306104706098087
6 8 7 4 -77.3549 1.8543377546204012
6 8 5 6 -64.2713 2.341681953932289
6 8 0 1 -85.61 1.8306104706098087
6 8 3 9 -74.59 0.4518638216531902
6 8 6 2 -81.305 1.1200432714506303
6 8 8 3 -80.8471 2.02253412315468
6 9 9 8 -76.48 2.02253412315468
6 9 2 8 -77.2976 0.4518638216531902
6 9 7 7 -70.3466 1.5204824599919968
6 9 7 5 -77.0897 2.574836982024013
6 9 3 3 -82.1554 1.8543377546204012
6 9 8 9 -74.07 0.7535492018748609
6 9 9 9 -76.53 2.02253412315468
6 9 2 3 -83.0392 0.7535492018748609
6 9 6 9 -64.88 0.4518638216531902
6 9 8 5 -78.831 2.574836982024013
6 9 0 7 -81.41 0.4518638216531902
6 9 6 3 -81.1083 1.8543377546204012
6 9 4 2 -83.1386 2.341681953932289
6 9 7 0 -85.83 1.8306104706098087
6 9 7 4 -79.562 1.8543377546204012
6 9 5 6 -70.558 2.341681953932289
6 9 0 1 -86.67 1.8306104706098087
6 9 3 9 -74.07 0.4518638216531902
6 9 6 2 -82.9112 1.1200432714506303
6 9 8 3 -82.3104 2.02253412315468
7 0 9 8 -85.6 2.02253412315468
7 0 2 8 -86.8202 0.4518638216531902
7 0 7 7 -84.2796 1.5204824599919968
7 0 7 5 -80.9275 2.574836982024013
7 0 3 3 -79.9363 1.8543377546204012
7 0 8 9 -86.7 0.7535492018748609
7 0 9 9 -86.58 2.02253412315468
7 0 2 3 -81.6145 0.7535492018748609
7 0 6 9 -85.94 0.4518638216531902
7 0 8 5 -81.4473 2.574836982024013
7 0 0 7 -87.18 0.4518638216531902
7 0 6 3 -75.2353 1.8543377546204012
7 0 4 2 -75.8817 2.341681953932289
7 0 7 0 -64.63 1.8306104706098087
7 0 7 4 -78.6216 1.8543377546204012
7 0 5 6 -82.9411 2.341681953932289
7 0 0 1 -83.57 1.8306104706098087
7 0 3 9 -87.16 0.4518638216531902
7 0 6 2 -69.681 1.1200432714506303
7 0 8 3 -76.9866 2.02253412315468
7 1 9 8 -84.5 2.02253412315468
7 1 2 8 -85.9773 0.4518638216531902
7 1 7 7 -82.9258 1.5204824599919968
7 1 7 5 -78.8842 2.574836982024013
7 1 3 3 -78.6414 1.8543377546204012
7 1 8 9 -85.75 0.7535492018748609
7 1 9 9 -85.6 2.02253412315468
7 1 2 3 -80.7463 0.7535492018748609
7 1 6 9 -84.91 0.4518638216531902
7 1 8 5 -79.6616 2.574836982024013
7 1 0 7 -86.31 0.4518638216531902
7 1 6 3 -70.401 1.8543377546204012
7 1 4 2 -73.9944 2.341681953932289
7 1 7 0 -64.81 1.8306104706098087
7 1 7 4 -75.891 1.8543377546204012
7 1 5 6 -81.3945 2.341681953932289
7 1 0 1 -83.51 1.8306104706098087
7 1 3 9 -86.23 0.4518638216531902
7 1 6 2 -63.30629999999999 1.1200432714506303
7 1 8 3 -74.4334 2.02253412315468
7 2 9 8 -83.22 2.02253412315468
7 2 2 8 -84.8703 0.4518638216531902
7 2 7 7 -81.3274 1.5204824599919968
7 2 7 5 -76.2252 2.574836982024013
7 2 3 3 -77.5827 1.8543377546204012
7 2 8 9 -84.68 0.7535492018748609
7 2 9 9 -84.5 2.02253412315468
7 2 2 3 -80.0861 0.7535492018748609
7 2 6 9 -83.75 0.4518638216531902
7 2 8 5 -77.5355 2.574836982024013
7 2 0 7 -86.11 0.4518638216531902
7 2 6 3 -63.92829999999999 1.8543377546204012
7 2 4 2 -72.9821 2.341681953932289
7 2 7 0 -66.41 1.8306104706098087
7 2 7 4 -71.8882 1.8543377546204012
7 2 5 6 -79.5344 2.341681953932289
7 2 0 1 -83.53 1.8306104706098087
7 2 3 9 -85.3 0.4518638216531902
7 2 6 2 -59.1392 1.1200432714506303
7 2 8 3 -71.4027 2.02253412315468
7 3 9 8 -83.22 2.02253412315468
7 3 2 8 -84.1244 0.4518638216531902
7 3 7 7 -79.3869 1.5204824599919968
7 3 7 5 -72.4758 2.574836982024013
7 3 3 3 -77.0164 1.8543377546204012
7 3 8 9 -83.46 0.7535492018748609
7 3 9 9 -83.22 2.02253412315468
7 3 2 3 -79.7499 0.7535492018748609
7 3 6 9 -82.41 0.4518638216531902
7 3 8 5 -74.9962 2.574836982024013
7 3 0 7 -85.08 0.4518638216531902
7 3 6 3 -59.758399999999995 1.8543377546204012
7 3 4 2 -73.3985 2.341681953932289
7 3 7 0 -72.67 1.8306104706098087
7 3 7 4 -65.6913 1.8543377546204012
7 3 5 6 -77.2031 2.341681953932289
7 3 0 1 -83.62 1.8306104706098087
7 3 3 9 -84.27 0.4518638216531902
7 3 6 2 -61.213899999999995 1.1200432714506303
7 3 8 3 -68.9286 2.02253412315468
7 4 9 8 -81.7 2.02253412315468
7 4 2 8 -83.1417 0.4518638216531902
7 4 7 7 -76.8801 1.5204824599919968
7 4 7 5 -66.3408 2.574836982024013
7 4 3 3 -77.1311 1.8543377546204012
7 4 8 9 -82.03 0.7535492018748609
7 4 9 9 -81.7 2.02253412315468
7 4 2 3 -79.8156 0.7535492018748609
7 4 6 9 -80.83 0.4518638216531902
7 4 8 5 -72.1095 2.574836982024013
7 4 0 7 -84.93 0.4518638216531902
7 4 6 3 -60.889300000000006 1.8543377546204012
7 4 4 2 -74.9571 2.341681953932289
7 4 7 0 -76.27 1.8306104706098087
7 4 7 4 -61.3275 1.8543377546204012
7 4 5 6 -74.0491 2.341681953932289
7 4 0 1 -83.78 1.8306104706098087
7 4 3 9 -83.76 0.4518638216531902
7 4 6 2 -66.6143 1.1200432714506303
7 4 8 3 -69.4961 2.02253412315468
7 5 9 8 -79.79 2.02253412315468
7 5 2 8 -82.1508 0.4518638216531902
7 5 7 7 -73.514 1.5204824599919968
7 5 7 5 -61.619600000000005 2.574836982024013
7 5 3 3 -77.8829 1.8543377546204012
7 5 8 9 -80.29 0.7535492018748609
7 5 9 9 -80.29 2.02253412315468
7 5 2 3 -80.2678 0.7535492018748609
7 5 6 9 -78.89 0.4518638216531902
7 5 8 5 -69.28 2.574836982024013
7 5 0 7 -83.79 0.4518638216531902
7 5 6 3 -65.8879 1.8543377546204012
7 5 4 2 -76.986 2.341681953932289
7 5 7 0 -78.83 1.8306104706098087
7 5 7 4 -61.6301 1.8543377546204012
7 5 5 6 -69.7569 2.341681953932289
7 5 0 1 -85.02 1.8306104706098087
7 5 3 9 -82.52 0.4518638216531902
7 5 6 2 -73.0116 1.1200432714506303
7 5 8 3 -72.3651 2.02253412315468
7 6 9 8 -77.4 2.02253412315468
7 6 2 8 -81.2153 0.4518638216531902
7 6 7 7 -67.8069 1.5204824599919968
7 6 7 5 -61.447900000000004 2.574836982024013
7 6 3 3 -79.0485 1.8543377546204012
7 6 8 9 -78.15 0.7535492018748609
7 6 9 9 -77.85 2.02253412315468
7 6 2 3 -81.0141 0.7535492018748609
7 6 6 9 -76.39 0.4518638216531902
7 6 8 5 -69.0634 2.574836982024013
7 6 0 7 -83.62 0.4518638216531902
7 6 6 3 -72.4343 1.8543377546204012
7 6 4 2 -78.9394 2.341681953932289
7 6 7 0 -80.78 1.8306104706098087
7 6 7 4 -66.3217 1.8543377546204012
7 6 5 6 -66.0129 2.341681953932289
7 6 0 1 -85.07 1.8306104706098087
7 6 3 9 -80.91 0.4518638216531902
7 6 6 2 -76.6561 1.1200432714506303
7 6 8 3 -75.2535 2.02253412315468
7 7 9 8 -74.63 2.02253412315468
7 7 2 8 -80.4237 0.4518638216531902
7 7 7 7 -62.380300000000005 1.5204824599919968
7 7 7 5 -65.6249 2.574836982024013
7 7 3 3 -80.3618 1.8543377546204012
7 7 8 9 -75.4 0.7535492018748609
7 7 9 9 -77.4 2.02253412315468
7 7 2 3 -81.9315 0.7535492018748609
7 7 6 9 -72.87 0.4518638216531902
7 7 8 5 -71.651 2.574836982024013
7 7 0 7 -83.53 0.4518638216531902
7 7 6 3 -76.331 1.8543377546204012
7 7 4 2 -80.6833 2.341681953932289
7 7 7 0 -82.37 1.8306104706098087
7 7 7 4 -72.4711 1.8543377546204012
7 7 5 6 -65.1545 2.341681953932289
7 7 0 1 -86.22 1.8306104706098087
7 7 3 9 -79.09 0.4518638216531902
7 7 6 2 -79.2547 1.1200432714506303
7 7 8 3 -77.7666 2.02253412315468
7 8 9 8 -74.1 2.02253412315468
7 8 2 8 -79.8968 0.4518638216531902
7 8 7 7 -60.9577 1.5204824599919968
7 8 7 5 -71.8742 2.574836982024013
7 8 3 3 -81.6881 1.8543377546204012
7 8 8 9 -71.5 0.7535492018748609
7 8 9 9 -74.58 2.02253412315468
7 8 2 3 -82.9587 0.7535492018748609
7 8 6 9 -66.58 0.4518638216531902
7 8 8 5 -74.6678 2.574836982024013
7 8 0 7 -82.49 0.4518638216531902
7 8 6 3 -79.0091 1.8543377546204012
7 8 4 2 -82.2305 2.341681953932289
7 8 7 0 -83.72 1.8306104706098087
7 8 7 4 -76.2383 1.8543377546204012
7 8 5 6 -68.5303 2.341681953932289
7 8 0 1 -86.31 1.8306104706098087
7 8 3 9 -78.68 0.4518638216531902
7 8 6 2 -81.249 1.1200432714506303
7 8 8 3 -79.8804 2.02253412315468
7 9 9 8 -73.99 2.02253412315468
7 9 2 8 -79.7269 0.4518638216531902
7 9 7 7 -64.4278 1.5204824599919968
7 9 7 5 -75.9066 2.574836982024013
7 9 3 3 -82.9441 1.8543377546204012
7 9 8 9 -70.65 0.7535492018748609
7 9 9 9 -74.07 2.02253412315468
7 9 2 3 -83.901 0.7535492018748609
7 9 6 9 -64.56 0.4518638216531902
7 9 8 5 -77.2295 2.574836982024013
7 9 0 7 -83.57 0.4518638216531902
7 9 6 3 -81.0481 1.8543377546204012
7 9 4 2 -83.5734 2.341681953932289
7 9 7 0 -84.89 1.8306104706098087
7 9 7 4 -78.891 1.8543377546204012
7 9 5 6 -73.1662 2.341681953932289
7 9 0 1 -86.55 1.8306104706098087
7 9 3 9 -76.53 0.4518638216531902
7 9 6 2 -82.8744 1.1200432714506303
7 9 8 3 -81.6284 2.02253412315468
8 0 9 8 -85.8 2.02253412315468
8 0 2 8 -87.421 0.4518638216531902
8 0 7 7 -84.2302 1.5204824599919968
8 0 7 5 -80.8227 2.574836982024013
8 0 3 3 -81.4567 1.8543377546204012
8 0 8 9 -85.93 0.7535492018748609
8 0 9 9 -86.74 2.02253412315468
8 0 2 3 -82.9659 0.7535492018748609
8 0 6 9 -86.76 0.4518638216531902
8 0 8 5 -80.9647 2.574836982024013
8 0 0 7 -87.73 0.4518638216531902
8 0 6 3 -76.1576 1.8543377546204012
8 0 4 2 -78.2591 2.341681953932289
8 0 7 0 -64.6 1.8306104706098087
8 0 7 4 -78.4454 1.8543377546204012
8 0 5 6 -83.3834 2.341681953932289
8 0 0 1 -84.47 1.8306104706098087
8 0 3 9 -87.08 0.4518638216531902
8 0 6 2 -72.3588 1.1200432714506303
8 0 8 3 -75.656 2.02253412315468
8 1 9 8 -84.74 2.02253412315468
8 1 2 8 -86.571 0.4518638216531902
8 1 7 7 -82.8605 1.5204824599919968
8 1 7 5 -78.716 2.574836982024013
8 1 3 3 -80.5538 1.8543377546204012
8 1 8 9 -84.9 0.7535492018748609
8 1 9 9 -85.8 2.02253412315468
8 1 2 3 -82.3373 0.7535492018748609
8 1 6 9 -85.82 0.4518638216531902
8 1 8 5 -78.9322 2.574836982024013
8 1 0 7 -86.92 0.4518638216531902
8 1 6 3 -72.8116 1.8543377546204012
8 1 4 2 -77.1781 2.341681953932289
8 1 7 0 -64.76 1.8306104706098087
8 1 7 4 -75.5824 1.8543377546204012
8 1 5 6 -81.9941 2.341681953932289
8 1 0 1 -84.43 1.8306104706098087
8 1 3 9 -86.3 0.4518638216531902
8 1 6 2 -67.7643 1.1200432714506303
8 1 8 3 -71.5812 2.02253412315468
8 2 9 8 -83.54 2.02253412315468
8 2 2 8 -85.7749 0.4518638216531902
8 2 7 7 -81.2327 1.5204824599919968
8 2 7 5 -75.9471 2.574836982024013
8 2 3 3 -79.8639 1.8543377546204012
8 2 8 9 -83.74 0.7535492018748609
8 2 9 9 -84.74 2.02253412315468
8 2 2 3 -81.8702 0.7535492018748609
8 2 6 9 -83.69 0.4518638216531902
8 2 8 5 -76.3157 2.574836982024013
8 2 0 7 -86.69 0.4518638216531902
8 2 6 3 -68.2772 1.8543377546204012
8 2 4 2 -76.652 2.341681953932289
8 2 7 0 -66.81 1.8306104706098087
8 2 7 4 -71.0242 1.8543377546204012
8 2 5 6 -80.4013 2.341681953932289
8 2 0 1 -84.44 1.8306104706098087
8 2 3 9 -85.3 0.4518638216531902
8 2 6 2 -64.0441 1.1200432714506303
8 2 8 3 -65.5223 2.02253412315468
8 3 9 8 -82.13 2.02253412315468
8 3 2 8 -84.9682 0.4518638216531902
8 3 7 7 -79.2321 1.5204824599919968
8 3 7 5 -71.7098 2.574836982024013
8 3 3 3 -79.5125 1.8543377546204012
8 3 8 9 -82.4 0.7535492018748609
8 3 9 9 -83.54 2.02253412315468
8 3 2 3 -81.6493 0.7535492018748609
8 3 6 9 -82.34 0.4518638216531902
8 3 8 5 -72.6608 2.574836982024013
8 3 0 7 -85.81 0.4518638216531902
8 3 6 3 -64.3508 1.8543377546204012
8 3 4 2 -76.8697 2.341681953932289
8 3 7 0 -72.85 1.8306104706098087
8 3 7 4 -64.4067 1.8543377546204012
8 3 5 6 -78.5698 2.341681953932289
8 3 0 1 -84.52 1.8306104706098087
8 3 3 9 -84.92 0.4518638216531902
8 3 6 2 -65.4126 1.1200432714506303
8 3 8 3 -62.34739999999999 2.02253412315468
8 4 9 8 -80.44 2.02253412315468
8 4 2 8 -84.1658 0.4518638216531902
8 4 7 7 -76.6311 1.5204824599919968
8 4 7 5 -65.0857 2.574836982024013
8 4 3 3 -79.5782 1.8543377546204012
8 4 8 9 -80.81 0.7535492018748609
8 4 9 9 -80.44 2.02253412315468
8 4 2 3 -81.6912 0.7535492018748609
8 4 6 9 -80.72 0.4518638216531902
8 4 8 5 -66.8479 2.574836982024013
8 4 0 7 -85.6 0.4518638216531902
8 4 6 3 -65.0158 1.8543377546204012
8 4 4 2 -77.7457 2.341681953932289
8 4 7 0 -76.38 1.8306104706098087
8 4 7 4 -60.1113 1.8543377546204012
8 4 5 6 -76.5507 2.341681953932289
8 4 0 1 -84.65 1.8306104706098087
8 4 3 9 -84.57 0.4518638216531902
8 4 6 2 -70.1626 1.1200432714506303
8 4 8 3 -62.9855 2.02253412315468
8 5 9 8 -78.32 2.02253412315468
8 5 2 8 -83.3804 0.4518638216531902
8 5 7 7 -72.9148 1.5204824599919968
8 5 7 5 -60.310199999999995 2.574836982024013
8 5 3 3 -80.0545 1.8543377546204012
8 5 8 9 -78.86 0.7535492018748609
8 5 9 9 -80.44 2.02253412315468
8 5 2 3 -82.0014 0.7535492018748609
8 5 6 9 -78.74 0.4518638216531902
8 5 8 5 -62.474999999999994 2.574836982024013
8 5 0 7 -84.65 0.4518638216531902
8 5 6 3 -69.5513 1.8543377546204012
8 5 4 2 -78.9902 2.341681953932289
8 5 7 0 -78.88 1.8306104706098087
8 5 7 4 -61.05929999999999 1.8543377546204012
8 5 5 6 -74.402 2.341681953932289
8 5 0 1 -85.61 1.8306104706098087
8 5 3 9 -82.44 0.4518638216531902
8 5 6 2 -74.522 1.1200432714506303
8 5 8 3 -67.3671 2.02253412315468
8 6 9 8 -75.47 2.02253412315468
8 6 2 8 -82.6758 0.4518638216531902
8 6 7 7 -66.4694 1.5204824599919968
8 6 7 5 -60.631 2.574836982024013
8 6 3 3 -80.8347 1.8543377546204012
8 6 8 9 -76.35 0.7535492018748609
8 6 9 9 -78.32 2.02253412315468
8 6 2 3 -82.5278 0.7535492018748609
8 6 6 9 -76.15 0.4518638216531902
8 6 8 5 -62.272400000000005 2.574836982024013
8 6 0 7 -84.52 0.4518638216531902
8 6 6 3 -74.0804 1.8543377546204012
8 6 4 2 -80.3546 2.341681953932289
8 6 7 0 -80.82 1.8306104706098087
8 6 7 4 -65.1042 1.8543377546204012
8 6 5 6 -72.8047 2.341681953932289
8 6 0 1 -85.81 1.8306104706098087
8 6 3 9 -82.04 0.4518638216531902
8 6 6 2 -77.3817 1.1200432714506303
8 6 8 3 -73.1609 2.02253412315468
8 7 9 8 -71.58 2.02253412315468
8 7 2 8 -82.1066 0.4518638216531902
8 7 7 7 -61.24679999999999 1.5204824599919968
8 7 7 5 -64.4528 2.574836982024013
8 7 3 3 -81.7747 1.8543377546204012
8 7 8 9 -72.79 0.7535492018748609
8 7 9 9 -75.46 2.02253412315468
8 7 2 3 -83.2098 0.7535492018748609
8 7 6 9 -75.63 0.4518638216531902
8 7 8 5 -66.149 2.574836982024013
8 7 0 7 -84.44 0.4518638216531902
8 7 6 3 -77.0922 1.8543377546204012
8 7 4 2 -81.7171 2.341681953932289
8 7 7 0 -82.41 1.8306104706098087
8 7 7 4 -71.7382 1.8543377546204012
8 7 5 6 -72.5502 2.341681953932289
8 7 0 1 -86.91 1.8306104706098087
8 7 3 9 -80.5 0.4518638216531902
8 7 6 2 -79.6788 1.1200432714506303
8 7 8 3 -76.6412 2.02253412315468
8 8 9 8 -71.1 2.02253412315468
8 8 2 8 -81.7382 0.4518638216531902
8 8 7 7 -60.089 1.5204824599919968
8 8 7 5 -71.0795 2.574836982024013
8 8 3 3 -82.7933 1.8543377546204012
8 8 8 9 -66.67 0.7535492018748609
8 8 9 9 -71.5 2.02253412315468
8 8 2 3 -83.9766 0.7535492018748609
8 8 6 9 -66.58 0.4518638216531902
8 8 8 5 -72.1423 2.574836982024013
8 8 0 7 -84.43 0.4518638216531902
8 8 6 3 -79.4462 1.8543377546204012
8 8 4 2 -82.9859 2.341681953932289
8 8 7 0 -83.75 1.8306104706098087
8 8 7 4 -75.9539 1.8543377546204012
8 8 5 6 -73.8234 2.341681953932289
8 8 0 1 -86.92 1.8306104706098087
8 8 3 9 -80.19 0.4518638216531902
8 8 6 2 -81.5307 1.1200432714506303
8 8 8 3 -79.1872 2.02253412315468
8 9 9 8 -64.51 2.02253412315468
8 9 2 8 -81.6331 0.4518638216531902
8 9 7 7 -63.2551 1.5204824599919968
8 9 7 5 -75.5878 2.574836982024013
8 9 3 3 -83.8125 1.8543377546204012
8 9 8 9 -64.88 0.7535492018748609
8 9 9 9 -64.88 2.02253412315468
8 9 2 3 -84.7784 0.7535492018748609
8 9 6 9 -64.88 0.4518638216531902
8 9 8 5 -75.995 2.574836982024013
8 9 0 7 -84.47 0.4518638216531902
8 9 6 3 -81.3403 1.8543377546204012
8 9 4 2 -84.1505 2.341681953932289
8 9 7 0 -84.91 1.8306104706098087
8 9 7 4 -78.7226 1.8543377546204012
8 9 5 6 -75.7668 2.341681953932289
8 9 0 1 -87.73 1.8306104706098087
8 9 3 9 -80.02 0.4518638216531902
8 9 6 2 -83.0652 1.1200432714506303
8 9 8 3 -81.165 2.02253412315468
9 0 9 8 -85.91 2.02253412315468
9 0 2 8 -87.8054 0.4518638216531902
9 0 7 7 -84.354 1.5204824599919968
9 0 7 5 -81.0957 2.574836982024013
9 0 3 3 -82.8333 1.8543377546204012
9 0 8 9 -85.94 0.7535492018748609
9 0 9 9 -85.91 2.02253412315468
9 0 2 3 -84.1944 0.7535492018748609
9 0 6 9 -86.72 0.4518638216531902
9 0 8 5 -80.8154 2.574836982024013
9 0 0 7 -88.25 0.4518638216531902
9 0 6 3 -77.7187 1.8543377546204012
9 0 4 2 -80.2587 2.341681953932289
9 0 7 0 -64.66 1.8306104706098087
9 0 7 4 -78.8893 1.8543377546204012
9 0 5 6 -83.9672 2.341681953932289
9 0 0 1 -85.29 1.8306104706098087
9 0 3 9 -87.66 0.4518638216531902
9 0 6 2 -75.2481 1.1200432714506303
9 0 8 3 -75.1711 2.02253412315468
9 1 9 8 -84.88 2.02253412315468
9 1 2 8 -87.1638 0.4518638216531902
9 1 7 7 -83.0311 1.5204824599919968
9 1 7 5 -79.1424 2.574836982024013
9 1 3 3 -82.1733 1.8543377546204012
9 1 8 9 -84.91 0.7535492018748609
9 1 9 9 -84.88 2.02253412315468
9 1 2 3 -83.7148 0.7535492018748609
9 1 6 9 -85.78 0.4518638216531902
9 1 8 5 -78.7027 2.574836982024013
9 1 0 7 -88.1 0.4518638216531902
9 1 6 3 -75.4836 1.8543377546204012
9 1 4 2 -79.5686 2.341681953932289
9 1 7 0 -64.75 1.8306104706098087
9 1 7 4 -76.3366 1.8543377546204012
9 1 5 6 -82.757 2.341681953932289
9 1 0 1 -85.25 1.8306104706098087
9 1 3 9 -86.76 0.4518638216531902
9 1 6 2 -72.8665 1.1200432714506303
9 1 8 3 -70.2501 2.02253412315468
9 2 9 8 -83.71 2.02253412315468
9 2 2 8 -86.4766 0.4518638216531902
9 2 7 7 -81.4808 1.5204824599919968
9 2 7 5 -76.6428 2.574836982024013
9 2 3 3 -81.6896 1.8543377546204012
9 2 8 9 -83.75 0.7535492018748609
9 2 9 9 -83.71 2.02253412315468
9 2 2 3 -83.3729 0.7535492018748609
9 2 6 9 -84.72 0.4518638216531902
9 2 8 5 -75.9218 2.574836982024013
9 2 0 7 -87.29 0.4518638216531902
9 2 6 3 -73.4074 1.8543377546204012
9 2 4 2 -79.2505 2.341681953932289
9 2 7 0 -66.28 1.8306104706098087
9 2 7 4 -72.8743 1.8543377546204012
9 2 5 6 -81.4536 2.341681953932289
9 2 0 1 -85.27 1.8306104706098087
9 2 3 9 -86.56 0.4518638216531902
9 2 6 2 -71.9831 1.1200432714506303
9 2 8 3 -64.0783 2.02253412315468
9 3 9 8 -80.75 2.02253412315468
9 3 2 8 -85.7943 0.4518638216531902
9 3 7 7 -79.6195 1.5204824599919968
9 3 7 5 -72.9454 2.574836982024013
9 3 3 3 -81.4579 1.8543377546204012
9 3 8 9 -82.41 0.7535492018748609
9 3 9 9 -82.36 2.02253412315468
9 3 2 3 -83.2041 0.7535492018748609
9 3 6 9 -83.5 0.4518638216531902
9 3 8 5 -71.6935 2.574836982024013
9 3 0 7 -87.16 0.4518638216531902
9 3 6 3 -72.0269 1.8543377546204012
9 3 4 2 -79.3712 2.341681953932289
9 3 7 0 -72.58 1.8306104706098087
9 3 7 4 -67.9154 1.8543377546204012
9 3 5 6 -80.0517 2.341681953932289
9 3 0 1 -86.17 1.8306104706098087
9 3 3 9 -85.62 0.4518638216531902
9 3 6 2 -72.4931 1.1200432714506303
9 3 8 3 -60.6525 2.02253412315468
9 4 9 8 -78.78 2.02253412315468
9 4 2 8 -85.1337 0.4518638216531902
9 4 7 7 -77.2513 1.5204824599919968
9 4 7 5 -68.3058 2.574836982024013
9 4 3 3 -81.5029 1.8543377546204012
9 4 8 9 -80.83 0.7535492018748609
9 4 9 9 -80.75 2.02253412315468
9 4 2 3 -83.2363 0.7535492018748609
9 4 6 9 -81.96 0.4518638216531902
9 4 8 5 -65.311 2.574836982024013
9 4 0 7 -86.31 0.4518638216531902
9 4 6 3 -72.3037 1.8543377546204012
9 4 4 2 -79.9115 2.341681953932289
9 4 7 0 -76.01 1.8306104706098087
9 4 7 4 -63.6923 1.8543377546204012
9 4 5 6 -78.6302 2.341681953932289
9 4 0 1 -86.18 1.8306104706098087
9 4 3 9 -84.57 0.4518638216531902
9 4 6 2 -74.2787 1.1200432714506303
9 4 8 3 -61.53060000000001 2.02253412315468
9 5 9 8 -76.22 2.02253412315468
9 5 2 8 -84.51 0.4518638216531902
9 5 7 7 -74.3265 1.5204824599919968
9 5 7 5 -63.92 2.574836982024013
9 5 3 3 -81.8245 1.8543377546204012
9 5 8 9 -78.89 0.7535492018748609
9 5 9 9 -78.78 2.02253412315468
9 5 2 3 -83.4613 0.7535492018748609
9 5 6 9 -80.26 0.4518638216531902
9 5 8 5 -61.35209999999999 2.574836982024013
9 5 0 7 -86.17 0.4518638216531902
9 5 6 3 -74.0271 1.8543377546204012
9 5 4 2 -80.7504 2.341681953932289
9 5 7 0 -78.65 1.8306104706098087
9 5 7 4 -64.0613 1.8543377546204012
9 5 5 6 -77.3456 2.341681953932289
9 5 0 1 -86.31 1.8306104706098087
9 5 3 9 -84.25 0.4518638216531902
9 5 6 2 -76.4964 1.1200432714506303
9 5 8 3 -65.7694 2.02253412315468
9 6 9 8 -72.56 2.02253412315468
9 6 2 8 -83.9644 0.4518638216531902
9 6 7 7 -69.7014 1.5204824599919968
9 6 7 5 -63.740899999999996 2.574836982024013
9 6 3 3 -82.371 1.8543377546204012
9 6 8 9 -76.39 0.7535492018748609
9 6 9 9 -76.22 2.02253412315468
9 6 2 3 -83.8547 0.7535492018748609
9 6 6 9 -78.15 0.4518638216531902
9 6 8 5 -60.723699999999994 2.574836982024013
9 6 0 7 -86.08 0.4518638216531902
9 6 6 3 -76.2555 1.8543377546204012
9 6 4 2 -81.7511 2.341681953932289
9 6 7 0 -80.67 1.8306104706098087
9 6 7 4 -68.5007 1.8543377546204012
9 6 5 6 -76.4723 2.341681953932289
9 6 0 1 -87.25 1.8306104706098087
9 6 3 9 -83.06 0.4518638216531902
9 6 6 2 -78.6298 1.1200432714506303
9 6 8 3 -72.2945 2.02253412315468
9 7 9 8 -66.12 2.02253412315468
9 7 2 8 -83.5362 0.4518638216531902
9 7 7 7 -64.7324 1.5204824599919968
9 7 7 5 -67.8681 2.574836982024013
9 7 3 3 -83.0741 1.8543377546204012
9 7 8 9 -72.87 0.7535492018748609
9 7 9 9 -72.56 2.02253412315468
9 7 2 3 -84.3753 0.7535492018748609
9 7 6 9 -77.43 0.4518638216531902
9 7 8 5 -64.604 2.574836982024013
9 7 0 7 -85.27 0.4518638216531902
9 7 6 3 -78.4076 1.8543377546204012
9 7 4 2 -82.7894 2.341681953932289
9 7 7 0 -82.29 1.8306104706098087
9 7 7 4 -73.3941 1.8543377546204012
9 7 5 6 -76.3353 2.341681953932289
9 7 0 1 -87.3 1.8306104706098087
9 7 3 9 -82.8 0.4518638216531902
9 7 6 2 -80.4853 1.1200432714506303
9 7 8 3 -76.2808 2.02253412315468
9 8 9 8 -65.85 2.02253412315468
9 8 2 8 -83.2765 0.4518638216531902
9 8 7 7 -63.3669 1.5204824599919968
9 8 7 5 -72.9535 2.574836982024013
9 8 3 3 -83.8651 1.8543377546204012
9 8 8 9 -66.85 0.7535492018748609
9 8 9 9 -66.13 2.02253412315468
9 8 2 3 -84.9809 0.7535492018748609
9 8 6 9 -74.59 0.4518638216531902
9 8 8 5 -70.9913 2.574836982024013
9 8 0 7 -85.25 0.4518638216531902
9 8 6 3 -80.287 1.8543377546204012
9 8 4 2 -83.8224 2.341681953932289
9 8 7 0 -84.74 1.8306104706098087
9 8 7 4 -76.6541 1.8543377546204012
9 8 5 6 -76.9816 2.341681953932289
9 8 0 1 -88.2 1.8306104706098087
9 8 3 9 -81.48 0.4518638216531902
9 8 6 2 -82.0814 1.1200432714506303
9 8 8 3 -78.9748 2.02253412315468
9 9 9 8 -66.22 2.02253412315468
9 9 2 8 -83.1911 0.4518638216531902
9 9 7 7 -66.6353 1.5204824599919968
9 9 7 5 -76.3307 2.574836982024013
9 9 3 3 -84.6916 1.8543377546204012
9 9 8 9 -64.51 0.7535492018748609
9 9 9 9 -66.22 2.02253412315468
9 9 2 3 -85.6288 0.7535492018748609
9 9 6 9 -70.78 0.4518638216531902
9 9 8 5 -75.5715 2.574836982024013
9 9 0 7 -85.29 0.4518638216531902
9 9 6 3 -81.9148 1.8543377546204012
9 9 4 2 -84.8205 2.341681953932289
9 9 7 0 -85.79 1.8306104706098087
9 9 7 4 -79.1422 1.8543377546204012
9 9 5 6 -78.1692 2.341681953932289
9 9 0 1 -88.26 1.8306104706098087
9 9 3 9 -81.35 0.4518638216531902
9 9 6 2 -83.469 1.1200432714506303
9 9 8 3 -81.0294 2.02253412315468
