0 0 7 9 -88.66 0.4154391840750011
0 0 9 7 -88.74 0.31961585322723524
0 0 0 1 -66.88 1.5204824599919968
0 0 3 9 -96.06 0.4202676150502109
0 0 5 6 -85.431 1.4346625681183898
0 0 5 8 -87.1643 0.4518638216531902
0 0 1 1 -65.5169 2.574836982024013
0 0 2 0 -70.53 2.02253412315468
0 0 5 5 -84.4974 0.4142809311761813
0 0 9 4 -87.6 2.574836982024013
0 0 5 9 -87.71 0.6606851953374354
0 0 4 2 -80.054 2.02253412315468
0 0 2 7 -84.7099 1.8306104706098087
0 0 3 5 -82.5201 1.8543377546204012
0 0 3 1 -76.4651 0.7535492018748609
0 0 8 3 -86.5207 2.02253412315468
0 0 7 3 -85.3522 0.31961585322723524
0 0 6 5 -85.4735 0.6606851953374354
0 0 2 3 -77.5395 0.7535492018748609
0 0 1 4 -78.8108 0.5181550542899774
0 1 7 9 -88.43 0.4154391840750011
0 1 9 7 -88.56 0.31961585322723524
0 1 0 1 -64.57 1.5204824599919968
0 1 3 9 -86.3 0.4202676150502109
0 1 5 6 -84.5929 1.4346625681183898
0 1 5 8 -86.3912 0.4518638216531902
0 1 1 1 -63.06699999999999 2.574836982024013
0 1 2 0 -70.6 2.02253412315468
0 1 5 5 -83.6564 0.4142809311761813
0 1 9 4 -86.87 2.574836982024013
0 1 5 9 -86.94 0.6606851953374354
0 1 4 2 -79.331 2.02253412315468
0 1 2 7 -83.4543 1.8306104706098087
0 1 3 5 -81.1758 1.8543377546204012
0 1 3 1 -75.935 0.7535492018748609
0 1 8 3 -86.1259 2.02253412315468
0 1 7 3 -84.9805 0.31961585322723524
0 1 6 5 -84.8089 0.6606851953374354
0 1 2 3 -75.2132 0.7535492018748609
0 1 1 4 -76.1997 0.5181550542899774
0 2 7 9 -87.68 0.4154391840750011
0 2 9 7 -87.86 0.31961585322723524
0 2 0 1 -66.88 1.5204824599919968
0 2 3 9 -85.41 0.4202676150502109
0 2 5 6 -83.7519 1.4346625681183898
0 2 5 8 -85.6115 0.4518638216531902
0 2 1 1 -64.5724 2.574836982024013
0 2 2 0 -74.54 2.02253412315468
0 2 5 5 -82.8553 0.4142809311761813
0 2 9 4 -86.78 2.574836982024013
0 2 5 9 -86.63 0.6606851953374354
0 2 4 2 -78.9901 2.02253412315468
0 2 2 7 -81.7516 1.8306104706098087
0 2 3 5 -79.717 1.8543377546204012
0 2 3 1 -76.2658 0.7535492018748609
0 2 8 3 -85.8359 2.02253412315468
0 2 7 3 -84.6427 0.31961585322723524
0 2 6 5 -84.1935 0.6606851953374354
0 2 2 3 -72.9566 0.7535492018748609
0 2 1 4 -72.6727 0.5181550542899774
0 3 7 9 -86.88 0.4154391840750011
0 3 9 7 -87.68 0.31961585322723524
0 3 0 1 -66.86 1.5204824599919968
0 3 3 9 -84.25 0.4202676150502109
0 3 5 6 -82.9417 1.4346625681183898
0 3 5 8 -84.7783 0.4518638216531902
0 3 1 1 -69.7651 2.574836982024013
0 3 2 0 -75.32 2.02253412315468
0 3 5 5 -82.1425 0.4142809311761813
0 3 9 4 -86.72 2.574836982024013
0 3 5 9 -85.61 0.6606851953374354
0 3 4 2 -79.1228 2.02253412315468
0 3 2 7 -79.9145 1.8306104706098087
0 3 3 5 -78.2349 1.8543377546204012
0 3 3 1 -77.3103 0.7535492018748609
0 3 8 3 -85.7161 2.02253412315468
0 3 7 3 -84.5068 0.31961585322723524
0 3 6 5 -83.6636 0.6606851953374354
0 3 2 3 -71.3466 0.7535492018748609
0 3 1 4 -67.1923 0.5181550542899774
0 4 7 9 -86.65 0.4154391840750011
0 4 9 7 -86.96 0.31961585322723524
0 4 0 1 -72.88 1.5204824599919968
0 4 3 9 -82.9 0.4202676150502109
0 4 5 6 -82.2073 1.4346625681183898
0 4 5 8 -83.9123 0.4518638216531902
0 4 1 1 -74.4312 2.574836982024013
0 4 2 0 -78.18 2.02253412315468
0 4 5 5 -81.5893 0.4142809311761813
0 4 9 4 -86.7 2.574836982024013
0 4 5 9 -84.56 0.6606851953374354
0 4 4 2 -79.69 2.02253412315468
0 4 2 7 -78.4626 1.8306104706098087
0 4 3 5 -76.8758 1.8543377546204012
0 4 3 1 -78.7134 0.7535492018748609
0 4 8 3 -85.804 2.02253412315468
0 4 7 3 -84.5425 0.31961585322723524
0 4 6 5 -83.2739 0.6606851953374354
0 4 2 3 -71.6945 0.7535492018748609
0 4 1 4 -62.998900000000006 0.5181550542899774
0 5 7 9 -85.77 0.4154391840750011
0 5 9 7 -86.84 0.31961585322723524
0 5 0 1 -76.4 1.5204824599919968
0 5 3 9 -81.4 0.4202676150502109
0 5 5 6 -81.6438 1.4346625681183898
0 5 5 8 -83.1279 0.4518638216531902
0 5 1 1 -77.4489 2.574836982024013
0 5 2 0 -80.35 2.02253412315468
0 5 5 5 -81.2827 0.4142809311761813
0 5 9 4 -86.73 2.574836982024013
0 5 5 9 -83.38 0.6606851953374354
0 5 4 2 -80.5592 2.02253412315468
0 5 2 7 -76.8523 1.8306104706098087
0 5 3 5 -76.0499 1.8543377546204012
0 5 3 1 -80.2078 0.7535492018748609
0 5 8 3 -85.9297 2.02253412315468
0 5 7 3 -84.7132 0.31961585322723524
0 5 6 5 -83.0612 0.6606851953374354
0 5 2 3 -73.6185 0.7535492018748609
0 5 1 4 -63.250299999999996 0.5181550542899774
0 6 7 9 -85.57 0.4154391840750011
0 6 9 7 -86.76 0.31961585322723524
0 6 0 1 -78.89 1.5204824599919968
0 6 3 9 -79.62 0.4202676150502109
0 6 5 6 -81.3087 1.4346625681183898
0 6 5 8 -82.3671 0.4518638216531902
0 6 1 1 -79.7718 2.574836982024013
0 6 2 0 -82.07 2.02253412315468
0 6 5 5 -81.2659 0.4142809311761813
0 6 9 4 -86.78 2.574836982024013
0 6 5 9 -83.04 0.6606851953374354
0 6 4 2 -81.5913 2.02253412315468
0 6 2 7 -73.9034 1.8306104706098087
0 6 3 5 -75.9978 1.8543377546204012
0 6 3 1 -81.6387 0.7535492018748609
0 6 8 3 -86.1612 2.02253412315468
0 6 7 3 -85.0186 0.31961585322723524
0 6 6 5 -83.0454 0.6606851953374354
0 6 2 3 -75.9963 0.7535492018748609
0 6 1 4 -67.9372 0.5181550542899774
0 7 7 9 -85.42 0.4154391840750011
0 7 9 7 -86.71 0.31961585322723524
0 7 0 1 -80.83 1.5204824599919968
0 7 3 9 -79.08 0.4202676150502109
0 7 5 6 -81.2534 1.4346625681183898
0 7 5 8 -81.7543 0.4518638216531902
0 7 1 1 -81.62 2.574836982024013
0 7 2 0 -83.49 2.02253412315468
0 7 5 5 -81.5402 0.4142809311761813
0 7 9 4 -86.88 2.574836982024013
0 7 5 9 -81.71 0.6606851953374354
0 7 4 2 -82.6658 2.02253412315468
0 7 2 7 -71.8634 1.8306104706098087
0 7 3 5 -76.7756 1.8543377546204012
0 7 3 1 -82.9523 0.7535492018748609
0 7 8 3 -86.4896 2.02253412315468
0 7 7 3 -85.4205 0.31961585322723524
0 7 6 5 -83.2361 0.6606851953374354
0 7 2 3 -78.2433 0.7535492018748609
0 7 1 4 -73.146 0.5181550542899774
0 8 7 9 -84.5 0.4154391840750011
0 8 9 7 -86.71 0.31961585322723524
0 8 0 1 -82.42 1.5204824599919968
0 8 3 9 -76.86 0.4202676150502109
0 8 5 6 -81.4978 1.4346625681183898
0 8 5 8 -81.3541 0.4518638216531902
0 8 1 1 -83.1628 2.574836982024013
0 8 2 0 -84.71 2.02253412315468
0 8 5 5 -82.0644 0.4142809311761813
0 8 9 4 -87.01 2.574836982024013
0 8 5 9 -81.47 0.6606851953374354
0 8 4 2 -83.7275 2.02253412315468
0 8 2 7 -71.2786 1.8306104706098087
0 8 3 5 -78.0719 1.8543377546204012
0 8 3 1 -84.146 0.7535492018748609
0 8 8 3 -86.8798 2.02253412315468
0 8 7 3 -85.9131 0.31961585322723524
0 8 6 5 -83.6087 0.6606851953374354
0 8 2 3 -80.1789 0.7535492018748609
0 8 1 4 -76.5248 0.5181550542899774
0 9 7 9 -84.43 0.4154391840750011
0 9 9 7 -86.74 0.31961585322723524
0 9 0 1 -84.91 1.5204824599919968
0 9 3 9 -76.53 0.4202676150502109
0 9 5 6 -81.995 1.4346625681183898
0 9 5 8 -81.2363 0.4518638216531902
0 9 1 1 -84.4673 2.574836982024013
0 9 2 0 -85.77 2.02253412315468
0 9 5 5 -82.7593 0.4142809311761813
0 9 9 4 -87.76 2.574836982024013
0 9 5 9 -81.35 0.6606851953374354
0 9 4 2 -84.7209 2.02253412315468
0 9 2 7 -72.696 1.8306104706098087
0 9 3 5 -79.5886 1.8543377546204012
0 9 3 1 -85.2249 0.7535492018748609
0 9 8 3 -87.3298 2.02253412315468
0 9 7 3 -86.4583 0.31961585322723524
0 9 6 5 -84.1152 0.6606851953374354
0 9 2 3 -81.9334 0.7535492018748609
0 9 1 4 -79.0585 0.5181550542899774
1 0 7 9 -88.73 0.4154391840750011
1 0 9 7 -88.24 0.31961585322723524
1 0 0 1 -65.81 1.5204824599919968
1 0 3 9 -86.64 0.4202676150502109
1 0 5 6 -84.7108 1.4346625681183898
1 0 5 8 -86.7187 0.4518638216531902
1 0 1 1 -63.018600000000006 2.574836982024013
1 0 2 0 -64.62 2.02253412315468
1 0 5 5 -83.604 0.4142809311761813
1 0 9 4 -86.35 2.574836982024013
1 0 5 9 -87.23 0.6606851953374354
1 0 4 2 -78.0103 2.02253412315468
1 0 2 7 -84.3539 1.8306104706098087
1 0 3 5 -81.7449 1.8543377546204012
1 0 3 1 -72.94 0.7535492018748609
1 0 8 3 -85.3982 2.02253412315468
1 0 7 3 -84.1935 0.31961585322723524
1 0 6 5 -84.5975 0.6606851953374354
1 0 2 3 -76.0059 0.7535492018748609
1 0 1 4 -78.4257 0.5181550542899774
1 1 7 9 -87.93 0.4154391840750011
1 1 9 7 -88.14 0.31961585322723524
1 1 0 1 -66.79 1.5204824599919968
1 1 3 9 -85.71 0.4202676150502109
1 1 5 6 -83.721 1.4346625681183898
1 1 5 8 -85.8549 0.4518638216531902
1 1 1 1 -64.55 2.574836982024013
1 1 2 0 -64.74 2.02253412315468
1 1 5 5 -82.5609 0.4142809311761813
1 1 9 4 -86.2 2.574836982024013
1 1 5 9 -86.87 0.6606851953374354
1 1 4 2 -76.8725 2.02253412315468
1 1 2 7 -83.0296 1.8306104706098087
1 1 3 5 -80.0887 1.8543377546204012
1 1 3 1 -71.8879 0.7535492018748609
1 1 8 3 -85.0312 2.02253412315468
1 1 7 3 -83.7055 0.31961585322723524
1 1 6 5 -83.7766 0.6606851953374354
1 1 2 3 -72.5163 0.7535492018748609
1 1 1 4 -75.5655 0.5181550542899774
1 2 7 9 -87.13 0.4154391840750011
1 2 9 7 -87.29 0.31961585322723524
1 2 0 1 -65.93 1.5204824599919968
1 2 3 9 -84.63 0.4202676150502109
1 2 5 6 -82.6779 1.4346625681183898
1 2 5 8 -84.9274 0.4518638216531902
1 2 1 1 -62.941100000000006 2.574836982024013
1 2 2 0 -66.3 2.02253412315468
1 2 5 5 -81.5218 0.4142809311761813
1 2 9 4 -86.09 2.574836982024013
1 2 5 9 -85.94 0.6606851953374354
1 2 4 2 -76.3022 2.02253412315468
1 2 2 7 -81.4783 1.8306104706098087
1 2 3 5 -78.1826 1.8543377546204012
1 2 3 1 -72.6688 0.7535492018748609
1 2 8 3 -84.7732 2.02253412315468
1 2 7 3 -83.3591 0.31961585322723524
1 2 6 5 -82.9941 0.6606851953374354
1 2 2 3 -67.2515 0.7535492018748609
1 2 1 4 -70.9576 0.5181550542899774
1 3 7 9 -86.22 0.4154391840750011
1 3 9 7 -86.47 0.31961585322723524
1 3 0 1 -66.44 1.5204824599919968
1 3 3 9 -83.4 0.4202676150502109
1 3 5 6 -81.6341 1.4346625681183898
1 3 5 8 -83.9451 0.4518638216531902
1 3 1 1 -67.161 2.574836982024013
1 3 2 0 -72.58 2.02253412315468
1 3 5 5 -80.5507 0.4142809311761813
1 3 9 4 -86.09 2.574836982024013
1 3 5 9 -84.98 0.6606851953374354
1 3 4 2 -76.5263 2.02253412315468
1 3 2 7 -79.6086 1.8306104706098087
1 3 3 5 -75.996 1.8543377546204012
1 3 3 1 -74.5215 0.7535492018748609
1 3 8 3 -84.6559 2.02253412315468
1 3 7 3 -83.1976 0.31961585322723524
1 3 6 5 -82.3048 0.6606851953374354
1 3 2 3 -63.444199999999995 0.7535492018748609
1 3 1 4 -64.4559 0.5181550542899774
1 4 7 9 -86.0 0.4154391840750011
1 4 9 7 -86.3 0.31961585322723524
1 4 0 1 -72.47 1.5204824599919968
1 4 3 9 -81.96 0.4202676150502109
1 4 5 6 -80.647 1.4346625681183898
1 4 5 8 -82.9089 0.4518638216531902
1 4 1 1 -73.4131 2.574836982024013
1 4 2 0 -78.38 2.02253412315468
1 4 5 5 -79.765 0.4142809311761813
1 4 9 4 -85.25 2.574836982024013
1 4 5 9 -83.87 0.6606851953374354
1 4 4 2 -77.4532 2.02253412315468
1 4 2 7 -77.2529 1.8306104706098087
1 4 3 5 -73.8388 1.8543377546204012
1 4 3 1 -76.7384 0.7535492018748609
1 4 8 3 -84.6736 2.02253412315468
1 4 7 3 -83.2309 0.31961585322723524
1 4 6 5 -81.7728 0.6606851953374354
1 4 2 3 -64.2801 0.7535492018748609
1 4 1 4 -60.6289 0.5181550542899774
1 5 7 9 -85.03 0.4154391840750011
1 5 9 7 -86.16 0.31961585322723524
1 5 0 1 -76.17 1.5204824599919968
1 5 3 9 -80.26 0.4202676150502109
1 5 5 6 -79.8298 1.4346625681183898
1 5 5 8 -82.0071 0.4518638216531902
1 5 1 1 -76.9263 2.574836982024013
1 5 2 0 -78.7 2.02253412315468
1 5 5 5 -79.3008 0.4142809311761813
1 5 9 4 -85.28 2.574836982024013
1 5 5 9 -82.44 0.6606851953374354
1 5 4 2 -78.7713 2.02253412315468
1 5 2 7 -73.7828 1.8306104706098087
1 5 3 5 -72.142 1.8543377546204012
1 5 3 1 -78.853 0.7535492018748609
1 5 8 3 -84.8417 2.02253412315468
1 5 7 3 -83.46 0.31961585322723524
1 5 6 5 -81.4761 0.6606851953374354
1 5 2 3 -69.1337 0.7535492018748609
1 5 1 4 -61.1292 0.5181550542899774
1 6 7 9 -84.8 0.4154391840750011
1 6 9 7 -86.07 0.31961585322723524
1 6 0 1 -78.75 1.5204824599919968
1 6 3 9 -78.32 0.4202676150502109
1 6 5 6 -79.3326 1.4346625681183898
1 6 5 8 -80.8545 0.4518638216531902
1 6 1 1 -79.4637 2.574836982024013
1 6 2 0 -80.7 2.02253412315468
1 6 5 5 -79.2787 0.4142809311761813
1 6 9 4 -85.36 2.574836982024013
1 6 5 9 -82.04 0.6606851953374354
1 6 4 2 -80.2013 2.02253412315468
1 6 2 7 -69.7208 1.8306104706098087
1 6 3 5 -72.0121 1.8543377546204012
1 6 3 1 -80.6669 0.7535492018748609
1 6 8 3 -85.136 2.02253412315468
1 6 7 3 -83.8557 0.31961585322723524
1 6 6 5 -81.4606 0.6606851953374354
1 6 2 3 -73.8507 0.7535492018748609
1 6 1 4 -65.1797 0.5181550542899774
1 7 7 9 -83.75 0.4154391840750011
1 7 9 7 -85.27 0.31961585322723524
1 7 0 1 -82.34 1.5204824599919968
1 7 3 9 -75.35 0.4202676150502109
1 7 5 6 -79.2585 1.4346625681183898
1 7 5 8 -79.9957 0.4518638216531902
1 7 1 1 -81.4136 2.574836982024013
1 7 2 0 -82.32 2.02253412315468
1 7 5 5 -79.6871 0.4142809311761813
1 7 9 4 -86.21 2.574836982024013
1 7 5 9 -80.49 0.6606851953374354
1 7 4 2 -81.599 2.02253412315468
1 7 2 7 -64.6666 1.8306104706098087
1 7 3 5 -73.6006 1.8543377546204012
1 7 3 1 -82.2414 0.7535492018748609
1 7 8 3 -85.5369 2.02253412315468
1 7 7 3 -84.3713 0.31961585322723524
1 7 6 5 -81.7275 0.6606851953374354
1 7 2 3 -76.9715 0.7535492018748609
1 7 1 4 -71.6803 0.5181550542899774
1 8 7 9 -83.6 0.4154391840750011
1 8 9 7 -85.25 0.31961585322723524
1 8 0 1 -83.7 1.5204824599919968
1 8 3 9 -74.48 0.4202676150502109
1 8 5 6 -79.618 1.4346625681183898
1 8 5 8 -79.4154 0.4518638216531902
1 8 1 1 -83.0135 2.574836982024013
1 8 2 0 -84.76 2.02253412315468
1 8 5 5 -80.4475 0.4142809311761813
1 8 9 4 -86.36 2.574836982024013
1 8 5 9 -80.19 0.6606851953374354
1 8 4 2 -82.8956 2.02253412315468
1 8 2 7 -63.238200000000006 1.8306104706098087
1 8 3 5 -75.73 1.8543377546204012
1 8 3 1 -83.6084 0.7535492018748609
1 8 8 3 -86.0184 2.02253412315468
1 8 7 3 -84.9785 0.31961585322723524
1 8 6 5 -82.2308 0.6606851953374354
1 8 2 3 -79.382 0.7535492018748609
1 8 1 4 -75.9413 0.5181550542899774
1 9 7 9 -83.52 0.4154391840750011
1 9 9 7 -85.3 0.31961585322723524
1 9 0 1 -84.87 1.5204824599919968
1 9 3 9 -70.64 0.4202676150502109
1 9 5 6 -80.3391 1.4346625681183898
1 9 5 8 -79.2316 0.4518638216531902
1 9 1 1 -84.3632 2.574836982024013
1 9 2 0 -85.81 2.02253412315468
1 9 5 5 -81.3997 0.4142809311761813
1 9 9 4 -86.54 2.574836982024013
1 9 5 9 -80.02 0.6606851953374354
1 9 4 2 -84.0836 2.02253412315468
1 9 2 7 -66.602 1.8306104706098087
1 9 3 5 -77.9378 1.8543377546204012
1 9 3 1 -84.8091 0.7535492018748609
1 9 8 3 -86.5486 2.02253412315468
1 9 7 3 -85.6401 0.31961585322723524
1 9 6 5 -82.9082 0.6606851953374354
1 9 2 3 -81.287 0.7535492018748609
1 9 1 4 -78.7132 0.5181550542899774
2 0 7 9 -88.19 0.4154391840750011
2 0 9 7 -87.68 0.31961585322723524
2 0 0 1 -71.15 1.5204824599919968
2 0 3 9 -86.77 0.4202676150502109
2 0 5 6 -84.0442 1.4346625681183898
2 0 5 8 -86.2919 0.4518638216531902
2 0 1 1 -64.5614 2.574836982024013
2 0 2 0 -64.63 2.02253412315468
2 0 5 5 -82.7179 0.4142809311761813
2 0 9 4 -85.65 2.574836982024013
2 0 5 9 -87.2 0.6606851953374354
2 0 4 2 -75.5387 2.02253412315468
2 0 2 7 -84.2145 1.8306104706098087
2 0 3 5 -81.136 1.8543377546204012
2 0 3 1 -66.9935 0.7535492018748609
2 0 8 3 -84.319 2.02253412315468
2 0 7 3 -82.9782 0.31961585322723524
2 0 6 5 -83.6651 0.6606851953374354
2 0 2 3 -75.1915 0.7535492018748609
2 0 1 4 -78.6734 0.5181550542899774
2 1 7 9 -87.41 0.4154391840750011
2 1 9 7 -86.91 0.31961585322723524
2 1 0 1 -64.6 1.5204824599919968
2 1 3 9 -84.88 0.4202676150502109
2 1 5 6 -82.8553 1.4346625681183898
2 1 5 8 -85.3289 0.4518638216531902
2 1 1 1 -62.435199999999995 2.574836982024013
2 1 2 0 -64.78 2.02253412315468
2 1 5 5 -81.4268 0.4142809311761813
2 1 9 4 -85.61 2.574836982024013
2 1 5 9 -86.39 0.6606851953374354
2 1 4 2 -73.5674 2.02253412315468
2 1 2 7 -82.8559 1.8306104706098087
2 1 3 5 -79.2088 1.8543377546204012
2 1 3 1 -64.1707 0.7535492018748609
2 1 8 3 -83.8455 2.02253412315468
2 1 7 3 -82.3348 0.31961585322723524
2 1 6 5 -82.6791 0.6606851953374354
2 1 2 3 -70.3283 0.7535492018748609
2 1 1 4 -75.995 0.5181550542899774
2 2 7 9 -86.64 0.4154391840750011
2 2 9 7 -86.68 0.31961585322723524
2 2 0 1 -71.39 1.5204824599919968
2 2 3 9 -83.71 0.4202676150502109
2 2 5 6 -81.5743 1.4346625681183898
2 2 5 8 -84.2807 0.4518638216531902
2 2 1 1 -64.0636 2.574836982024013
2 2 2 0 -66.85 2.02253412315468
2 2 5 5 -80.0571 0.4142809311761813
2 2 9 4 -84.55 2.574836982024013
2 2 5 9 -85.37 0.6606851953374354
2 2 4 2 -72.4989 2.02253412315468
2 2 2 7 -81.2335 1.8306104706098087
2 2 3 5 -76.7845 1.8543377546204012
2 2 3 1 -65.8767 0.7535492018748609
2 2 8 3 -83.5113 2.02253412315468
2 2 7 3 -81.8685 0.31961585322723524
2 2 6 5 -81.6784 0.6606851953374354
2 2 2 3 -64.0304 0.7535492018748609
2 2 1 4 -71.6388 0.5181550542899774
2 3 7 9 -85.61 0.4154391840750011
2 3 9 7 -85.8 0.31961585322723524
2 3 0 1 -71.47 1.5204824599919968
2 3 3 9 -82.36 0.4202676150502109
2 3 5 6 -80.2133 1.4346625681183898
2 3 5 8 -83.1177 0.4518638216531902
2 3 1 1 -68.7134 2.574836982024013
2 3 2 0 -72.87 2.02253412315468
2 3 5 5 -78.6952 0.4142809311761813
2 3 9 4 -84.46 2.574836982024013
2 3 5 9 -84.21 0.6606851953374354
2 3 4 2 -72.9769 2.02253412315468
2 3 2 7 -79.2324 1.8306104706098087
2 3 3 5 -73.6588 1.8543377546204012
2 3 3 1 -70.7142 0.7535492018748609
2 3 8 3 -83.355 2.02253412315468
2 3 7 3 -81.6428 0.31961585322723524
2 3 6 5 -80.7368 0.6606851953374354
2 3 2 3 -60.163399999999996 0.7535492018748609
2 3 1 4 -66.1688 0.5181550542899774
2 4 7 9 -84.56 0.4154391840750011
2 4 9 7 -85.6 0.31961585322723524
2 4 0 1 -75.38 1.5204824599919968
2 4 3 9 -80.75 0.4202676150502109
2 4 5 6 -78.8428 1.4346625681183898
2 4 5 8 -81.8699 0.4518638216531902
2 4 1 1 -74.1616 2.574836982024013
2 4 2 0 -76.39 2.02253412315468
2 4 5 5 -77.5001 0.4142809311761813
2 4 9 4 -84.42 2.574836982024013
2 4 5 9 -82.9 0.6606851953374354
2 4 4 2 -74.6065 2.02253412315468
2 4 2 7 -76.6244 1.8306104706098087
2 4 3 5 -69.0131 1.8543377546204012
2 4 3 1 -74.7967 0.7535492018748609
2 4 8 3 -83.3859 2.02253412315468
2 4 7 3 -81.6834 0.31961585322723524
2 4 6 5 -79.9847 0.6606851953374354
2 4 2 3 -61.297200000000004 0.7535492018748609
2 4 1 4 -62.286500000000004 0.5181550542899774
2 5 7 9 -84.24 0.4154391840750011
2 5 9 7 -84.65 0.31961585322723524
2 5 0 1 -78.28 1.5204824599919968
2 5 3 9 -78.78 0.4202676150502109
2 5 5 6 -77.6165 1.4346625681183898
2 5 5 8 -80.5246 0.4518638216531902
2 5 1 1 -77.2522 2.574836982024013
2 5 2 0 -78.89 2.02253412315468
2 5 5 5 -76.7442 0.4142809311761813
2 5 9 4 -84.46 2.574836982024013
2 5 5 9 -81.4 0.6606851953374354
2 5 4 2 -76.7231 2.02253412315468
2 5 2 7 -72.9004 1.8306104706098087
2 5 3 5 -64.6873 1.8543377546204012
2 5 3 1 -77.6451 0.7535492018748609
2 5 8 3 -83.6085 2.02253412315468
2 5 7 3 -81.9921 0.31961585322723524
2 5 6 5 -79.545 0.6606851953374354
2 5 2 3 -65.8924 0.7535492018748609
2 5 1 4 -62.7992 0.5181550542899774
2 6 7 9 -83.05 0.4154391840750011
2 6 9 7 -84.51 0.31961585322723524
2 6 0 1 -80.42 1.5204824599919968
2 6 3 9 -76.22 0.4202676150502109
2 6 5 6 -76.7973 1.4346625681183898
2 6 5 8 -79.1442 0.4518638216531902
2 6 1 1 -79.667 2.574836982024013
2 6 2 0 -80.83 2.02253412315468
2 6 5 5 -76.6966 0.4142809311761813
2 6 9 4 -84.55 2.574836982024013
2 6 5 9 -80.9 0.6606851953374354
2 6 4 2 -78.7951 2.02253412315468
2 6 2 7 -66.4196 1.8306104706098087
2 6 3 5 -64.3943 1.8543377546204012
2 6 3 1 -79.9006 0.7535492018748609
2 6 8 3 -83.9829 2.02253412315468
2 6 7 3 -82.5216 0.31961585322723524
2 6 6 5 -79.523 0.6606851953374354
2 6 2 3 -72.3386 0.7535492018748609
2 6 1 4 -66.7794 0.5181550542899774
2 7 7 9 -82.79 0.4154391840750011
2 7 9 7 -84.44 0.31961585322723524
2 7 0 1 -82.11 1.5204824599919968
2 7 3 9 -75.41 0.4202676150502109
2 7 5 6 -76.6656 1.4346625681183898
2 7 5 8 -77.8745 0.4518638216531902
2 7 1 1 -81.5545 2.574836982024013
2 7 2 0 -82.41 2.02253412315468
2 7 5 5 -77.3819 0.4142809311761813
2 7 9 4 -84.7 2.574836982024013
2 7 5 9 -79.08 0.6606851953374354
2 7 4 2 -80.5828 2.02253412315468
2 7 2 7 -61.1931 1.8306104706098087
2 7 3 5 -68.4379 1.8543377546204012
2 7 3 1 -81.706 0.7535492018748609
2 7 8 3 -84.4963 2.02253412315468
2 7 7 3 -83.2083 0.31961585322723524
2 7 6 5 -79.914 0.6606851953374354
2 7 2 3 -76.3078 0.7535492018748609
2 7 1 4 -72.6812 0.5181550542899774
2 8 7 9 -81.48 0.4154391840750011
2 8 9 7 -84.43 0.31961585322723524
2 8 0 1 -83.53 1.5204824599919968
2 8 3 9 -71.83 0.4202676150502109
2 8 5 6 -77.2763 1.4346625681183898
2 8 5 8 -76.9325 0.4518638216531902
2 8 1 1 -83.1093 2.574836982024013
2 8 2 0 -83.75 2.02253412315468
2 8 5 5 -78.5431 0.4142809311761813
2 8 9 4 -85.66 2.574836982024013
2 8 5 9 -76.86 0.6606851953374354
2 8 4 2 -82.1483 2.02253412315468
2 8 2 7 -59.7093 1.8306104706098087
2 8 3 5 -73.298 1.8543377546204012
2 8 3 1 -83.2184 0.7535492018748609
2 8 8 3 -85.0871 2.02253412315468
2 8 7 3 -83.9725 0.31961585322723524
2 8 6 5 -80.6339 0.6606851953374354
2 8 2 3 -78.9832 0.7535492018748609
2 8 1 4 -76.3273 0.5181550542899774
2 9 7 9 -81.35 0.4154391840750011
2 9 9 7 -84.48 0.31961585322723524
2 9 0 1 -84.73 1.5204824599919968
2 9 3 9 -64.88 0.4202676150502109
2 9 5 6 -78.3949 1.4346625681183898
2 9 5 8 -76.633 0.4518638216531902
2 9 1 1 -84.4315 2.574836982024013
2 9 2 0 -84.91 2.02253412315468
2 9 5 5 -79.8898 0.4142809311761813
2 9 9 4 -85.72 2.574836982024013
2 9 5 9 -76.53 0.6606851953374354
2 9 4 2 -83.5163 2.02253412315468
2 9 2 7 -63.2928 1.8306104706098087
2 9 3 5 -76.4578 1.8543377546204012
2 9 3 1 -84.5161 0.7535492018748609
2 9 8 3 -85.7314 2.02253412315468
2 9 7 3 -84.7774 0.31961585322723524
2 9 6 5 -81.552 0.6606851953374354
2 9 2 3 -81.0359 0.7535492018748609
2 9 1 4 -78.9363 0.5181550542899774
3 0 7 9 -87.71 0.4154391840750011
3 0 9 7 -87.17 0.31961585322723524
3 0 0 1 -74.37 1.5204824599919968
3 0 3 9 -85.93 0.4202676150502109
3 0 5 6 -83.4369 1.4346625681183898
3 0 5 8 -85.9377 0.4518638216531902
3 0 1 1 -70.7293 2.574836982024013
3 0 2 0 -64.63 2.02253412315468
3 0 5 5 -81.9045 0.4142809311761813
3 0 9 4 -85.13 2.574836982024013
3 0 5 9 -86.62 0.6606851953374354
3 0 4 2 -72.7326 2.02253412315468
3 0 2 7 -84.2911 1.8306104706098087
3 0 3 5 -80.8363 1.8543377546204012
3 0 3 1 -62.7098 0.7535492018748609
3 0 8 3 -83.1101 2.02253412315468
3 0 7 3 -81.6165 0.31961585322723524
3 0 6 5 -82.8318 0.6606851953374354
3 0 2 3 -75.5195 0.7535492018748609
3 0 1 4 -79.4492 0.5181550542899774
3 1 7 9 -86.87 0.4154391840750011
3 1 9 7 -86.17 0.31961585322723524
3 1 0 1 -74.0 1.5204824599919968
3 1 3 9 -84.9 0.4202676150502109
3 1 5 6 -82.0695 1.4346625681183898
3 1 5 8 -84.8926 0.4518638216531902
3 1 1 1 -68.7513 2.574836982024013
3 1 2 0 -64.75 2.02253412315468
3 1 5 5 -80.3236 0.4142809311761813
3 1 9 4 -83.84 2.574836982024013
3 1 5 9 -85.65 0.6606851953374354
3 1 4 2 -68.1204 2.02253412315468
3 1 2 7 -82.9105 1.8306104706098087
3 1 3 5 -78.7357 1.8543377546204012
3 1 3 1 -59.622299999999996 0.7535492018748609
3 1 8 3 -82.4976 2.02253412315468
3 1 7 3 -80.7452 0.31961585322723524
3 1 6 5 -81.5458 0.6606851953374354
3 1 2 3 -71.3333 0.7535492018748609
3 1 1 4 -77.2928 0.5181550542899774
3 2 7 9 -86.04 0.4154391840750011
3 2 9 7 -86.17 0.31961585322723524
3 2 0 1 -74.07 1.5204824599919968
3 2 3 9 -83.74 0.4202676150502109
3 2 5 6 -80.4993 1.4346625681183898
3 2 5 8 -83.7148 0.4518638216531902
3 2 1 1 -70.0306 2.574836982024013
3 2 2 0 -66.29 2.02253412315468
3 2 5 5 -78.5247 0.4142809311761813
3 2 9 4 -83.66 2.574836982024013
3 2 5 9 -84.56 0.6606851953374354
3 2 4 2 -64.9478 2.02253412315468
3 2 2 7 -81.3189 1.8306104706098087
3 2 3 5 -75.9785 1.8543377546204012
3 2 3 1 -61.848699999999994 0.7535492018748609
3 2 8 3 -82.0474 2.02253412315468
3 2 7 3 -80.0824 0.31961585322723524
3 2 6 5 -80.2212 0.6606851953374354
3 2 2 3 -65.2683 0.7535492018748609
3 2 1 4 -74.5918 0.5181550542899774
3 3 7 9 -84.93 0.4154391840750011
3 3 9 7 -85.01 0.31961585322723524
3 3 0 1 -74.58 1.5204824599919968
3 3 3 9 -82.39 0.4202676150502109
3 3 5 6 -78.742 1.4346625681183898
3 3 5 8 -82.3841 0.4518638216531902
3 3 1 1 -73.0755 2.574836982024013
3 3 2 0 -72.56 2.02253412315468
3 3 5 5 -76.5154 0.4142809311761813
3 3 9 4 -83.55 2.574836982024013
3 3 5 9 -83.4 0.6606851953374354
3 3 4 2 -66.2019 2.02253412315468
3 3 2 7 -79.384 1.8306104706098087
3 3 3 5 -71.7937 1.8543377546204012
3 3 3 1 -67.3592 0.7535492018748609
3 3 8 3 -81.8274 2.02253412315468
3 3 7 3 -79.7412 0.31961585322723524
3 3 6 5 -78.9212 0.6606851953374354
3 3 2 3 -60.958600000000004 0.7535492018748609
3 3 1 4 -71.7841 0.5181550542899774
3 4 7 9 -83.87 0.4154391840750011
3 4 9 7 -84.01 0.31961585322723524
3 4 0 1 -77.34 1.5204824599919968
3 4 3 9 -80.8 0.4202676150502109
3 4 5 6 -76.7537 1.4346625681183898
3 4 5 8 -80.8704 0.4518638216531902
3 4 1 1 -75.8415 2.574836982024013
3 4 2 0 -76.22 2.02253412315468
3 4 5 5 -74.5478 0.4142809311761813
3 4 9 4 -83.54 2.574836982024013
3 4 5 9 -81.81 0.6606851953374354
3 4 4 2 -70.7815 2.02253412315468
3 4 2 7 -76.8823 1.8306104706098087
3 4 3 5 -65.1907 1.8543377546204012
3 4 3 1 -73.5084 0.7535492018748609
3 4 8 3 -81.866 2.02253412315468
3 4 7 3 -79.8114 0.31961585322723524
3 4 6 5 -77.7852 0.6606851953374354
3 4 2 3 -62.00620000000001 0.7535492018748609
3 4 1 4 -69.1524 0.5181550542899774
3 5 7 9 -83.38 0.4154391840750011
3 5 9 7 -83.78 0.31961585322723524
3 5 0 1 -79.83 1.5204824599919968
3 5 3 9 -78.85 0.4202676150502109
3 5 5 6 -74.7532 1.4346625681183898
3 5 5 8 -79.1504 0.4518638216531902
3 5 1 1 -78.2798 2.574836982024013
3 5 2 0 -78.78 2.02253412315468
3 5 5 5 -73.198 0.4142809311761813
3 5 9 4 -83.55 2.574836982024013
3 5 5 9 -80.4 0.6606851953374354
3 5 4 2 -74.6861 2.02253412315468
3 5 2 7 -73.501 1.8306104706098087
3 5 3 5 -60.432 1.8543377546204012
3 5 3 1 -76.9631 0.7535492018748609
3 5 8 3 -82.1665 2.02253412315468
3 5 7 3 -80.2656 0.31961585322723524
3 5 6 5 -77.0689 0.6606851953374354
3 5 2 3 -67.0514 0.7535492018748609
3 5 1 4 -69.2849 0.5181550542899774
3 6 7 9 -82.04 0.4154391840750011
3 6 9 7 -83.62 0.31961585322723524
3 6 0 1 -81.7 1.5204824599919968
3 6 3 9 -76.33 0.4202676150502109
3 6 5 6 -73.2878 1.4346625681183898
3 6 5 8 -77.2146 0.4518638216531902
3 6 1 1 -80.2928 2.574836982024013
3 6 2 0 -80.75 2.02253412315468
3 6 5 5 -73.1023 0.4142809311761813
3 6 9 4 -83.66 2.574836982024013
3 6 5 9 -79.78 0.6606851953374354
3 6 4 2 -77.4997 2.02253412315468
3 6 2 7 -67.8722 1.8306104706098087
3 6 3 5 -60.1472 1.8543377546204012
3 6 3 1 -79.4926 0.7535492018748609
3 6 8 3 -82.6805 2.02253412315468
3 6 7 3 -81.0089 0.31961585322723524
3 6 6 5 -77.0235 0.6606851953374354
3 6 2 3 -73.0161 0.7535492018748609
3 6 1 4 -72.0286 0.5181550542899774
3 7 7 9 -80.49 0.4154391840750011
3 7 9 7 -83.53 0.31961585322723524
3 7 0 1 -83.22 1.5204824599919968
3 7 3 9 -72.79 0.4202676150502109
3 7 5 6 -73.0211 1.4346625681183898
3 7 5 8 -75.1656 0.4518638216531902
3 7 1 1 -81.9762 2.574836982024013
3 7 2 0 -82.36 2.02253412315468
3 7 5 5 -74.3602 0.4142809311761813
3 7 9 4 -83.83 2.574836982024013
3 7 5 9 -77.42 0.6606851953374354
3 7 4 2 -79.756 2.02253412315468
3 7 2 7 -62.5021 1.8306104706098087
3 7 3 5 -64.5341 1.8543377546204012
3 7 3 1 -81.4334 0.7535492018748609
3 7 8 3 -83.3424 2.02253412315468
3 7 7 3 -81.9181 0.31961585322723524
3 7 6 5 -77.6631 0.6606851953374354
3 7 2 3 -76.5644 0.7535492018748609
3 7 1 4 -74.9947 0.5181550542899774
3 8 7 9 -80.17 0.4154391840750011
3 8 9 7 -82.49 0.31961585322723524
3 8 0 1 -84.5 1.5204824599919968
3 8 3 9 -66.58 0.4202676150502109
3 8 5 6 -74.1569 1.4346625681183898
3 8 5 8 -73.5592 0.4518638216531902
3 8 1 1 -83.4162 2.574836982024013
3 8 2 0 -83.71 2.02253412315468
3 8 5 5 -76.2701 0.4142809311761813
3 8 9 4 -84.07 2.574836982024013
3 8 5 9 -74.58 0.6606851953374354
3 8 4 2 -81.5773 2.02253412315468
3 8 2 7 -60.8845 1.8306104706098087
3 8 3 5 -71.1448 1.8543377546204012
3 8 3 1 -83.024 0.7535492018748609
3 8 8 3 -84.0868 2.02253412315468
3 8 7 3 -82.9063 0.31961585322723524
3 8 6 5 -78.7675 0.6606851953374354
3 8 2 3 -79.1397 0.7535492018748609
3 8 1 4 -77.5083 0.5181550542899774
3 9 7 9 -80.02 0.4154391840750011
3 9 9 7 -83.57 0.31961585322723524
3 9 0 1 -85.6 1.5204824599919968
3 9 3 9 -64.87 0.4202676150502109
3 9 5 6 -76.0394 1.4346625681183898
3 9 5 8 -72.9567 0.4518638216531902
3 9 1 1 -84.66 2.574836982024013
3 9 2 0 -84.88 2.02253412315468
3 9 5 5 -78.3001 0.4142809311761813
3 9 9 4 -85.14 2.574836982024013
3 9 5 9 -74.07 0.6606851953374354
3 9 4 2 -83.1021 2.02253412315468
3 9 2 7 -64.478 1.8306104706098087
3 9 3 5 -75.621 1.8543377546204012
3 9 3 1 -84.3703 0.7535492018748609
3 9 8 3 -84.8791 2.02253412315468
3 9 7 3 -83.9048 0.31961585322723524
3 9 6 5 -80.0557 0.6606851953374354
3 9 2 3 -81.1349 0.7535492018748609
3 9 1 4 -79.6652 0.5181550542899774
4 0 7 9 -87.27 0.4154391840750011
4 0 9 7 -86.6 0.31961585322723524
4 0 0 1 -76.72 1.5204824599919968
4 0 3 9 -85.93 0.4202676150502109
4 0 5 6 -82.974 1.4346625681183898
4 0 5 8 -85.6887 0.4518638216531902
4 0 1 1 -75.0544 2.574836982024013
4 0 2 0 -70.53 2.02253412315468
4 0 5 5 -81.2538 0.4142809311761813
4 0 9 4 -84.34 2.574836982024013
4 0 5 9 -86.76 0.6606851953374354
4 0 4 2 -69.8844 2.02253412315468
4 0 2 7 -84.5019 1.8306104706098087
4 0 3 5 -80.9031 1.8543377546204012
4 0 3 1 -63.7256 0.7535492018748609
4 0 8 3 -81.7749 2.02253412315468
4 0 7 3 -80.1017 0.31961585322723524
4 0 6 5 -81.9889 0.6606851953374354
4 0 2 3 -76.8171 0.7535492018748609
4 0 1 4 -80.5154 0.5181550542899774
4 1 7 9 -86.36 0.4154391840750011
4 1 9 7 -85.56 0.31961585322723524
4 1 0 1 -76.48 1.5204824599919968
4 1 3 9 -84.9 0.4202676150502109
4 1 5 6 -81.4429 1.4346625681183898
4 1 5 8 -84.5652 0.4518638216531902
4 1 1 1 -74.3301 2.574836982024013
4 1 2 0 -70.59 2.02253412315468
4 1 5 5 -79.3832 0.4142809311761813
4 1 9 4 -82.88 2.574836982024013
4 1 5 9 -85.71 0.6606851953374354
4 1 4 2 -63.414100000000005 2.02253412315468
4 1 2 7 -83.2212 1.8306104706098087
4 1 3 5 -78.8374 1.8543377546204012
4 1 3 1 -60.570800000000006 0.7535492018748609
4 1 8 3 -80.9306 2.02253412315468
4 1 7 3 -78.8609 0.31961585322723524
4 1 6 5 -80.4369 0.6606851953374354
4 1 2 3 -74.0921 0.7535492018748609
4 1 1 4 -78.8823 0.5181550542899774
4 2 7 9 -85.34 0.4154391840750011
4 2 9 7 -84.61 0.31961585322723524
4 2 0 1 -76.54 1.5204824599919968
4 2 3 9 -83.74 0.4202676150502109
4 2 5 6 -79.6144 1.4346625681183898
4 2 5 8 -83.2823 0.4518638216531902
4 2 1 1 -74.7495 2.574836982024013
4 2 2 0 -71.39 2.02253412315468
4 2 5 5 -77.0657 0.4142809311761813
4 2 9 4 -82.88 2.574836982024013
4 2 5 9 -84.64 0.6606851953374354
4 2 4 2 -59.6699 2.02253412315468
4 2 2 7 -81.7484 1.8306104706098087
4 2 3 5 -76.1545 1.8543377546204012
4 2 3 1 -62.6767 0.7535492018748609
4 2 8 3 -80.299 2.02253412315468
4 2 7 3 -77.8633 0.31961585322723524
4 2 6 5 -78.6977 0.6606851953374354
4 2 2 3 -70.7761 0.7535492018748609
4 2 1 4 -77.1151 0.5181550542899774
4 3 7 9 -84.18 0.4154391840750011
4 3 9 7 -84.29 0.31961585322723524
4 3 0 1 -79.07 1.5204824599919968
4 3 3 9 -82.4 0.4202676150502109
4 3 5 6 -77.3545 1.4346625681183898
4 3 5 8 -81.8011 0.4518638216531902
4 3 1 1 -76.1205 2.574836982024013
4 3 2 0 -75.32 2.02253412315468
4 3 5 5 -74.2122 0.4142809311761813
4 3 9 4 -81.39 2.574836982024013
4 3 5 9 -83.4 0.6606851953374354
4 3 4 2 -61.26349999999999 2.02253412315468
4 3 2 7 -80.0066 1.8306104706098087
4 3 3 5 -72.2293 1.8543377546204012
4 3 3 1 -68.0515 0.7535492018748609
4 3 8 3 -79.9731 2.02253412315468
4 3 7 3 -77.3179 0.31961585322723524
4 3 6 5 -76.7763 0.6606851953374354
4 3 2 3 -68.0814 0.7535492018748609
4 3 1 4 -75.4498 0.5181550542899774
4 4 7 9 -82.9 0.4154391840750011
4 4 9 7 -83.1 0.31961585322723524
4 4 0 1 -79.1 1.5204824599919968
4 4 3 9 -80.81 0.4202676150502109
4 4 5 6 -74.5684 1.4346625681183898
4 4 5 8 -80.0457 0.4518638216531902
4 4 1 1 -77.8665 2.574836982024013
4 4 2 0 -78.35 2.02253412315468
4 4 5 5 -70.2885 0.4142809311761813
4 4 9 4 -81.33 2.574836982024013
4 4 5 9 -81.96 0.6606851953374354
4 4 4 2 -66.8407 2.02253412315468
4 4 2 7 -77.8976 1.8306104706098087
4 4 3 5 -66.0184 1.8543377546204012
4 4 3 1 -73.8328 0.7535492018748609
4 4 8 3 -80.0411 2.02253412315468
4 4 7 3 -77.4268 0.31961585322723524
4 4 6 5 -74.9096 0.6606851953374354
4 4 2 3 -68.6606 0.7535492018748609
4 4 1 4 -74.4218 0.5181550542899774
4 5 7 9 -81.37 0.4154391840750011
4 5 9 7 -82.82 0.31961585322723524
4 5 0 1 -81.38 1.5204824599919968
4 5 3 9 -78.86 0.4202676150502109
4 5 5 6 -70.8001 1.4346625681183898
4 5 5 8 -77.9024 0.4518638216531902
4 5 1 1 -79.593 2.574836982024013
4 5 2 0 -80.46 2.02253412315468
4 5 5 5 -66.5108 0.4142809311761813
4 5 9 4 -81.38 2.574836982024013
4 5 5 9 -80.26 0.6606851953374354
4 5 4 2 -73.0795 2.02253412315468
4 5 2 7 -75.5233 1.8306104706098087
4 5 3 5 -61.101200000000006 1.8543377546204012
4 5 3 1 -77.109 0.7535492018748609
4 5 8 3 -80.469 2.02253412315468
4 5 7 3 -78.1398 0.31961585322723524
4 5 6 5 -73.647 0.6606851953374354
4 5 2 3 -71.8816 0.7535492018748609
4 5 1 4 -74.4748 0.5181550542899774
4 6 7 9 -80.9 0.4154391840750011
4 6 9 7 -81.5 0.31961585322723524
4 6 0 1 -82.75 1.5204824599919968
4 6 3 9 -76.34 0.4202676150502109
4 6 5 6 -66.7969 1.4346625681183898
4 6 5 8 -75.2276 0.4518638216531902
4 6 1 1 -81.1964 2.574836982024013
4 6 2 0 -80.69 2.02253412315468
4 6 5 5 -66.2806 0.4142809311761813
4 6 9 4 -81.55 2.574836982024013
4 6 5 9 -78.15 0.6606851953374354
4 6 4 2 -76.6949 2.02253412315468
4 6 2 7 -72.2847 1.8306104706098087
4 6 3 5 -60.8382 1.8543377546204012
4 6 3 1 -79.5858 0.7535492018748609
4 6 8 3 -81.1838 2.02253412315468
4 6 7 3 -79.252 0.31961585322723524
4 6 6 5 -73.5572 0.6606851953374354
4 6 2 3 -75.0236 0.7535492018748609
4 6 1 4 -75.5935 0.5181550542899774
4 7 7 9 -78.98 0.4154391840750011
4 7 9 7 -81.36 0.31961585322723524
4 7 0 1 -82.9 1.5204824599919968
4 7 3 9 -72.77 0.4202676150502109
4 7 5 6 -66.0363 1.4346625681183898
4 7 5 8 -71.8293 0.4518638216531902
4 7 1 1 -82.6197 2.574836982024013
4 7 2 0 -83.55 2.02253412315468
4 7 5 5 -69.7572 0.4142809311761813
4 7 9 4 -82.88 2.574836982024013
4 7 5 9 -75.67 0.6606851953374354
4 7 4 2 -79.276 2.02253412315468
4 7 2 7 -69.1477 1.8306104706098087
4 7 3 5 -65.386 1.8543377546204012
4 7 3 1 -81.4995 0.7535492018748609
4 7 8 3 -82.0683 2.02253412315468
4 7 7 3 -80.5291 0.31961585322723524
4 7 6 5 -74.7132 0.6606851953374354
4 7 2 3 -77.6308 0.7535492018748609
4 7 1 4 -77.2704 0.5181550542899774
4 8 7 9 -78.68 0.4154391840750011
4 8 9 7 -81.33 0.31961585322723524
4 8 0 1 -84.14 1.5204824599919968
4 8 3 9 -66.59 0.4202676150502109
4 8 5 6 -69.2243 1.4346625681183898
4 8 5 8 -67.4293 0.4518638216531902
4 8 1 1 -83.8851 2.574836982024013
4 8 2 0 -84.75 2.02253412315468
4 8 5 5 -73.9322 0.4142809311761813
4 8 9 4 -82.99 2.574836982024013
4 8 5 9 -71.83 0.6606851953374354
4 8 4 2 -81.2654 2.02253412315468
4 8 2 7 -67.9001 1.8306104706098087
4 8 3 5 -71.667 1.8543377546204012
4 8 3 1 -83.07 0.7535492018748609
4 8 8 3 -83.0301 2.02253412315468
4 8 7 3 -81.8089 0.31961585322723524
4 8 6 5 -76.5322 0.6606851953374354
4 8 2 3 -79.7902 0.7535492018748609
4 8 1 4 -79.0278 0.5181550542899774
4 9 7 9 -76.53 0.4154391840750011
4 9 9 7 -81.42 0.31961585322723524
4 9 0 1 -85.53 1.5204824599919968
4 9 3 9 -64.91 0.4202676150502109
4 9 5 6 -73.5722 1.4346625681183898
4 9 5 8 -65.7846 0.4518638216531902
4 9 1 1 -85.0233 2.574836982024013
4 9 2 0 -85.81 2.02253412315468
4 9 5 5 -76.7471 0.4142809311761813
4 9 9 4 -84.48 2.574836982024013
4 9 5 9 -64.89 0.6606851953374354
4 9 4 2 -82.8784 2.02253412315468
4 9 2 7 -70.3016 1.8306104706098087
4 9 3 5 -75.8243 1.8543377546204012
4 9 3 1 -84.402 0.7535492018748609
4 9 8 3 -83.9989 2.02253412315468
4 9 7 3 -83.0339 0.31961585322723524
4 9 6 5 -78.4808 0.6606851953374354
4 9 2 3 -81.5507 0.7535492018748609
4 9 1 4 -81.8076 0.5181550542899774
5 0 7 9 -86.6 0.4154391840750011
5 0 9 7 -86.0 0.31961585322723524
5 0 0 1 -80.12 1.5204824599919968
5 0 3 9 -86.69 0.4202676150502109
5 0 5 6 -82.721 1.4346625681183898
5 0 5 8 -85.5426 0.4518638216531902
5 0 1 1 -77.9869 2.574836982024013
5 0 2 0 -74.01 2.02253412315468
5 0 5 5 -80.8762 0.4142809311761813
5 0 9 4 -82.2 2.574836982024013
5 0 5 9 -85.92 0.6606851953374354
5 0 4 2 -70.0421 2.02253412315468
5 0 2 7 -84.8586 1.8306104706098087
5 0 3 5 -81.3153 1.8543377546204012
5 0 3 1 -69.3896 0.7535492018748609
5 0 8 3 -80.2788 2.02253412315468
5 0 7 3 -78.4815 0.31961585322723524
5 0 6 5 -81.3094 0.6606851953374354
5 0 2 3 -78.4502 0.7535492018748609
5 0 1 4 -81.6688 0.5181550542899774
5 1 7 9 -85.63 0.4154391840750011
5 1 9 7 -84.88 0.31961585322723524
5 1 0 1 -79.99 1.5204824599919968
5 1 3 9 -85.74 0.4202676150502109
5 1 5 6 -81.0799 1.4346625681183898
5 1 5 8 -84.3831 0.4518638216531902
5 1 1 1 -77.6114 2.574836982024013
5 1 2 0 -74.05 2.02253412315468
5 1 5 5 -78.7933 0.4142809311761813
5 1 9 4 -82.02 2.574836982024013
5 1 5 9 -84.89 0.6606851953374354
5 1 4 2 -63.794 2.02253412315468
5 1 2 7 -83.7013 1.8306104706098087
5 1 3 5 -79.4692 1.8543377546204012
5 1 3 1 -66.8265 0.7535492018748609
5 1 8 3 -79.0935 2.02253412315468
5 1 7 3 -76.6138 0.31961585322723524
5 1 6 5 -79.4625 0.6606851953374354
5 1 2 3 -76.6629 0.7535492018748609
5 1 1 4 -80.4315 0.5181550542899774
5 2 7 9 -84.53 0.4154391840750011
5 2 9 7 -83.59 0.31961585322723524
5 2 0 1 -80.03 1.5204824599919968
5 2 3 9 -84.67 0.4202676150502109
5 2 5 6 -79.0525 1.4346625681183898
5 2 5 8 -83.0428 0.4518638216531902
5 2 1 1 -77.8574 2.574836982024013
5 2 2 0 -74.53 2.02253412315468
5 2 5 5 -76.0803 0.4142809311761813
5 2 9 4 -80.3 2.574836982024013
5 2 5 9 -83.73 0.6606851953374354
5 2 4 2 -59.906800000000004 2.02253412315468
5 2 2 7 -82.3883 1.8306104706098087
5 2 3 5 -77.2204 1.8543377546204012
5 2 3 1 -68.2525 0.7535492018748609
5 2 8 3 -78.1359 2.02253412315468
5 2 7 3 -74.9258 0.31961585322723524
5 2 6 5 -77.2111 0.6606851953374354
5 2 2 3 -74.9424 0.7535492018748609
5 2 1 4 -79.2204 0.5181550542899774
5 3 7 9 -83.26 0.4154391840750011
5 3 9 7 -83.59 0.31961585322723524
5 3 0 1 -80.21 1.5204824599919968
5 3 3 9 -83.45 0.4202676150502109
5 3 5 6 -76.4192 1.4346625681183898
5 3 5 8 -81.4654 0.4518638216531902
5 3 1 1 -78.628 2.574836982024013
5 3 2 0 -77.38 2.02253412315468
5 3 5 5 -72.0804 0.4142809311761813
5 3 9 4 -80.07 2.574836982024013
5 3 5 9 -82.38 0.6606851953374354
5 3 4 2 -61.688500000000005 2.02253412315468
5 3 2 7 -80.9197 1.8306104706098087
5 3 3 5 -74.4139 1.8543377546204012
5 3 3 1 -72.2651 0.7535492018748609
5 3 8 3 -77.6324 2.02253412315468
5 3 7 3 -73.9377 0.31961585322723524
5 3 6 5 -74.4484 0.6606851953374354
5 3 2 3 -73.9527 0.7535492018748609
5 3 1 4 -78.2316 0.5181550542899774
5 4 7 9 -81.76 0.4154391840750011
5 4 9 7 -82.02 0.31961585322723524
5 4 0 1 -80.52 1.5204824599919968
5 4 3 9 -81.96 0.4202676150502109
5 4 5 6 -72.6714 1.4346625681183898
5 4 5 8 -79.5376 0.4518638216531902
5 4 1 1 -79.7267 2.574836982024013
5 4 2 0 -79.59 2.02253412315468
5 4 5 5 -65.6456 0.4142809311761813
5 4 9 4 -79.99 2.574836982024013
5 4 5 9 -80.79 0.6606851953374354
5 4 4 2 -67.0875 2.02253412315468
5 4 2 7 -79.2513 1.8306104706098087
5 4 3 5 -70.5238 1.8543377546204012
5 4 3 1 -75.4271 0.7535492018748609
5 4 8 3 -77.7323 2.02253412315468
5 4 7 3 -74.1376 0.31961585322723524
5 4 6 5 -70.949 0.6606851953374354
5 4 2 3 -74.1478 0.7535492018748609
5 4 1 4 -77.662 0.5181550542899774
5 5 7 9 -81.4 0.4154391840750011
5 5 9 7 -80.54 0.31961585322723524
5 5 0 1 -82.02 1.5204824599919968
5 5 3 9 -80.26 0.4202676150502109
5 5 5 6 -66.3307 1.4346625681183898
5 5 5 8 -77.0428 0.4518638216531902
5 5 1 1 -80.9668 2.574836982024013
5 5 2 0 -80.18 2.02253412315468
5 5 5 5 -60.8387 0.4142809311761813
5 5 9 4 -80.06 2.574836982024013
5 5 5 9 -78.83 0.6606851953374354
5 5 4 2 -73.2278 2.02253412315468
5 5 2 7 -77.4598 1.8306104706098087
5 5 3 5 -67.5052 1.8543377546204012
5 5 3 1 -78.0029 0.7535492018748609
5 5 8 3 -78.4025 2.02253412315468
5 5 7 3 -75.4201 0.31961585322723524
5 5 6 5 -67.504 0.6606851953374354
5 5 2 3 -75.4371 0.7535492018748609
5 5 1 4 -77.6938 0.5181550542899774
5 6 7 9 -79.79 0.4154391840750011
5 6 9 7 -80.22 0.31961585322723524
5 6 0 1 -83.62 1.5204824599919968
5 6 3 9 -75.81 0.4202676150502109
5 6 5 6 -61.2114 1.4346625681183898
5 6 5 8 -73.6775 0.4518638216531902
5 6 1 1 -82.2143 2.574836982024013
5 6 2 0 -82.05 2.02253412315468
5 6 5 5 -60.557900000000004 0.4142809311761813
5 6 9 4 -80.27 2.574836982024013
5 6 5 9 -76.29 0.6606851953374354
5 6 4 2 -76.7468 2.02253412315468
5 6 2 7 -75.6903 1.8306104706098087
5 6 3 5 -67.1367 1.8543377546204012
5 6 3 1 -80.1303 0.7535492018748609
5 6 8 3 -79.4492 2.02253412315468
5 6 7 3 -77.2408 0.31961585322723524
5 6 6 5 -67.1291 0.6606851953374354
5 6 2 3 -77.2315 0.7535492018748609
5 6 1 4 -78.3169 0.5181550542899774
5 7 7 9 -77.42 0.4154391840750011
5 7 9 7 -80.03 0.31961585322723524
5 7 0 1 -83.79 1.5204824599919968
5 7 3 9 -75.05 0.4202676150502109
5 7 5 6 -60.2619 1.4346625681183898
5 7 5 8 -67.8259 0.4518638216531902
5 7 1 1 -83.3782 2.574836982024013
5 7 2 0 -83.48 2.02253412315468
5 7 5 5 -64.9772 0.4142809311761813
5 7 9 4 -80.61 2.574836982024013
5 7 5 9 -72.7 0.6606851953374354
5 7 4 2 -79.305 2.02253412315468
5 7 2 7 -74.2675 1.8306104706098087
5 7 3 5 -70.5146 1.8543377546204012
5 7 3 1 -81.8623 0.7535492018748609
5 7 8 3 -80.6849 2.02253412315468
5 7 7 3 -79.0497 0.31961585322723524
5 7 6 5 -70.4532 0.6606851953374354
5 7 2 3 -79.0653 0.7535492018748609
5 7 1 4 -79.337 0.5181550542899774
5 8 7 9 -74.58 0.4154391840750011
5 8 9 7 -79.99 0.31961585322723524
5 8 0 1 -84.93 1.5204824599919968
5 8 3 9 -71.51 0.4202676150502109
5 8 5 6 -64.4258 1.4346625681183898
5 8 5 8 -62.3142 0.4518638216531902
5 8 1 1 -84.4825 2.574836982024013
5 8 2 0 -84.53 2.02253412315468
5 8 5 5 -71.4537 0.4142809311761813
5 8 9 4 -82.16 2.574836982024013
5 8 5 9 -66.59 0.6606851953374354
5 8 4 2 -81.2825 2.02253412315468
5 8 2 7 -73.9128 1.8306104706098087
5 8 3 5 -74.1616 1.8543377546204012
5 8 3 1 -83.3329 0.7535492018748609
5 8 8 3 -81.9323 2.02253412315468
5 8 7 3 -80.7272 0.31961585322723524
5 8 6 5 -74.1095 0.6606851953374354
5 8 2 3 -80.7291 0.7535492018748609
5 8 1 4 -80.5533 0.5181550542899774
5 9 7 9 -74.07 0.4154391840750011
5 9 9 7 -80.12 0.31961585322723524
5 9 0 1 -86.04 1.5204824599919968
5 9 3 9 -70.64 0.4202676150502109
5 9 5 6 -70.775 1.4346625681183898
5 9 5 8 -59.982600000000005 0.4518638216531902
5 9 1 1 -85.499 2.574836982024013
5 9 2 0 -85.63 2.02253412315468
5 9 5 5 -75.7333 0.4142809311761813
5 9 9 4 -82.19 2.574836982024013
5 9 5 9 -64.88 0.6606851953374354
5 9 4 2 -82.8937 2.02253412315468
5 9 2 7 -74.7682 1.8306104706098087
5 9 3 5 -76.9118 1.8543377546204012
5 9 3 1 -84.5969 0.7535492018748609
5 9 8 3 -83.1281 2.02253412315468
5 9 7 3 -82.2313 0.31961585322723524
5 9 6 5 -76.9035 0.6606851953374354
5 9 2 3 -82.2273 0.7535492018748609
5 9 1 4 -81.8029 0.5181550542899774
6 0 7 9 -86.75 0.4154391840750011
6 0 9 7 -85.36 0.31961585322723524
6 0 0 1 -81.42 1.5204824599919968
6 0 3 9 -86.64 0.4202676150502109
6 0 5 6 -82.7069 1.4346625681183898
6 0 5 8 -85.5418 0.4518638216531902
6 0 1 1 -80.206 2.574836982024013
6 0 2 0 -76.49 2.02253412315468
6 0 5 5 -80.858 0.4142809311761813
6 0 9 4 -81.03 2.574836982024013
6 0 5 9 -85.93 0.6606851953374354
6 0 4 2 -72.9486 2.02253412315468
6 0 2 7 -85.3335 1.8306104706098087
6 0 3 5 -81.9894 1.8543377546204012
6 0 3 1 -74.2418 0.7535492018748609
6 0 8 3 -78.6723 2.02253412315468
6 0 7 3 -76.7926 0.31961585322723524
6 0 6 5 -80.8965 0.6606851953374354
6 0 2 3 -80.1099 0.7535492018748609
6 0 1 4 -82.8226 0.5181550542899774
6 1 7 9 -85.82 0.4154391840750011
6 1 9 7 -84.12 0.31961585322723524
6 1 0 1 -81.33 1.5204824599919968
6 1 3 9 -85.68 0.4202676150502109
6 1 5 6 -81.063 1.4346625681183898
6 1 5 8 -84.3767 0.4518638216531902
6 1 1 1 -79.9635 2.574836982024013
6 1 2 0 -76.52 2.02253412315468
6 1 5 5 -78.7592 0.4142809311761813
6 1 9 4 -81.03 2.574836982024013
6 1 5 9 -84.91 0.6606851953374354
6 1 4 2 -68.2338 2.02253412315468
6 1 2 7 -84.2941 1.8306104706098087
6 1 3 5 -80.4471 1.8543377546204012
6 1 3 1 -73.4962 0.7535492018748609
6 1 8 3 -76.8926 2.02253412315468
6 1 7 3 -74.1552 0.31961585322723524
6 1 6 5 -78.8359 0.6606851953374354
6 1 2 3 -78.8704 0.7535492018748609
6 1 1 4 -81.8804 0.5181550542899774
6 2 7 9 -84.63 0.4154391840750011
6 2 9 7 -82.72 0.31961585322723524
6 2 0 1 -81.36 1.5204824599919968
6 2 3 9 -84.6 0.4202676150502109
6 2 5 6 -79.0216 1.4346625681183898
6 2 5 8 -83.0322 0.4518638216531902
6 2 1 1 -80.1226 2.574836982024013
6 2 2 0 -78.67 2.02253412315468
6 2 5 5 -76.0323 0.4142809311761813
6 2 9 4 -78.83 2.574836982024013
6 2 5 9 -83.74 0.6606851953374354
6 2 4 2 -65.9884 2.02253412315468
6 2 2 7 -83.1689 1.8306104706098087
6 2 3 5 -78.7041 1.8543377546204012
6 2 3 1 -73.9853 0.7535492018748609
6 2 8 3 -75.2846 2.02253412315468
6 2 7 3 -70.7993 0.31961585322723524
6 2 6 5 -76.15 0.6606851953374354
6 2 2 3 -77.8666 0.7535492018748609
6 2 1 4 -81.0215 0.5181550542899774
6 3 7 9 -83.4 0.4154391840750011
6 3 9 7 -82.71 0.31961585322723524
6 3 0 1 -81.5 1.5204824599919968
6 3 3 9 -83.35 0.4202676150502109
6 3 5 6 -76.3649 1.4346625681183898
6 3 5 8 -81.4512 0.4518638216531902
6 3 1 1 -80.614 2.574836982024013
6 3 2 0 -79.07 2.02253412315468
6 3 5 5 -71.8628 0.4142809311761813
6 3 9 4 -78.81 2.574836982024013
6 3 5 9 -82.4 0.6606851953374354
6 3 4 2 -67.0723 2.02253412315468
6 3 2 7 -81.9611 1.8306104706098087
6 3 3 5 -76.7695 1.8543377546204012
6 3 3 1 -75.4795 0.7535492018748609
6 3 8 3 -74.3592 2.02253412315468
6 3 7 3 -68.0107 0.31961585322723524
6 3 6 5 -72.2865 0.6606851953374354
6 3 2 3 -77.3276 0.7535492018748609
6 3 1 4 -80.3604 0.5181550542899774
6 4 7 9 -81.96 0.4154391840750011
6 4 9 7 -80.97 0.31961585322723524
6 4 0 1 -83.07 1.5204824599919968
6 4 3 9 -81.88 0.4202676150502109
6 4 5 6 -72.516 1.4346625681183898
6 4 5 8 -79.5161 0.4518638216531902
6 4 1 1 -81.3737 2.574836982024013
6 4 2 0 -80.9 2.02253412315468
6 4 5 5 -65.4586 0.4142809311761813
6 4 9 4 -76.47 2.574836982024013
6 4 5 9 -80.82 0.6606851953374354
6 4 4 2 -71.314 2.02253412315468
6 4 2 7 -80.6853 1.8306104706098087
6 4 3 5 -74.9225 1.8543377546204012
6 4 3 1 -77.4233 0.7535492018748609
6 4 8 3 -74.5343 2.02253412315468
6 4 7 3 -68.6209 0.31961585322723524
6 4 6 5 -65.9624 0.6606851953374354
6 4 2 3 -77.4394 0.7535492018748609
6 4 1 4 -79.998 0.5181550542899774
6 5 7 9 -80.26 0.4154391840750011
6 5 9 7 -79.15 0.31961585322723524
6 5 0 1 -83.09 1.5204824599919968
6 5 3 9 -80.09 0.4202676150502109
6 5 5 6 -66.1388 1.4346625681183898
6 5 5 8 -77.0053 0.4518638216531902
6 5 1 1 -82.2862 2.574836982024013
6 5 2 0 -81.38 2.02253412315468
6 5 5 5 -60.641099999999994 0.4142809311761813
6 5 9 4 -76.59 2.574836982024013
6 5 5 9 -78.87 0.6606851953374354
6 5 4 2 -74.9378 2.02253412315468
6 5 2 7 -79.4096 1.8306104706098087
6 5 3 5 -73.6492 1.8543377546204012
6 5 3 1 -79.3003 0.7535492018748609
6 5 8 3 -75.7401 2.02253412315468
6 5 7 3 -71.8783 0.31961585322723524
6 5 6 5 -61.0616 0.6606851953374354
6 5 2 3 -78.1537 0.7535492018748609
6 5 1 4 -80.0172 0.5181550542899774
6 6 7 9 -78.15 0.4154391840750011
6 6 9 7 -78.72 0.31961585322723524
6 6 0 1 -84.57 1.5204824599919968
6 6 3 9 -78.15 0.4202676150502109
6 6 5 6 -60.903000000000006 1.4346625681183898
6 6 5 8 -73.6057 0.4518638216531902
6 6 1 1 -83.2546 2.574836982024013
6 6 2 0 -82.81 2.02253412315468
6 6 5 5 -60.1289 0.4142809311761813
6 6 9 4 -78.78 2.574836982024013
6 6 5 9 -76.36 0.6606851953374354
6 6 4 2 -77.6284 2.02253412315468
6 6 2 7 -78.261 1.8306104706098087
6 6 3 5 -73.5699 1.8543377546204012
6 6 3 1 -80.9798 0.7535492018748609
6 6 8 3 -77.4564 2.02253412315468
6 6 7 3 -75.0658 0.31961585322723524
6 6 6 5 -60.873999999999995 0.6606851953374354
6 6 2 3 -79.2572 0.7535492018748609
6 6 1 4 -80.4089 0.5181550542899774
6 7 7 9 -75.57 0.4154391840750011
6 7 9 7 -76.56 0.31961585322723524
6 7 0 1 -84.6 1.5204824599919968
6 7 3 9 -77.43 0.4202676150502109
6 7 5 6 -59.7804 1.4346625681183898
6 7 5 8 -67.4819 0.4518638216531902
6 7 1 1 -84.2148 2.574836982024013
6 7 2 0 -84.15 2.02253412315468
6 7 5 5 -64.8382 0.4142809311761813
6 7 9 4 -79.22 2.574836982024013
6 7 5 9 -72.81 0.6606851953374354
6 7 4 2 -79.8295 2.02253412315468
6 7 2 7 -77.4935 1.8306104706098087
6 7 3 5 -74.716 1.8543377546204012
6 7 3 1 -82.4557 0.7535492018748609
6 7 8 3 -79.2198 2.02253412315468
6 7 7 3 -77.6176 0.31961585322723524
6 7 6 5 -65.4164 0.6606851953374354
6 7 2 3 -80.5368 0.7535492018748609
6 7 1 4 -81.1021 0.5181550542899774
6 8 7 9 -71.83 0.4154391840750011
6 8 9 7 -76.47 0.31961585322723524
6 8 0 1 -85.61 1.5204824599919968
6 8 3 9 -74.59 0.4202676150502109
6 8 5 6 -64.2713 1.4346625681183898
6 8 5 8 -62.158199999999994 0.4518638216531902
6 8 1 1 -85.1459 2.574836982024013
6 8 2 0 -85.35 2.02253412315468
6 8 5 5 -71.232 0.4142809311761813
6 8 9 4 -81.04 2.574836982024013
6 8 5 9 -66.72 0.6606851953374354
6 8 4 2 -81.6243 2.02253412315468
6 8 2 7 -77.3051 1.8306104706098087
6 8 3 5 -76.5508 1.8543377546204012
6 8 3 1 -83.7727 0.7535492018748609
6 8 8 3 -80.8471 2.02253412315468
6 8 7 3 -79.7824 0.31961585322723524
6 8 6 5 -71.711 0.6606851953374354
6 8 2 3 -81.8113 0.7535492018748609
6 8 1 4 -81.9748 0.5181550542899774
6 9 7 9 -70.64 0.4154391840750011
6 9 9 7 -76.68 0.31961585322723524
6 9 0 1 -86.67 1.5204824599919968
6 9 3 9 -74.07 0.4202676150502109
6 9 5 6 -70.558 1.4346625681183898
6 9 5 8 -59.550799999999995 0.4518638216531902
6 9 1 1 -86.0295 2.574836982024013
6 9 2 0 -86.38 2.02253412315468
6 9 5 5 -75.7039 0.4142809311761813
6 9 9 4 -81.16 2.574836982024013
6 9 5 9 -64.9 0.6606851953374354
6 9 4 2 -83.1386 2.02253412315468
6 9 2 7 -77.7763 1.8306104706098087
6 9 3 5 -78.4803 1.8543377546204012
6 9 3 1 -84.9314 0.7535492018748609
6 9 8 3 -82.3104 2.02253412315468
6 9 7 3 -81.5626 0.31961585322723524
6 9 6 5 -75.8021 0.6606851953374354
6 9 2 3 -83.0392 0.7535492018748609
6 9 1 4 -82.9266 0.5181550542899774
7 0 7 9 -85.92 0.4154391840750011
7 0 9 7 -84.5 0.31961585322723524
7 0 0 1 -83.57 1.5204824599919968
7 0 3 9 -87.16 0.4202676150502109
7 0 5 6 -82.9411 1.4346625681183898
7 0 5 8 -85.6653 0.4518638216531902
7 0 1 1 -81.9833 2.574836982024013
7 0 2 0 -80.0 2.02253412315468
7 0 5 5 -81.2037 0.4142809311761813
7 0 9 4 -79.89 2.574836982024013
7 0 5 9 -86.71 0.6606851953374354
7 0 4 2 -75.8817 2.02253412315468
7 0 2 7 -85.8726 1.8306104706098087
7 0 3 5 -82.8251 1.8543377546204012
7 0 3 1 -77.3882 0.7535492018748609
7 0 8 3 -76.9866 2.02253412315468
7 0 7 3 -75.542 0.31961585322723524
7 0 6 5 -80.836 0.6606851953374354
7 0 2 3 -81.6145 0.7535492018748609
7 0 1 4 -83.9301 0.5181550542899774
7 1 7 9 -84.89 0.4154391840750011
7 1 9 7 -83.22 0.31961585322723524
7 1 0 1 -83.51 1.5204824599919968
7 1 3 9 -86.23 0.4202676150502109
7 1 5 6 -81.3945 1.4346625681183898
7 1 5 8 -84.5376 0.4518638216531902
7 1 1 1 -81.8277 2.574836982024013
7 1 2 0 -80.02 2.02253412315468
7 1 5 5 -79.2904 0.4142809311761813
7 1 9 4 -77.72 2.574836982024013
7 1 5 9 -85.76 0.6606851953374354
7 1 4 2 -73.9944 2.02253412315468
7 1 2 7 -84.9734 1.8306104706098087
7 1 3 5 -81.55 1.8543377546204012
7 1 3 1 -76.9777 0.7535492018748609
7 1 8 3 -74.4334 2.02253412315468
7 1 7 3 -71.2514 0.31961585322723524
7 1 6 5 -78.7347 0.6606851953374354
7 1 2 3 -80.7463 0.7535492018748609
7 1 1 4 -83.1925 0.5181550542899774
7 2 7 9 -83.72 0.4154391840750011
7 2 9 7 -81.7 0.31961585322723524
7 2 0 1 -83.53 1.5204824599919968
7 2 3 9 -85.3 0.4202676150502109
7 2 5 6 -79.5344 1.4346625681183898
7 2 5 8 -83.252 0.4518638216531902
7 2 1 1 -81.9301 2.574836982024013
7 2 2 0 -80.19 2.02253412315468
7 2 5 5 -76.9124 0.4142809311761813
7 2 9 4 -77.4 2.574836982024013
7 2 5 9 -84.69 0.6606851953374354
7 2 4 2 -72.9821 2.02253412315468
7 2 2 7 -84.0107 1.8306104706098087
7 2 3 5 -80.2267 1.8543377546204012
7 2 3 1 -77.2564 0.7535492018748609
7 2 8 3 -71.4027 2.02253412315468
7 2 7 3 -65.0751 0.31961585322723524
7 2 6 5 -75.9797 0.6606851953374354
7 2 2 3 -80.0861 0.7535492018748609
7 2 1 4 -82.5637 0.5181550542899774
7 3 7 9 -82.37 0.4154391840750011
7 3 9 7 -81.7 0.31961585322723524
7 3 0 1 -83.62 1.5204824599919968
7 3 3 9 -84.27 0.4202676150502109
7 3 5 6 -77.2031 1.4346625681183898
7 3 5 8 -81.7578 0.4518638216531902
7 3 1 1 -82.2787 2.574836982024013
7 3 2 0 -80.49 2.02253412315468
7 3 5 5 -73.8686 0.4142809311761813
7 3 9 4 -74.25 2.574836982024013
7 3 5 9 -83.47 0.6606851953374354
7 3 4 2 -73.3985 2.02253412315468
7 3 2 7 -83.0339 1.8306104706098087
7 3 3 5 -78.9151 1.8543377546204012
7 3 3 1 -78.1312 0.7535492018748609
7 3 8 3 -68.9286 2.02253412315468
7 3 7 3 -61.095200000000006 0.31961585322723524
7 3 6 5 -71.8354 0.6606851953374354
7 3 2 3 -79.7499 0.7535492018748609
7 3 1 4 -82.0937 0.5181550542899774
7 4 7 9 -80.77 0.4154391840750011
7 4 9 7 -79.71 0.31961585322723524
7 4 0 1 -83.78 1.5204824599919968
7 4 3 9 -83.76 0.4202676150502109
7 4 5 6 -74.0491 1.4346625681183898
7 4 5 8 -79.9729 0.4518638216531902
7 4 1 1 -82.8274 2.574836982024013
7 4 2 0 -82.04 2.02253412315468
7 4 5 5 -69.4386 0.4142809311761813
7 4 9 4 -73.97 2.574836982024013
7 4 5 9 -82.05 0.6606851953374354
7 4 4 2 -74.9571 2.02253412315468
7 4 2 7 -82.043 1.8306104706098087
7 4 3 5 -77.7838 1.8543377546204012
7 4 3 1 -79.3334 0.7535492018748609
7 4 8 3 -69.4961 2.02253412315468
7 4 7 3 -61.9216 0.31961585322723524
7 4 6 5 -65.3296 0.6606851953374354
7 4 2 3 -79.8156 0.7535492018748609
7 4 1 4 -81.8467 0.5181550542899774
7 5 7 9 -78.81 0.4154391840750011
7 5 9 7 -77.4 0.31961585322723524
7 5 0 1 -85.02 1.5204824599919968
7 5 3 9 -82.52 0.4202676150502109
7 5 5 6 -69.7569 1.4346625681183898
7 5 5 8 -77.7554 0.4518638216531902
7 5 1 1 -83.5106 2.574836982024013
7 5 2 0 -82.43 2.02253412315468
7 5 5 5 -65.625 0.4142809311761813
7 5 9 4 -74.15 2.574836982024013
7 5 5 9 -78.58 0.6606851953374354
7 5 4 2 -76.986 2.02253412315468
7 5 2 7 -81.1158 1.8306104706098087
7 5 3 5 -77.0744 1.8543377546204012
7 5 3 1 -80.6699 0.7535492018748609
7 5 8 3 -72.3651 2.02253412315468
7 5 7 3 -67.0432 0.31961585322723524
7 5 6 5 -60.337999999999994 0.6606851953374354
7 5 2 3 -80.2678 0.7535492018748609
7 5 1 4 -81.8633 0.5181550542899774
7 6 7 9 -76.26 0.4154391840750011
7 6 9 7 -74.68 0.31961585322723524
7 6 0 1 -85.07 1.5204824599919968
7 6 3 9 -80.91 0.4202676150502109
7 6 5 6 -66.0129 1.4346625681183898
7 6 5 8 -75.0034 0.4518638216531902
7 6 1 1 -84.2693 2.574836982024013
7 6 2 0 -83.68 2.02253412315468
7 6 5 5 -65.3484 0.4142809311761813
7 6 9 4 -74.74 2.574836982024013
7 6 5 9 -78.14 0.6606851953374354
7 6 4 2 -78.9394 2.02253412315468
7 6 2 7 -80.3481 1.8306104706098087
7 6 3 5 -77.0379 1.8543377546204012
7 6 3 1 -81.9741 0.7535492018748609
7 6 8 3 -75.2535 2.02253412315468
7 6 7 3 -73.0163 0.31961585322723524
7 6 6 5 -60.200500000000005 0.6606851953374354
7 6 2 3 -81.0141 0.7535492018748609
7 6 1 4 -82.121 0.5181550542899774
7 7 7 9 -72.63 0.4154391840750011
7 7 9 7 -74.12 0.31961585322723524
7 7 0 1 -86.22 1.5204824599919968
7 7 3 9 -79.09 0.4202676150502109
7 7 5 6 -65.1545 1.4346625681183898
7 7 5 8 -71.3381 0.4518638216531902
7 7 1 1 -85.0615 2.574836982024013
7 7 2 0 -84.92 2.02253412315468
7 7 5 5 -69.1013 0.4142809311761813
7 7 9 4 -77.58 2.574836982024013
7 7 5 9 -72.67 0.6606851953374354
7 7 4 2 -80.6833 2.02253412315468
7 7 2 7 -79.8476 1.8306104706098087
7 7 3 5 -77.6783 1.8543377546204012
7 7 3 1 -83.2076 0.7535492018748609
7 7 8 3 -77.7666 2.02253412315468
7 7 7 3 -76.5579 0.31961585322723524
7 7 6 5 -64.6284 0.6606851953374354
7 7 2 3 -81.9315 0.7535492018748609
7 7 1 4 -82.6214 0.5181550542899774
7 8 7 9 -66.59 0.4154391840750011
7 8 9 7 -73.98 0.31961585322723524
7 8 0 1 -86.31 1.5204824599919968
7 8 3 9 -78.68 0.4202676150502109
7 8 5 6 -68.5303 1.4346625681183898
7 8 5 8 -66.796 0.4518638216531902
7 8 1 1 -85.8391 2.574836982024013
7 8 2 0 -86.07 2.02253412315468
7 8 5 5 -73.5278 0.4142809311761813
7 8 9 4 -79.94 2.574836982024013
7 8 5 9 -71.51 0.6606851953374354
7 8 4 2 -82.2305 2.02253412315468
7 8 2 7 -79.7344 1.8306104706098087
7 8 3 5 -78.7827 1.8543377546204012
7 8 3 1 -84.3471 0.7535492018748609
7 8 8 3 -79.8804 2.02253412315468
7 8 7 3 -79.1459 0.31961585322723524
7 8 6 5 -71.1618 0.6606851953374354
7 8 2 3 -82.9587 0.7535492018748609
7 8 1 4 -84.6281 0.5181550542899774
7 9 7 9 -64.89 0.4154391840750011
7 9 9 7 -74.3 0.31961585322723524
7 9 0 1 -86.55 1.5204824599919968
7 9 3 9 -76.53 0.4202676150502109
7 9 5 6 -73.1662 1.4346625681183898
7 9 5 8 -64.8664 0.4518638216531902
7 9 1 1 -86.6193 2.574836982024013
7 9 2 0 -86.28 2.02253412315468
7 9 5 5 -76.612 0.4142809311761813
7 9 9 4 -79.94 2.574836982024013
7 9 5 9 -70.64 0.6606851953374354
7 9 4 2 -83.5734 2.02253412315468
7 9 2 7 -80.0273 1.8306104706098087
7 9 3 5 -80.0651 1.8543377546204012
7 9 3 1 -85.3805 0.7535492018748609
7 9 8 3 -81.6284 2.02253412315468
7 9 7 3 -81.138 0.31961585322723524
7 9 6 5 -75.6377 0.6606851953374354
7 9 2 3 -83.901 0.7535492018748609
7 9 1 4 -84.0111 0.5181550542899774
8 0 7 9 -85.93 0.4154391840750011
8 0 9 7 -84.74 0.31961585322723524
8 0 0 1 -84.47 1.5204824599919968
8 0 3 9 -87.08 0.4202676150502109
8 0 5 6 -83.3834 1.4346625681183898
8 0 5 8 -85.9057 0.4518638216531902
8 0 1 1 -83.4601 2.574836982024013
8 0 2 0 -81.33 2.02253412315468
8 0 5 5 -81.8247 0.4142809311761813
8 0 9 4 -78.32 2.574836982024013
8 0 5 9 -86.66 0.6606851953374354
8 0 4 2 -78.2591 2.02253412315468
8 0 2 7 -86.4393 1.8306104706098087
8 0 3 5 -83.7573 1.8543377546204012
8 0 3 1 -79.7524 0.7535492018748609
8 0 8 3 -75.656 2.02253412315468
8 0 7 3 -75.1929 0.31961585322723524
8 0 6 5 -81.1386 0.6606851953374354
8 0 2 3 -82.9659 0.7535492018748609
8 0 1 4 -83.9131 0.5181550542899774
8 1 7 9 -84.91 0.4154391840750011
8 1 9 7 -83.54 0.31961585322723524
8 1 0 1 -84.43 1.5204824599919968
8 1 3 9 -86.3 0.4202676150502109
8 1 5 6 -81.9941 1.4346625681183898
8 1 5 8 -84.8466 0.4518638216531902
8 1 1 1 -83.3542 2.574836982024013
8 1 2 0 -81.35 2.02253412315468
8 1 5 5 -80.2096 0.4142809311761813
8 1 9 4 -78.32 2.574836982024013
8 1 5 9 -85.7 0.6606851953374354
8 1 4 2 -77.1781 2.02253412315468
8 1 2 7 -85.6835 1.8306104706098087
8 1 3 5 -82.6866 1.8543377546204012
8 1 3 1 -79.4921 0.7535492018748609
8 1 8 3 -71.5812 2.02253412315468
8 1 7 3 -70.2989 0.31961585322723524
8 1 6 5 -79.2101 0.6606851953374354
8 1 2 3 -82.3373 0.7535492018748609
8 1 1 4 -84.3815 0.5181550542899774
8 2 7 9 -83.75 0.4154391840750011
8 2 9 7 -82.13 0.31961585322723524
8 2 0 1 -84.44 1.5204824599919968
8 2 3 9 -85.3 0.4202676150502109
8 2 5 6 -80.4013 1.4346625681183898
8 2 5 8 -83.6665 0.4518638216531902
8 2 1 1 -83.4279 2.574836982024013
8 2 2 0 -81.48 2.02253412315468
8 2 5 5 -78.3438 0.4142809311761813
8 2 9 4 -75.36 2.574836982024013
8 2 5 9 -84.62 0.6606851953374354
8 2 4 2 -76.652 2.02253412315468
8 2 2 7 -84.8784 1.8306104706098087
8 2 3 5 -81.6824 1.8543377546204012
8 2 3 1 -79.6632 0.7535492018748609
8 2 8 3 -65.5223 2.02253412315468
8 2 7 3 -63.827 0.31961585322723524
8 2 6 5 -76.788 0.6606851953374354
8 2 2 3 -81.8702 0.7535492018748609
8 2 1 4 -83.8932 0.5181550542899774
8 3 7 9 -82.41 0.4154391840750011
8 3 9 7 -80.44 0.31961585322723524
8 3 0 1 -84.52 1.5204824599919968
8 3 3 9 -84.92 0.4202676150502109
8 3 5 6 -78.5698 1.4346625681183898
8 3 5 8 -82.3213 0.4518638216531902
8 3 1 1 -83.6837 2.574836982024013
8 3 2 0 -82.8 2.02253412315468
8 3 5 5 -76.3023 0.4142809311761813
8 3 9 4 -70.94 2.574836982024013
8 3 5 9 -83.38 0.6606851953374354
8 3 4 2 -76.8697 2.02253412315468
8 3 2 7 -84.0785 1.8306104706098087
8 3 3 5 -80.7442 1.8543377546204012
8 3 3 1 -80.209 0.7535492018748609
8 3 8 3 -62.34739999999999 2.02253412315468
8 3 7 3 -60.3652 0.31961585322723524
8 3 6 5 -73.6464 0.6606851953374354
8 3 2 3 -81.6493 0.7535492018748609
8 3 1 4 -83.5467 0.5181550542899774
8 4 7 9 -80.82 0.4154391840750011
8 4 9 7 -78.32 0.31961585322723524
8 4 0 1 -84.65 1.5204824599919968
8 4 3 9 -84.57 0.4202676150502109
8 4 5 6 -76.5507 1.4346625681183898
8 4 5 8 -80.7793 0.4518638216531902
8 4 1 1 -84.0925 2.574836982024013
8 4 2 0 -83.07 2.02253412315468
8 4 5 5 -74.4161 0.4142809311761813
8 4 9 4 -70.88 2.574836982024013
8 4 5 9 -81.93 0.6606851953374354
8 4 4 2 -77.7457 2.02253412315468
8 4 2 7 -83.296 1.8306104706098087
8 4 3 5 -79.9928 1.8543377546204012
8 4 3 1 -81.0402 0.7535492018748609
8 4 8 3 -62.9855 2.02253412315468
8 4 7 3 -61.328 0.31961585322723524
8 4 6 5 -69.1464 0.6606851953374354
8 4 2 3 -81.6912 0.7535492018748609
8 4 1 4 -83.3687 0.5181550542899774
8 5 7 9 -78.88 0.4154391840750011
8 5 9 7 -75.35 0.31961585322723524
8 5 0 1 -85.61 1.5204824599919968
8 5 3 9 -82.44 0.4202676150502109
8 5 5 6 -74.402 1.4346625681183898
8 5 5 8 -78.9989 0.4518638216531902
8 5 1 1 -84.6246 2.574836982024013
8 5 2 0 -84.26 2.02253412315468
8 5 5 5 -72.727 0.4142809311761813
8 5 9 4 -65.1 2.574836982024013
8 5 5 9 -80.15 0.6606851953374354
8 5 4 2 -78.9902 2.02253412315468
8 5 2 7 -82.6052 1.8306104706098087
8 5 3 5 -79.5516 1.8543377546204012
8 5 3 1 -82.0035 0.7535492018748609
8 5 8 3 -67.3671 2.02253412315468
8 5 7 3 -65.8477 0.31961585322723524
8 5 6 5 -64.7174 0.6606851953374354
8 5 2 3 -82.0014 0.7535492018748609
8 5 1 4 -83.3771 0.5181550542899774
8 6 7 9 -76.38 0.4154391840750011
8 6 9 7 -71.67 0.31961585322723524
8 6 0 1 -85.81 1.5204824599919968
8 6 3 9 -82.04 0.4202676150502109
8 6 5 6 -72.8047 1.4346625681183898
8 6 5 8 -77.0374 0.4518638216531902
8 6 1 1 -85.2356 2.574836982024013
8 6 2 0 -84.57 2.02253412315468
8 6 5 5 -72.608 0.4142809311761813
8 6 9 4 -71.72 2.574836982024013
8 6 5 9 -78.15 0.6606851953374354
8 6 4 2 -80.3546 2.02253412315468
8 6 2 7 -82.0565 1.8306104706098087
8 6 3 5 -79.5263 1.8543377546204012
8 6 3 1 -83.0178 0.7535492018748609
8 6 8 3 -73.1609 2.02253412315468
8 6 7 3 -72.3725 0.31961585322723524
8 6 6 5 -64.4591 0.6606851953374354
8 6 2 3 -82.5278 0.7535492018748609
8 6 1 4 -83.5757 0.5181550542899774
8 7 7 9 -72.84 0.4154391840750011
8 7 9 7 -70.72 0.31961585322723524
8 7 0 1 -86.91 1.5204824599919968
8 7 3 9 -80.5 0.4202676150502109
8 7 5 6 -72.5502 1.4346625681183898
8 7 5 8 -74.8523 0.4518638216531902
8 7 1 1 -85.8827 2.574836982024013
8 7 2 0 -85.62 2.02253412315468
8 7 5 5 -74.006 0.4142809311761813
8 7 9 4 -75.57 2.574836982024013
8 7 5 9 -77.43 0.6606851953374354
8 7 4 2 -81.7171 2.02253412315468
8 7 2 7 -81.7137 1.8306104706098087
8 7 3 5 -79.9192 1.8543377546204012
8 7 3 1 -84.03 0.7535492018748609
8 7 8 3 -76.6412 2.02253412315468
8 7 7 3 -76.3023 0.31961585322723524
8 7 6 5 -68.3923 0.6606851953374354
8 7 2 3 -83.2098 0.7535492018748609
8 7 1 4 -83.9429 0.5181550542899774
8 8 7 9 -66.79 0.4154391840750011
8 8 9 7 -64.47 0.31961585322723524
8 8 0 1 -86.92 1.5204824599919968
8 8 3 9 -80.19 0.4202676150502109
8 8 5 6 -73.8234 1.4346625681183898
8 8 5 8 -73.1562 0.4518638216531902
8 8 1 1 -86.5485 2.574836982024013
8 8 2 0 -86.57 2.02253412315468
8 8 5 5 -76.0033 0.4142809311761813
8 8 9 4 -78.38 2.574836982024013
8 8 5 9 -74.75 0.6606851953374354
8 8 4 2 -82.9859 2.02253412315468
8 8 2 7 -81.6391 1.8306104706098087
8 8 3 5 -80.6369 1.8543377546204012
8 8 3 1 -84.9952 0.7535492018748609
8 8 8 3 -79.1872 2.02253412315468
8 8 7 3 -78.9838 0.31961585322723524
8 8 6 5 -73.2419 0.6606851953374354
8 8 2 3 -83.9766 0.7535492018748609
8 8 1 4 -84.3832 0.5181550542899774
8 9 7 9 -64.88 0.4154391840750011
8 9 9 7 -71.0 0.31961585322723524
8 9 0 1 -87.73 1.5204824599919968
8 9 3 9 -80.02 0.4202676150502109
8 9 5 6 -75.7668 1.4346625681183898
8 9 5 8 -72.4901 0.4518638216531902
8 9 1 1 -87.2233 2.574836982024013
8 9 2 0 -86.87 2.02253412315468
8 9 5 5 -78.1261 0.4142809311761813
8 9 9 4 -80.48 2.574836982024013
8 9 5 9 -74.07 0.6606851953374354
8 9 4 2 -84.1505 2.02253412315468
8 9 2 7 -81.8319 1.8306104706098087
8 9 3 5 -81.5621 1.8543377546204012
8 9 3 1 -85.9127 0.7535492018748609
8 9 8 3 -81.165 2.02253412315468
8 9 7 3 -81.0333 0.31961585322723524
8 9 6 5 -76.476 0.6606851953374354
8 9 2 3 -84.7784 0.7535492018748609
8 9 1 4 -84.9817 0.5181550542899774
9 0 7 9 -86.72 0.4154391840750011
9 0 9 7 -83.71 0.31961585322723524
9 0 0 1 -85.29 1.5204824599919968
9 0 3 9 -87.66 0.4202676150502109
9 0 5 6 -83.9672 1.4346625681183898
9 0 5 8 -86.2526 0.4518638216531902
9 0 1 1 -84.7392 2.574836982024013
9 0 2 0 -83.51 2.02253412315468
9 0 5 5 -82.6132 0.4142809311761813
9 0 9 4 -78.78 2.574836982024013
9 0 5 9 -87.19 0.6606851953374354
9 0 4 2 -80.2587 2.02253412315468
9 0 2 7 -87.0946 1.8306104706098087
9 0 3 5 -84.6018 1.8543377546204012
9 0 3 1 -81.6121 0.7535492018748609
9 0 8 3 -75.1711 2.02253412315468
9 0 7 3 -76.0217 0.31961585322723524
9 0 6 5 -81.7458 0.6606851953374354
9 0 2 3 -84.1944 0.7535492018748609
9 0 1 4 -85.9142 0.5181550542899774
9 1 7 9 -85.78 0.4154391840750011
9 1 9 7 -82.36 0.31961585322723524
9 1 0 1 -85.25 1.5204824599919968
9 1 3 9 -86.76 0.4202676150502109
9 1 5 6 -82.757 1.4346625681183898
9 1 5 8 -85.2762 0.4518638216531902
9 1 1 1 -84.6541 2.574836982024013
9 1 2 0 -83.53 2.02253412315468
9 1 5 5 -81.3041 0.4142809311761813
9 1 9 4 -76.22 2.574836982024013
9 1 5 9 -86.26 0.6606851953374354
9 1 4 2 -79.5686 2.02253412315468
9 1 2 7 -86.4035 1.8306104706098087
9 1 3 5 -83.777 1.8543377546204012
9 1 3 1 -81.4439 0.7535492018748609
9 1 8 3 -70.2501 2.02253412315468
9 1 7 3 -72.5574 0.31961585322723524
9 1 6 5 -80.1173 0.6606851953374354
9 1 2 3 -83.7148 0.7535492018748609
9 1 1 4 -85.4615 0.5181550542899774
9 2 7 9 -84.72 0.4154391840750011
9 2 9 7 -80.75 0.31961585322723524
9 2 0 1 -85.27 1.5204824599919968
9 2 3 9 -86.56 0.4202676150502109
9 2 5 6 -81.4536 1.4346625681183898
9 2 5 8 -84.2146 0.4518638216531902
9 2 1 1 -84.7118 2.574836982024013
9 2 2 0 -83.61 2.02253412315468
9 2 5 5 -79.8967 0.4142809311761813
9 2 9 4 -72.55 2.574836982024013
9 2 5 9 -85.21 0.6606851953374354
9 2 4 2 -79.2505 2.02253412315468
9 2 2 7 -85.7162 1.8306104706098087
9 2 3 5 -82.9934 1.8543377546204012
9 2 3 1 -81.5593 0.7535492018748609
9 2 8 3 -64.0783 2.02253412315468
9 2 7 3 -67.4345 0.31961585322723524
9 2 6 5 -78.2046 0.6606851953374354
9 2 2 3 -83.3729 0.7535492018748609
9 2 1 4 -85.146 0.5181550542899774
9 3 7 9 -82.28 0.4154391840750011
9 3 9 7 -78.78 0.31961585322723524
9 3 0 1 -86.17 1.5204824599919968
9 3 3 9 -85.62 0.4202676150502109
9 3 5 6 -80.0517 1.4346625681183898
9 3 5 8 -83.0368 0.4518638216531902
9 3 1 1 -84.9051 2.574836982024013
9 3 2 0 -83.77 2.02253412315468
9 3 5 5 -78.47 0.4142809311761813
9 3 9 4 -65.81 2.574836982024013
9 3 5 9 -84.18 0.6606851953374354
9 3 4 2 -79.3712 2.02253412315468
9 3 2 7 -85.0631 1.8306104706098087
9 3 3 5 -82.3091 1.8543377546204012
9 3 3 1 -81.9356 0.7535492018748609
9 3 8 3 -60.6525 2.02253412315468
9 3 7 3 -63.5038 0.31961585322723524
9 3 6 5 -76.0257 0.6606851953374354
9 3 2 3 -83.2041 0.7535492018748609
9 3 1 4 -84.8033 0.5181550542899774
9 4 7 9 -80.65 0.4154391840750011
9 4 9 7 -76.22 0.31961585322723524
9 4 0 1 -86.18 1.5204824599919968
9 4 3 9 -84.57 0.4202676150502109
9 4 5 6 -78.6302 1.4346625681183898
9 4 5 8 -81.7607 0.4518638216531902
9 4 1 1 -85.2261 2.574836982024013
9 4 2 0 -83.99 2.02253412315468
9 4 5 5 -77.2298 0.4142809311761813
9 4 9 4 -65.83 2.574836982024013
9 4 5 9 -81.79 0.6606851953374354
9 4 4 2 -79.9115 2.02253412315468
9 4 2 7 -84.4426 1.8306104706098087
9 4 3 5 -81.7756 1.8543377546204012
9 4 3 1 -82.5263 0.7535492018748609
9 4 8 3 -61.53060000000001 2.02253412315468
9 4 7 3 -64.3096 0.31961585322723524
9 4 6 5 -73.8497 0.6606851953374354
9 4 2 3 -83.2363 0.7535492018748609
9 4 1 4 -84.6602 0.5181550542899774
9 5 7 9 -78.63 0.4154391840750011
9 5 9 7 -72.56 0.31961585322723524
9 5 0 1 -86.31 1.5204824599919968
9 5 3 9 -84.25 0.4202676150502109
9 5 5 6 -77.3456 1.4346625681183898
9 5 5 8 -80.3498 0.4518638216531902
9 5 1 1 -85.6469 2.574836982024013
9 5 2 0 -85.06 2.02253412315468
9 5 5 5 -76.4194 0.4142809311761813
9 5 9 4 -66.18 2.574836982024013
9 5 5 9 -82.44 0.6606851953374354
9 5 4 2 -80.7504 2.02253412315468
9 5 2 7 -83.9139 1.8306104706098087
9 5 3 5 -81.4871 1.8543377546204012
9 5 3 1 -83.2441 0.7535492018748609
9 5 8 3 -65.7694 2.02253412315468
9 5 7 3 -69.1334 0.31961585322723524
9 5 6 5 -72.1694 0.6606851953374354
9 5 2 3 -83.4613 0.7535492018748609
9 5 1 4 -84.6658 0.5181550542899774
9 6 7 9 -75.97 0.4154391840750011
9 6 9 7 -66.13 0.31961585322723524
9 6 0 1 -87.25 1.5204824599919968
9 6 3 9 -83.06 0.4202676150502109
9 6 5 6 -76.4723 1.4346625681183898
9 6 5 8 -78.9343 0.4518638216531902
9 6 1 1 -86.1409 2.574836982024013
9 6 2 0 -85.32 2.02253412315468
9 6 5 5 -76.3738 0.4142809311761813
9 6 9 4 -66.2 2.574836982024013
9 6 5 9 -79.63 0.6606851953374354
9 6 4 2 -81.7511 2.02253412315468
9 6 2 7 -83.4976 1.8306104706098087
9 6 3 5 -81.4656 1.8543377546204012
9 6 3 1 -84.0488 0.7535492018748609
9 6 8 3 -72.2945 2.02253412315468
9 6 7 3 -73.8228 0.31961585322723524
9 6 6 5 -72.0615 0.6606851953374354
9 6 2 3 -83.8547 0.7535492018748609
9 6 1 4 -84.819 0.5181550542899774
9 7 7 9 -72.73 0.4154391840750011
9 7 9 7 -65.83 0.31961585322723524
9 7 0 1 -87.3 1.5204824599919968
9 7 3 9 -82.8 0.4202676150502109
9 7 5 6 -76.3353 1.4346625681183898
9 7 5 8 -77.6138 0.4518638216531902
9 7 1 1 -86.6763 2.574836982024013
9 7 2 0 -86.27 2.02253412315468
9 7 5 5 -77.0929 0.4142809311761813
9 7 9 4 -72.59 2.574836982024013
9 7 5 9 -79.09 0.6606851953374354
9 7 4 2 -82.7894 2.02253412315468
9 7 2 7 -83.2525 1.8306104706098087
9 7 3 5 -81.7293 1.8543377546204012
9 7 3 1 -84.8722 0.7535492018748609
9 7 8 3 -76.2808 2.02253412315468
9 7 7 3 -76.9628 0.31961585322723524
9 7 6 5 -73.6729 0.6606851953374354
9 7 2 3 -84.3753 0.7535492018748609
9 7 1 4 -85.1048 0.5181550542899774
9 8 7 9 -66.53 0.4154391840750011
9 8 9 7 -66.2 0.31961585322723524
9 8 0 1 -88.2 1.5204824599919968
9 8 3 9 -81.48 0.4202676150502109
9 8 5 6 -76.9816 1.4346625681183898
9 8 5 8 -76.6189 0.4518638216531902
9 8 1 1 -87.2445 2.574836982024013
9 8 2 0 -87.28 2.02253412315468
9 8 5 5 -78.3247 0.4142809311761813
9 8 9 4 -76.24 2.574836982024013
9 8 5 9 -76.87 0.6606851953374354
9 8 4 2 -83.8224 2.02253412315468
9 8 2 7 -83.1945 1.8306104706098087
9 8 3 5 -82.2339 1.8543377546204012
9 8 3 1 -85.6891 0.7535492018748609
9 8 8 3 -78.9748 2.02253412315468
9 8 7 3 -79.381 0.31961585322723524
9 8 6 5 -75.7387 0.6606851953374354
9 8 2 3 -84.9809 0.7535492018748609
9 8 1 4 -85.4964 0.5181550542899774
9 9 7 9 -70.78 0.4154391840750011
9 9 9 7 -66.22 0.31961585322723524
9 9 0 1 -88.26 1.5204824599919968
9 9 3 9 -81.35 0.4202676150502109
9 9 5 6 -78.1692 1.4346625681183898
9 9 5 8 -76.3021 0.4518638216531902
9 9 1 1 -87.8266 2.574836982024013
9 9 2 0 -87.43 2.02253412315468
9 9 5 5 -79.7284 0.4142809311761813
9 9 9 4 -78.79 2.574836982024013
9 9 5 9 -76.53 0.6606851953374354
9 9 4 2 -84.8205 2.02253412315468
9 9 2 7 -83.3439 1.8306104706098087
9 9 3 5 -82.9115 1.8543377546204012
9 9 3 1 -86.4849 0.7535492018748609
9 9 8 3 -81.0294 2.02253412315468
9 9 7 3 -81.2924 0.31961585322723524
9 9 6 5 -77.955 0.6606851953374354
9 9 2 3 -85.6288 0.7535492018748609
9 9 1 4 -85.4722 0.5181550542899774
