0 0 6 6 -86.2416 2.341681953932289
0 0 5 0 -81.33 0.4142809311761813
0 0 8 7 -88.3683 0.6606851953374354
0 0 9 9 -89.56 2.02253412315468
0 0 4 8 -87.1205 0.6606851953374354
0 0 9 4 -87.6 1.5204824599919968
0 0 1 0 -64.66 1.1200432714506303
0 0 8 0 -86.01 0.31961585322723524
0 0 4 6 -84.6234 1.8306104706098087
0 0 9 1 -86.73 0.7535492018748609
0 0 0 1 -66.88 1.5204824599919968
0 0 3 3 -79.399 1.8306104706098087
0 0 6 7 -87.009 1.8626419592629413
0 0 7 7 -87.6949 0.4142809311761813
0 0 4 7 -85.6624 1.4346625681183898
0 0 3 6 -84.1446 0.4202676150502109
0 0 2 3 -77.5395 0.4202676150502109
0 0 9 0 -86.71 1.5204824599919968
0 0 6 4 -84.7366 0.4142809311761813
0 0 8 4 -86.7154 0.4142809311761813
0 1 6 6 -85.5458 2.341681953932289
0 1 5 0 -81.35 0.4142809311761813
0 1 8 7 -87.865 0.6606851953374354
0 1 9 9 -89.36 2.02253412315468
0 1 4 8 -86.1302 0.6606851953374354
0 1 9 4 -86.87 1.5204824599919968
0 1 1 0 -64.76 1.1200432714506303
0 1 8 0 -86.02 0.31961585322723524
0 1 4 6 -83.609 1.8306104706098087
0 1 9 1 -86.7 0.7535492018748609
0 1 0 1 -64.57 1.5204824599919968
0 1 3 3 -77.9221 1.8306104706098087
0 1 6 7 -86.3183 1.8626419592629413
0 1 7 7 -87.1038 0.4142809311761813
0 1 4 7 -84.2646 1.4346625681183898
0 1 3 6 -82.7454 0.4202676150502109
0 1 2 3 -75.2132 0.4202676150502109
0 1 9 0 -86.72 1.5204824599919968
0 1 6 4 -84.1237 0.4142809311761813
0 1 8 4 -86.3706 0.4142809311761813
0 2 6 6 -84.8809 2.341681953932289
0 2 5 0 -81.49 0.4142809311761813
0 2 8 7 -87.3831 0.6606851953374354
0 2 9 9 -88.71 2.02253412315468
0 2 4 8 -84.9658 0.6606851953374354
0 2 9 4 -86.78 1.5204824599919968
0 2 1 0 -66.38 1.1200432714506303
0 2 8 0 -86.08 0.31961585322723524
0 2 4 6 -82.5145 1.8306104706098087
0 2 9 1 -78.17 0.7535492018748609
0 2 0 1 -66.88 1.5204824599919968
0 2 3 3 -76.6629 1.8306104706098087
0 2 6 7 -85.6228 1.8626419592629413
0 2 7 7 -86.5314 0.4142809311761813
0 2 4 7 -83.7426 1.4346625681183898
0 2 3 6 -81.3362 0.4202676150502109
0 2 2 3 -72.9566 0.4202676150502109
0 2 9 0 -86.76 1.5204824599919968
0 2 6 4 -83.6145 0.4142809311761813
0 2 8 4 -86.1174 0.4142809311761813
0 3 6 6 -84.2542 2.341681953932289
0 3 5 0 -81.73 0.4142809311761813
0 3 8 7 -86.9372 0.6606851953374354
0 3 9 9 -88.53 2.02253412315468
0 3 4 8 -83.8574 0.6606851953374354
0 3 9 4 -86.72 1.5204824599919968
0 3 1 0 -72.66 1.1200432714506303
0 3 8 0 -86.17 0.31961585322723524
0 3 4 6 -81.5012 1.8306104706098087
0 3 9 1 -76.27 0.7535492018748609
0 3 0 1 -66.86 1.5204824599919968
0 3 3 3 -75.9608 1.8306104706098087
0 3 6 7 -84.9503 1.8626419592629413
0 3 7 7 -85.9811 0.4142809311761813
0 3 4 7 -82.6839 1.4346625681183898
0 3 3 6 -79.899 0.4202676150502109
0 3 2 3 -71.3466 0.4202676150502109
0 3 9 0 -86.85 1.5204824599919968
0 3 6 4 -83.2405 0.4142809311761813
0 3 8 4 -85.9167 0.4142809311761813
0 4 6 6 -83.719 2.341681953932289
0 4 5 0 -83.17 0.4142809311761813
0 4 8 7 -86.5341 0.6606851953374354
0 4 9 9 -87.83 2.02253412315468
0 4 4 8 -82.9236 0.6606851953374354
0 4 9 4 -86.7 1.5204824599919968
0 4 1 0 -76.28 1.1200432714506303
0 4 8 0 -86.31 0.31961585322723524
0 4 4 6 -80.8764 1.8306104706098087
0 4 9 1 -86.86 0.7535492018748609
0 4 0 1 -72.88 1.5204824599919968
0 4 3 3 -76.1094 1.8306104706098087
0 4 6 7 -84.3365 1.8626419592629413
0 4 7 7 -85.487 0.4142809311761813
0 4 4 7 -79.599 1.4346625681183898
0 4 3 6 -78.751 0.4202676150502109
0 4 2 3 -71.6945 0.4202676150502109
0 4 9 0 -86.97 1.5204824599919968
0 4 6 4 -83.0485 0.4142809311761813
0 4 8 4 -85.7902 0.4142809311761813
0 5 6 6 -83.3097 2.341681953932289
0 5 5 0 -83.4 0.4142809311761813
0 5 8 7 -86.2067 0.6606851953374354
0 5 9 9 -87.68 2.02253412315468
0 5 4 8 -81.7066 0.6606851953374354
0 5 9 4 -86.73 1.5204824599919968
0 5 1 0 -78.83 1.1200432714506303
0 5 8 0 -87.18 0.31961585322723524
0 5 4 6 -79.6154 1.8306104706098087
0 5 9 1 -86.98 0.7535492018748609
0 5 0 1 -76.4 1.5204824599919968
0 5 3 3 -77.0301 1.8306104706098087
0 5 6 7 -83.7705 1.8626419592629413
0 5 7 7 -85.0635 0.4142809311761813
0 5 4 7 -80.574 1.4346625681183898
0 5 3 6 -77.0621 0.4202676150502109
0 5 2 3 -73.6185 0.4202676150502109
0 5 9 0 -87.71 1.5204824599919968
0 5 6 4 -83.0603 0.4142809311761813
0 5 8 4 -85.7922 0.4142809311761813
0 6 6 6 -83.0728 2.341681953932289
0 6 5 0 -84.6 0.4142809311761813
0 6 8 7 -85.9572 0.6606851953374354
0 6 9 9 -86.94 2.02253412315468
0 6 4 8 -80.6821 0.6606851953374354
0 6 9 4 -86.78 1.5204824599919968
0 6 1 0 -80.78 1.1200432714506303
0 6 8 0 -87.3 0.31961585322723524
0 6 4 6 -79.0839 1.8306104706098087
0 6 9 1 -87.72 0.7535492018748609
0 6 0 1 -78.89 1.5204824599919968
0 6 3 3 -78.3841 1.8306104706098087
0 6 6 7 -83.3466 1.8626419592629413
0 6 7 7 -84.7417 0.4142809311761813
0 6 4 7 -79.695 1.4346625681183898
0 6 3 6 -76.1138 0.4202676150502109
0 6 2 3 -75.9963 0.4202676150502109
0 6 9 0 -87.87 1.5204824599919968
0 6 6 4 -83.2748 0.4142809311761813
0 6 8 4 -85.9156 0.4142809311761813
0 7 6 6 -83.0381 2.341681953932289
0 7 5 0 -85.63 0.4142809311761813
0 7 8 7 -85.8151 0.6606851953374354
0 7 9 9 -86.82 2.02253412315468
0 7 4 8 -79.7796 0.6606851953374354
0 7 9 4 -86.88 1.5204824599919968
0 7 1 0 -82.38 1.1200432714506303
0 7 8 0 -87.55 0.31961585322723524
0 7 4 6 -79.0058 1.8306104706098087
0 7 9 1 -87.88 0.7535492018748609
0 7 0 1 -80.83 1.5204824599919968
0 7 3 3 -79.8708 1.8306104706098087
0 7 6 7 -83.0901 1.8626419592629413
0 7 7 7 -84.5571 0.4142809311761813
0 7 4 7 -79.1235 1.4346625681183898
0 7 3 6 -75.9582 0.4202676150502109
0 7 2 3 -78.2433 0.4202676150502109
0 7 9 0 -88.05 1.5204824599919968
0 7 6 4 -83.6669 0.4142809311761813
0 7 8 4 -86.1398 0.4142809311761813
0 8 6 6 -83.2044 2.341681953932289
0 8 5 0 -85.94 0.4142809311761813
0 8 8 7 -85.7774 0.6606851953374354
0 8 9 9 -86.75 2.02253412315468
0 8 4 8 -79.1707 0.6606851953374354
0 8 9 4 -87.01 1.5204824599919968
0 8 1 0 -83.72 1.1200432714506303
0 8 8 0 -88.25 0.31961585322723524
0 8 4 6 -79.3863 1.8306104706098087
0 8 9 1 -88.76 0.7535492018748609
0 8 0 1 -82.42 1.5204824599919968
0 8 3 3 -81.3202 1.8306104706098087
0 8 6 7 -83.0288 1.8626419592629413
0 8 7 7 -84.5156 0.4142809311761813
0 8 4 7 -78.9874 1.4346625681183898
0 8 3 6 -76.6561 0.4202676150502109
0 8 2 3 -80.1789 0.4202676150502109
0 8 9 0 -88.76 1.5204824599919968
0 8 6 4 -84.1848 0.4142809311761813
0 8 8 4 -86.4557 0.4142809311761813
0 9 6 6 -83.5558 2.341681953932289
0 9 5 0 -86.87 0.4142809311761813
0 9 8 7 -85.8643 0.6606851953374354
0 9 9 9 -86.71 2.02253412315468
0 9 4 8 -78.9786 0.6606851953374354
0 9 9 4 -87.76 1.5204824599919968
0 9 1 0 -84.89 1.1200432714506303
0 9 8 0 -88.99 0.31961585322723524
0 9 4 6 -80.1126 1.8306104706098087
0 9 9 1 -88.77 0.7535492018748609
0 9 0 1 -84.91 1.5204824599919968
0 9 3 3 -82.5505 1.8306104706098087
0 9 6 7 -83.1767 1.8626419592629413
0 9 7 7 -84.6242 0.4142809311761813
0 9 4 7 -79.3247 1.4346625681183898
0 9 3 6 -77.9391 0.4202676150502109
0 9 2 3 -81.9334 0.4202676150502109
0 9 9 0 -88.99 1.5204824599919968
0 9 6 4 -84.7963 0.4142809311761813
0 9 8 4 -86.8422 0.4142809311761813
1 0 6 6 -85.5173 2.341681953932289
1 0 5 0 -80.0 0.4142809311761813
1 0 8 7 -87.7627 0.6606851953374354
1 0 9 9 -89.12 2.02253412315468
1 0 4 8 -86.2484 0.6606851953374354
1 0 9 4 -86.35 1.5204824599919968
1 0 1 0 -64.62 1.1200432714506303
1 0 8 0 -84.43 0.31961585322723524
1 0 4 6 -83.959 1.8306104706098087
1 0 9 1 -85.29 0.7535492018748609
1 0 0 1 -65.81 1.5204824599919968
1 0 3 3 -77.7218 1.8306104706098087
1 0 6 7 -86.4061 1.8626419592629413
1 0 7 7 -87.0782 0.4142809311761813
1 0 4 7 -85.1637 1.4346625681183898
1 0 3 6 -83.3152 0.4202676150502109
1 0 2 3 -76.0059 0.4202676150502109
1 0 9 0 -85.25 1.5204824599919968
1 0 6 4 -83.6828 0.4142809311761813
1 0 8 4 -85.9112 0.4142809311761813
1 1 6 6 -84.6897 2.341681953932289
1 1 5 0 -80.02 0.4142809311761813
1 1 8 7 -87.1848 0.6606851953374354
1 1 9 9 -88.91 2.02253412315468
1 1 4 8 -85.2749 0.6606851953374354
1 1 9 4 -86.2 1.5204824599919968
1 1 1 0 -64.74 1.1200432714506303
1 1 8 0 -84.44 0.31961585322723524
1 1 4 6 -82.7674 1.8306104706098087
1 1 9 1 -85.25 0.7535492018748609
1 1 0 1 -66.79 1.5204824599919968
1 1 3 3 -75.4913 1.8306104706098087
1 1 6 7 -85.6003 1.8626419592629413
1 1 7 7 -86.3994 0.4142809311761813
1 1 4 7 -84.0904 1.4346625681183898
1 1 3 6 -81.9123 0.4202676150502109
1 1 2 3 -72.5163 0.4202676150502109
1 1 9 0 -85.27 1.5204824599919968
1 1 6 4 -82.9161 0.4142809311761813
1 1 8 4 -85.4488 0.4142809311761813
1 2 6 6 -83.8666 2.341681953932289
1 2 5 0 -80.19 0.4142809311761813
1 2 8 7 -86.6176 0.6606851953374354
1 2 9 9 -88.21 2.02253412315468
1 2 4 8 -84.2086 0.6606851953374354
1 2 9 4 -86.09 1.5204824599919968
1 2 1 0 -66.71 1.1200432714506303
1 2 8 0 -84.52 0.31961585322723524
1 2 4 6 -81.455 1.8306104706098087
1 2 9 1 -85.27 0.7535492018748609
1 2 0 1 -65.93 1.5204824599919968
1 2 3 3 -73.4355 1.8306104706098087
1 2 6 7 -84.7839 1.8626419592629413
1 2 7 7 -85.7249 0.4142809311761813
1 2 4 7 -82.9071 1.4346625681183898
1 2 3 6 -80.2927 0.4202676150502109
1 2 2 3 -67.2515 0.4202676150502109
1 2 9 0 -85.33 1.5204824599919968
1 2 6 4 -82.2417 0.4142809311761813
1 2 8 4 -85.0685 0.4142809311761813
1 3 6 6 -83.0804 2.341681953932289
1 3 5 0 -80.5 0.4142809311761813
1 3 8 7 -86.0798 0.6606851953374354
1 3 9 9 -87.46 2.02253412315468
1 3 4 8 -83.0455 0.6606851953374354
1 3 9 4 -86.09 1.5204824599919968
1 3 1 0 -72.81 1.1200432714506303
1 3 8 0 -85.44 0.31961585322723524
1 3 4 6 -80.0508 1.8306104706098087
1 3 9 1 -86.17 0.7535492018748609
1 3 0 1 -66.44 1.5204824599919968
1 3 3 3 -71.9861 1.8306104706098087
1 3 6 7 -83.9618 1.8626419592629413
1 3 7 7 -85.0581 0.4142809311761813
1 3 4 7 -81.607 1.4346625681183898
1 3 3 6 -78.4149 0.4202676150502109
1 3 2 3 -63.444199999999995 0.4202676150502109
1 3 9 0 -86.17 1.5204824599919968
1 3 6 4 -81.7289 0.4142809311761813
1 3 8 4 -84.8013 0.4142809311761813
1 4 6 6 -82.3708 2.341681953932289
1 4 5 0 -82.05 0.4142809311761813
1 4 8 7 -85.5973 0.6606851953374354
1 4 9 9 -87.26 2.02253412315468
1 4 4 8 -81.7566 0.6606851953374354
1 4 9 4 -85.25 1.5204824599919968
1 4 1 0 -76.35 1.1200432714506303
1 4 8 0 -85.6 0.31961585322723524
1 4 4 6 -78.6228 1.8306104706098087
1 4 9 1 -86.18 0.7535492018748609
1 4 0 1 -72.47 1.5204824599919968
1 4 3 3 -72.3024 1.8306104706098087
1 4 6 7 -83.1673 1.8626419592629413
1 4 7 7 -84.4473 0.4142809311761813
1 4 4 7 -80.2152 1.4346625681183898
1 4 3 6 -76.2552 0.4202676150502109
1 4 2 3 -64.2801 0.4202676150502109
1 4 9 0 -86.31 1.5204824599919968
1 4 6 4 -81.4635 0.4142809311761813
1 4 8 4 -84.6537 0.4142809311761813
1 5 6 6 -81.8254 2.341681953932289
1 5 5 0 -82.44 0.4142809311761813
1 5 8 7 -85.186 0.6606851953374354
1 5 9 9 -86.45 2.02253412315468
1 5 4 8 -79.5583 0.6606851953374354
1 5 9 4 -85.28 1.5204824599919968
1 5 1 0 -78.87 1.1200432714506303
1 5 8 0 -93.28 0.31961585322723524
1 5 4 6 -77.1438 1.8306104706098087
1 5 9 1 -85.21 0.7535492018748609
1 5 0 1 -76.17 1.5204824599919968
1 5 3 3 -74.0127 1.8306104706098087
1 5 6 7 -82.4307 1.8626419592629413
1 5 7 7 -83.9065 0.4142809311761813
1 5 4 7 -79.6037 1.4346625681183898
1 5 3 6 -73.728 0.4202676150502109
1 5 2 3 -69.1337 0.4202676150502109
1 5 9 0 -86.48 1.5204824599919968
1 5 6 4 -81.4757 0.4142809311761813
1 5 8 4 -84.6637 0.4142809311761813
1 6 6 6 -81.5016 2.341681953932289
1 6 5 0 -83.83 0.4142809311761813
1 6 8 7 -84.8725 0.6606851953374354
1 6 9 9 -86.28 2.02253412315468
1 6 4 8 -78.9421 0.6606851953374354
1 6 9 4 -85.36 1.5204824599919968
1 6 1 0 -80.81 1.1200432714506303
1 6 8 0 -86.69 0.31961585322723524
1 6 4 6 -76.4646 1.8306104706098087
1 6 9 1 -86.5 0.7535492018748609
1 6 0 1 -78.75 1.5204824599919968
1 6 3 3 -76.2406 1.8306104706098087
1 6 6 7 -81.8704 1.8626419592629413
1 6 7 7 -83.4967 0.4142809311761813
1 6 4 7 -77.4778 1.4346625681183898
1 6 3 6 -72.2329 0.4202676150502109
1 6 2 3 -73.8507 0.4202676150502109
1 6 9 0 -87.34 1.5204824599919968
1 6 6 4 -81.7728 0.4142809311761813
1 6 8 4 -84.8172 0.4142809311761813
1 7 6 6 -81.4489 2.341681953932289
1 7 5 0 -84.92 0.4142809311761813
1 7 8 7 -84.6896 0.6606851953374354
1 7 9 9 -86.15 2.02253412315468
1 7 4 8 -77.6114 0.6606851953374354
1 7 9 4 -86.21 1.5204824599919968
1 7 1 0 -82.4 1.1200432714506303
1 7 8 0 -86.92 0.31961585322723524
1 7 4 6 -76.3215 1.8306104706098087
1 7 9 1 -87.34 0.7535492018748609
1 7 0 1 -82.34 1.5204824599919968
1 7 3 3 -78.3949 1.8306104706098087
1 7 6 7 -81.5215 1.8626419592629413
1 7 7 7 -83.2481 0.4142809311761813
1 7 4 7 -76.538 1.4346625681183898
1 7 3 6 -71.9734 0.4202676150502109
1 7 2 3 -76.9715 0.4202676150502109
1 7 9 0 -87.5 1.5204824599919968
1 7 6 4 -82.3004 0.4142809311761813
1 7 8 4 -85.1089 0.4142809311761813
1 8 6 6 -81.6836 2.341681953932289
1 8 5 0 -85.34 0.4142809311761813
1 8 8 7 -84.6485 0.6606851953374354
1 8 9 9 -85.31 2.02253412315468
1 8 4 8 -76.6012 0.6606851953374354
1 8 9 4 -86.36 1.5204824599919968
1 8 1 0 -83.74 1.1200432714506303
1 8 8 0 -87.72 0.31961585322723524
1 8 4 6 -76.974 1.8306104706098087
1 8 9 1 -87.52 0.7535492018748609
1 8 0 1 -83.7 1.5204824599919968
1 8 3 3 -80.2859 1.8306104706098087
1 8 6 7 -81.4387 1.8626419592629413
1 8 7 7 -83.1886 0.4142809311761813
1 8 4 7 -76.2921 1.4346625681183898
1 8 3 6 -73.3896 0.4202676150502109
1 8 2 3 -79.382 0.4202676150502109
1 8 9 0 -88.28 1.5204824599919968
1 8 6 4 -82.9839 0.4142809311761813
1 8 8 4 -85.4945 0.4142809311761813
1 9 6 6 -82.1664 2.341681953932289
1 9 5 0 -86.36 0.4142809311761813
1 9 8 7 -84.7549 0.6606851953374354
1 9 9 9 -85.26 2.02253412315468
1 9 4 8 -76.2858 0.6606851953374354
1 9 9 4 -86.54 1.5204824599919968
1 9 1 0 -84.91 1.1200432714506303
1 9 8 0 -88.55 0.31961585322723524
1 9 4 6 -78.1567 1.8306104706098087
1 9 9 1 -88.28 0.7535492018748609
1 9 0 1 -84.87 1.5204824599919968
1 9 3 3 -81.909 1.8306104706098087
1 9 6 7 -81.6457 1.8626419592629413
1 9 7 7 -83.332 0.4142809311761813
1 9 4 7 -76.8636 1.4346625681183898
1 9 3 6 -75.466 0.4202676150502109
1 9 2 3 -81.287 0.4202676150502109
1 9 9 0 -88.47 1.5204824599919968
1 9 6 4 -83.7722 0.4142809311761813
1 9 8 4 -85.9646 0.4142809311761813
2 0 6 6 -84.7906 2.341681953932289
2 0 5 0 -76.49 0.4142809311761813
2 0 8 7 -87.1454 0.6606851953374354
2 0 9 9 -88.66 2.02253412315468
2 0 4 8 -85.9083 0.6606851953374354
2 0 9 4 -85.65 1.5204824599919968
2 0 1 0 -64.62 1.1200432714506303
2 0 8 0 -83.51 0.31961585322723524
2 0 4 6 -83.3742 1.8306104706098087
2 0 9 1 -84.47 0.7535492018748609
2 0 0 1 -71.15 1.5204824599919968
2 0 3 3 -76.1619 1.8306104706098087
2 0 6 7 -85.8167 1.8626419592629413
2 0 7 7 -86.4727 0.4142809311761813
2 0 4 7 -84.7265 1.4346625681183898
2 0 3 6 -82.9083 0.4202676150502109
2 0 2 3 -75.1915 0.4202676150502109
2 0 9 0 -84.43 1.5204824599919968
2 0 6 4 -82.5644 0.4142809311761813
2 0 8 4 -84.9572 0.4142809311761813
2 1 6 6 -83.8264 2.341681953932289
2 1 5 0 -76.53 0.4142809311761813
2 1 8 7 -86.4764 0.6606851953374354
2 1 9 9 -87.93 2.02253412315468
2 1 4 8 -84.8484 0.6606851953374354
2 1 9 4 -85.61 1.5204824599919968
2 1 1 0 -64.78 1.1200432714506303
2 1 8 0 -83.53 0.31961585322723524
2 1 4 6 -81.9904 1.8306104706098087
2 1 9 1 -84.43 0.7535492018748609
2 1 0 1 -64.6 1.5204824599919968
2 1 3 3 -72.8322 1.8306104706098087
2 1 6 7 -84.8947 1.8626419592629413
2 1 7 7 -85.6823 0.4142809311761813
2 1 4 7 -83.5189 1.4346625681183898
2 1 3 6 -81.3295 0.4202676150502109
2 1 2 3 -70.3283 0.4202676150502109
2 1 9 0 -84.44 1.5204824599919968
2 1 6 4 -81.5729 0.4142809311761813
2 1 8 4 -84.3751 0.4142809311761813
2 2 6 6 -82.7956 2.341681953932289
2 2 5 0 -76.85 0.4142809311761813
2 2 8 7 -85.8101 0.6606851953374354
2 2 9 9 -87.68 2.02253412315468
2 2 4 8 -83.6588 0.6606851953374354
2 2 9 4 -84.55 1.5204824599919968
2 2 1 0 -66.55 1.1200432714506303
2 2 8 0 -83.62 0.31961585322723524
2 2 4 6 -80.3991 1.8306104706098087
2 2 9 1 -84.45 0.7535492018748609
2 2 0 1 -71.39 1.5204824599919968
2 2 3 3 -67.9005 1.8306104706098087
2 2 6 7 -83.915 1.8626419592629413
2 2 7 7 -84.8797 0.4142809311761813
2 2 4 7 -82.1523 1.4346625681183898
2 2 3 6 -79.4393 0.4202676150502109
2 2 2 3 -64.0304 0.4202676150502109
2 2 9 0 -84.52 1.5204824599919968
2 2 6 4 -80.639 0.4142809311761813
2 2 8 4 -83.8939 0.4142809311761813
2 3 6 6 -81.786 2.341681953932289
2 3 5 0 -79.23 0.4142809311761813
2 3 8 7 -85.1625 0.6606851953374354
2 3 9 9 -86.88 2.02253412315468
2 3 4 8 -82.317 0.6606851953374354
2 3 9 4 -84.46 1.5204824599919968
2 3 1 0 -72.74 1.1200432714506303
2 3 8 0 -83.78 0.31961585322723524
2 3 4 6 -78.5732 1.8306104706098087
2 3 9 1 -84.52 0.7535492018748609
2 3 0 1 -71.47 1.5204824599919968
2 3 3 3 -64.2331 1.8306104706098087
2 3 6 7 -82.9134 1.8626419592629413
2 3 7 7 -84.0765 0.4142809311761813
2 3 4 7 -80.5905 1.4346625681183898
2 3 3 6 -77.0841 0.4202676150502109
2 3 2 3 -60.163399999999996 0.4202676150502109
2 3 9 0 -84.65 1.5204824599919968
2 3 6 4 -79.9166 0.4142809311761813
2 3 8 4 -83.546 0.4142809311761813
2 4 6 6 -80.8335 2.341681953932289
2 4 5 0 -79.6 0.4142809311761813
2 4 8 7 -84.5615 0.6606851953374354
2 4 9 9 -86.65 2.02253412315468
2 4 4 8 -80.7813 0.6606851953374354
2 4 9 4 -84.42 1.5204824599919968
2 4 1 0 -76.32 1.1200432714506303
2 4 8 0 -84.05 0.31961585322723524
2 4 4 6 -76.4861 1.8306104706098087
2 4 9 1 -84.66 0.7535492018748609
2 4 0 1 -75.38 1.5204824599919968
2 4 3 3 -65.0197 1.8306104706098087
2 4 6 7 -81.893 1.8626419592629413
2 4 7 7 -83.3011 0.4142809311761813
2 4 4 7 -78.8022 1.4346625681183898
2 4 3 6 -74.0557 0.4202676150502109
2 4 2 3 -61.297200000000004 0.4202676150502109
2 4 9 0 -84.84 1.5204824599919968
2 4 6 4 -79.5211 0.4142809311761813
2 4 8 4 -83.3636 0.4142809311761813
2 5 6 6 -80.055 2.341681953932289
2 5 5 0 -81.38 0.4142809311761813
2 5 8 7 -84.0421 0.6606851953374354
2 5 9 9 -85.77 2.02253412315468
2 5 4 8 -79.007 0.6606851953374354
2 5 9 4 -84.46 1.5204824599919968
2 5 1 0 -78.83 1.1200432714506303
2 5 8 0 -85.07 0.31961585322723524
2 5 4 6 -74.4067 1.8306104706098087
2 5 9 1 -85.62 0.7535492018748609
2 5 0 1 -78.28 1.5204824599919968
2 5 3 3 -69.5941 1.8306104706098087
2 5 6 7 -80.9301 1.8626419592629413
2 5 7 7 -82.6006 0.4142809311761813
2 5 4 7 -76.7337 1.4346625681183898
2 5 3 6 -69.5347 0.4202676150502109
2 5 2 3 -65.8924 0.4202676150502109
2 5 9 0 -85.8 1.5204824599919968
2 5 6 4 -79.544 0.4142809311761813
2 5 8 4 -83.3765 0.4142809311761813
2 6 6 6 -79.5756 2.341681953932289
2 6 5 0 -82.94 0.4142809311761813
2 6 8 7 -83.6425 0.6606851953374354
2 6 9 9 -85.57 2.02253412315468
2 6 4 8 -76.9852 0.6606851953374354
2 6 9 4 -84.55 1.5204824599919968
2 6 1 0 -80.8 1.1200432714506303
2 6 8 0 -85.38 0.31961585322723524
2 6 4 6 -72.7838 1.8306104706098087
2 6 9 1 -85.82 0.7535492018748609
2 6 0 1 -80.42 1.5204824599919968
2 6 3 3 -74.0682 1.8306104706098087
2 6 6 7 -80.128 1.8626419592629413
2 6 7 7 -82.0515 0.4142809311761813
2 6 4 7 -74.613 1.4346625681183898
2 6 3 6 -65.0226 0.4202676150502109
2 6 2 3 -72.3386 0.4202676150502109
2 6 9 0 -86.03 1.5204824599919968
2 6 6 4 -79.9805 0.4142809311761813
2 6 8 4 -83.5755 0.4142809311761813
2 7 6 6 -79.5026 2.341681953932289
2 7 5 0 -84.28 0.4142809311761813
2 7 8 7 -83.4043 0.6606851953374354
2 7 9 9 -84.63 2.02253412315468
2 7 4 8 -74.849 0.6606851953374354
2 7 9 4 -84.7 1.5204824599919968
2 7 1 0 -82.39 1.1200432714506303
2 7 8 0 -86.3 0.31961585322723524
2 7 4 6 -72.5728 1.8306104706098087
2 7 9 1 -86.92 0.7535492018748609
2 7 0 1 -82.11 1.5204824599919968
2 7 3 3 -77.0716 1.8306104706098087
2 7 6 7 -79.6084 1.8626419592629413
2 7 7 7 -81.7092 0.4142809311761813
2 7 4 7 -72.942 1.4346625681183898
2 7 3 6 -64.2654 0.4202676150502109
2 7 2 3 -76.3078 0.4202676150502109
2 7 9 0 -86.92 1.5204824599919968
2 7 6 4 -80.7298 0.4142809311761813
2 7 8 4 -83.9393 0.4142809311761813
2 8 6 6 -79.8487 2.341681953932289
2 8 5 0 -85.43 0.4142809311761813
2 8 8 7 -83.3468 0.6606851953374354
2 8 9 9 -84.5 2.02253412315468
2 8 4 8 -73.1291 0.6606851953374354
2 8 9 4 -85.66 1.5204824599919968
2 8 1 0 -83.73 1.1200432714506303
2 8 8 0 -87.18 0.31961585322723524
2 8 4 6 -73.8131 1.8306104706098087
2 8 9 1 -86.93 0.7535492018748609
2 8 0 1 -83.53 1.5204824599919968
2 8 3 3 -79.4454 1.8306104706098087
2 8 6 7 -79.4864 1.8626419592629413
2 8 7 7 -81.6306 0.4142809311761813
2 8 4 7 -72.4958 1.4346625681183898
2 8 3 6 -67.7775 0.4202676150502109
2 8 2 3 -78.9832 0.4202676150502109
2 8 9 0 -87.82 1.5204824599919968
2 8 6 4 -81.6619 0.4142809311761813
2 8 8 4 -84.4359 0.4142809311761813
2 9 6 6 -80.5361 2.341681953932289
2 9 5 0 -86.28 0.4142809311761813
2 9 8 7 -83.4849 0.6606851953374354
2 9 9 9 -84.43 2.02253412315468
2 9 4 8 -72.4543 0.6606851953374354
2 9 9 4 -85.72 1.5204824599919968
2 9 1 0 -84.9 1.1200432714506303
2 9 8 0 -88.07 0.31961585322723524
2 9 4 6 -75.7526 1.8306104706098087
2 9 9 1 -87.82 0.7535492018748609
2 9 0 1 -84.73 1.5204824599919968
2 9 3 3 -81.3356 1.8306104706098087
2 9 6 7 -79.7884 1.8626419592629413
2 9 7 7 -81.8298 0.4142809311761813
2 9 4 7 -73.6035 1.4346625681183898
2 9 3 6 -72.8787 0.4202676150502109
2 9 2 3 -81.0359 0.4202676150502109
2 9 9 0 -87.96 1.5204824599919968
2 9 6 4 -82.6758 0.4142809311761813
2 9 8 4 -85.0193 0.4142809311761813
3 0 6 6 -84.0773 2.341681953932289
3 0 5 0 -74.01 0.4142809311761813
3 0 8 7 -86.541 0.6606851953374354
3 0 9 9 -88.19 2.02253412315468
3 0 4 8 -85.6666 0.6606851953374354
3 0 9 4 -85.13 1.5204824599919968
3 0 1 0 -70.52 1.1200432714506303
3 0 8 0 -81.33 0.31961585322723524
3 0 4 6 -82.9389 1.8306104706098087
3 0 9 1 -83.57 0.7535492018748609
3 0 0 1 -74.37 1.5204824599919968
3 0 3 3 -75.2214 1.8306104706098087
3 0 6 7 -85.2728 1.8626419592629413
3 0 7 7 -85.8805 0.4142809311761813
3 0 4 7 -84.4092 1.4346625681183898
3 0 3 6 -82.6977 0.4202676150502109
3 0 2 3 -75.5195 0.4202676150502109
3 0 9 0 -83.51 1.5204824599919968
3 0 6 4 -81.3869 0.4142809311761813
3 0 8 4 -83.9234 0.4142809311761813
3 1 6 6 -82.9417 2.341681953932289
3 1 5 0 -74.06 0.4142809311761813
3 1 8 7 -85.7663 0.6606851953374354
3 1 9 9 -87.39 2.02253412315468
3 1 4 8 -84.5431 0.6606851953374354
3 1 9 4 -83.84 1.5204824599919968
3 1 1 0 -70.59 1.1200432714506303
3 1 8 0 -81.36 0.31961585322723524
3 1 4 6 -81.3859 1.8306104706098087
3 1 9 1 -82.49 0.7535492018748609
3 1 0 1 -74.0 1.5204824599919968
3 1 3 3 -70.3903 1.8306104706098087
3 1 6 7 -84.2264 1.8626419592629413
3 1 7 7 -84.9711 0.4142809311761813
3 1 4 7 -83.0975 1.4346625681183898
3 1 3 6 -81.0417 0.4202676150502109
3 1 2 3 -71.3333 0.4202676150502109
3 1 9 0 -82.51 1.5204824599919968
3 1 6 4 -80.0728 0.4142809311761813
3 1 8 4 -83.1956 0.4142809311761813
3 2 6 6 -81.6949 2.341681953932289
3 2 5 0 -74.54 0.4142809311761813
3 2 8 7 -84.9772 0.6606851953374354
3 2 9 9 -87.13 2.02253412315468
3 2 4 8 -83.2518 0.6606851953374354
3 2 9 4 -83.66 1.5204824599919968
3 2 1 0 -71.73 1.1200432714506303
3 2 8 0 -82.62 0.31961585322723524
3 2 4 6 -79.5317 1.8306104706098087
3 2 9 1 -83.53 0.7535492018748609
3 2 0 1 -74.07 1.5204824599919968
3 2 3 3 -64.0317 1.8306104706098087
3 2 6 7 -83.0821 1.8626419592629413
3 2 7 7 -84.0261 0.4142809311761813
3 2 4 7 -81.5736 1.4346625681183898
3 2 3 6 -78.9967 0.4202676150502109
3 2 2 3 -65.2683 0.4202676150502109
3 2 9 0 -83.62 1.5204824599919968
3 2 6 4 -78.7866 0.4142809311761813
3 2 8 4 -82.5652 0.4142809311761813
3 3 6 6 -80.3746 2.341681953932289
3 3 5 0 -77.39 0.4142809311761813
3 3 8 7 -84.1881 0.6606851953374354
3 3 9 9 -86.26 2.02253412315468
3 3 4 8 -81.7558 0.6606851953374354
3 3 9 4 -83.55 1.5204824599919968
3 3 1 0 -75.31 1.1200432714506303
3 3 8 0 -82.81 0.31961585322723524
3 3 4 6 -77.2138 1.8306104706098087
3 3 9 1 -83.63 0.7535492018748609
3 3 0 1 -74.58 1.5204824599919968
3 3 3 3 -59.5163 1.8306104706098087
3 3 6 7 -81.8443 1.8626419592629413
3 3 7 7 -83.0276 0.4142809311761813
3 3 4 7 -79.7591 1.4346625681183898
3 3 3 6 -76.3234 0.4202676150502109
3 3 2 3 -60.958600000000004 0.4202676150502109
3 3 9 0 -83.78 1.5204824599919968
3 3 6 4 -77.6841 0.4142809311761813
3 3 8 4 -82.0898 0.4142809311761813
3 4 6 6 -79.0558 2.341681953932289
3 4 5 0 -78.07 0.4142809311761813
3 4 8 7 -83.4304 0.6606851953374354
3 4 9 9 -85.3 2.02253412315468
3 4 4 8 -79.9761 0.6606851953374354
3 4 9 4 -83.54 1.5204824599919968
3 4 1 0 -78.07 1.1200432714506303
3 4 8 0 -83.08 0.31961585322723524
3 4 4 6 -74.2816 1.8306104706098087
3 4 9 1 -83.79 0.7535492018748609
3 4 0 1 -77.34 1.5204824599919968
3 4 3 3 -60.632099999999994 1.8306104706098087
3 4 6 7 -80.5337 1.8626419592629413
3 4 7 7 -82.0393 0.4142809311761813
3 4 4 7 -77.5028 1.4346625681183898
3 4 3 6 -72.4403 0.4202676150502109
3 4 2 3 -62.00620000000001 0.4202676150502109
3 4 9 0 -84.0 1.5204824599919968
3 4 6 4 -77.0324 0.4142809311761813
3 4 8 4 -81.8427 0.4142809311761813
3 5 6 6 -77.8877 2.341681953932289
3 5 5 0 -80.19 0.4142809311761813
3 5 8 7 -82.7525 0.6606851953374354
3 5 9 9 -85.01 2.02253412315468
3 5 4 8 -77.7681 0.6606851953374354
3 5 9 4 -83.55 1.5204824599919968
3 5 1 0 -80.27 1.1200432714506303
3 5 8 0 -84.28 0.31961585322723524
3 5 4 6 -70.2375 1.8306104706098087
3 5 9 1 -84.02 0.7535492018748609
3 5 0 1 -79.83 1.5204824599919968
3 5 3 3 -65.889 1.8306104706098087
3 5 6 7 -79.1957 1.8626419592629413
3 5 7 7 -81.1099 0.4142809311761813
3 5 4 7 -74.6667 1.4346625681183898
3 5 3 6 -65.8633 0.4202676150502109
3 5 2 3 -67.0514 0.4202676150502109
3 5 9 0 -85.14 1.5204824599919968
3 5 6 4 -77.0644 0.4142809311761813
3 5 8 4 -81.8527 0.4142809311761813
3 6 6 6 -77.1221 2.341681953932289
3 6 5 0 -81.9 0.4142809311761813
3 6 8 7 -82.2219 0.6606851953374354
3 6 9 9 -83.97 2.02253412315468
3 6 4 8 -75.0043 0.6606851953374354
3 6 9 4 -83.66 1.5204824599919968
3 6 1 0 -82.01 1.1200432714506303
3 6 8 0 -84.71 0.31961585322723524
3 6 4 6 -65.8187 1.8306104706098087
3 6 9 1 -85.14 0.7535492018748609
3 6 0 1 -81.7 1.5204824599919968
3 6 3 3 -72.4477 1.8306104706098087
3 6 6 7 -78.0011 1.8626419592629413
3 6 7 7 -80.3409 0.4142809311761813
3 6 4 7 -70.7757 1.4346625681183898
3 6 3 6 -60.876000000000005 0.4202676150502109
3 6 2 3 -73.0161 0.4202676150502109
3 6 9 0 -85.33 1.5204824599919968
3 6 6 4 -77.7667 0.4142809311761813
3 6 8 4 -82.1211 0.4142809311761813
3 7 6 6 -76.993 2.341681953932289
3 7 5 0 -83.34 0.4142809311761813
3 7 8 7 -81.8947 0.6606851953374354
3 7 9 9 -83.75 2.02253412315468
3 7 4 8 -71.3094 0.6606851953374354
3 7 9 4 -83.83 1.5204824599919968
3 7 1 0 -83.45 1.1200432714506303
3 7 8 0 -85.63 0.31961585322723524
3 7 4 6 -65.0731 1.8306104706098087
3 7 9 1 -85.36 0.7535492018748609
3 7 0 1 -83.22 1.5204824599919968
3 7 3 3 -76.3254 1.8306104706098087
3 7 6 7 -77.1793 1.8626419592629413
3 7 7 7 -79.8418 0.4142809311761813
3 7 4 7 -66.2418 1.4346625681183898
3 7 3 6 -59.515299999999996 0.4202676150502109
3 7 2 3 -76.5644 0.4202676150502109
3 7 9 0 -86.31 1.5204824599919968
3 7 6 4 -78.902 0.4142809311761813
3 7 8 4 -82.6132 0.4142809311761813
3 8 6 6 -77.5736 2.341681953932289
3 8 5 0 -84.59 0.4142809311761813
3 8 8 7 -81.8158 0.6606851953374354
3 8 9 9 -83.6 2.02253412315468
3 8 4 8 -66.5745 0.6606851953374354
3 8 9 4 -84.07 1.5204824599919968
3 8 1 0 -84.67 1.1200432714506303
3 8 8 0 -86.61 0.31961585322723524
3 8 4 6 -68.4812 1.8306104706098087
3 8 9 1 -86.31 0.7535492018748609
3 8 0 1 -84.5 1.5204824599919968
3 8 3 3 -79.0012 1.8306104706098087
3 8 6 7 -76.9717 1.8626419592629413
3 8 7 7 -79.7255 0.4142809311761813
3 8 4 7 -64.9191 1.4346625681183898
3 8 3 6 -63.9451 0.4202676150502109
3 8 2 3 -79.1397 0.4202676150502109
3 8 9 0 -86.61 1.5204824599919968
3 8 6 4 -80.2125 0.4142809311761813
3 8 8 4 -83.2589 0.4142809311761813
3 9 6 6 -78.6275 2.341681953932289
3 9 5 0 -85.68 0.4142809311761813
3 9 8 7 -82.0092 0.6606851953374354
3 9 9 9 -83.52 2.02253412315468
3 9 4 8 -64.8585 0.6606851953374354
3 9 9 4 -85.14 1.5204824599919968
3 9 1 0 -85.74 1.1200432714506303
3 9 8 0 -87.54 0.31961585322723524
3 9 4 6 -73.1207 1.8306104706098087
3 9 9 1 -87.3 0.7535492018748609
3 9 0 1 -85.6 1.5204824599919968
3 9 3 3 -81.0448 1.8306104706098087
3 9 6 7 -77.4821 1.8626419592629413
3 9 7 7 -80.0132 0.4142809311761813
3 9 4 7 -67.9943 1.4346625681183898
3 9 3 6 -70.4576 0.4202676150502109
3 9 2 3 -81.1349 0.4202676150502109
3 9 9 0 -87.43 1.5204824599919968
3 9 6 4 -81.5439 0.4142809311761813
3 9 8 4 -84.0043 0.4142809311761813
4 0 6 6 -83.4951 2.341681953932289
4 0 5 0 -64.63 0.4142809311761813
4 0 8 7 -85.947 0.6606851953374354
4 0 9 9 -87.54 2.02253412315468
4 0 4 8 -85.5357 0.6606851953374354
4 0 9 4 -84.34 1.5204824599919968
4 0 1 0 -74.01 1.1200432714506303
4 0 8 0 -80.0 0.31961585322723524
4 0 4 6 -82.7082 1.8306104706098087
4 0 9 1 -81.42 0.7535492018748609
4 0 0 1 -76.72 1.5204824599919968
4 0 3 3 -75.4614 1.8306104706098087
4 0 6 7 -84.8125 1.8626419592629413
4 0 7 7 -85.329 0.4142809311761813
4 0 4 7 -84.2405 1.4346625681183898
4 0 3 6 -82.7457 0.4202676150502109
4 0 2 3 -76.8171 0.4202676150502109
4 0 9 0 -81.33 1.5204824599919968
4 0 6 4 -80.2546 0.4142809311761813
4 0 8 4 -82.8253 0.4142809311761813
4 1 6 6 -82.1516 2.341681953932289
4 1 5 0 -64.75 0.4142809311761813
4 1 8 7 -85.0556 0.6606851953374354
4 1 9 9 -86.88 2.02253412315468
4 1 4 8 -84.3732 0.6606851953374354
4 1 9 4 -82.88 1.5204824599919968
4 1 1 0 -74.05 1.1200432714506303
4 1 8 0 -80.02 0.31961585322723524
4 1 4 6 -81.0582 1.8306104706098087
4 1 9 1 -81.33 0.7535492018748609
4 1 0 1 -76.48 1.5204824599919968
4 1 3 3 -70.9655 1.8306104706098087
4 1 6 7 -83.6344 1.8626419592629413
4 1 7 7 -84.2928 0.4142809311761813
4 1 4 7 -82.8756 1.4346625681183898
4 1 3 6 -81.1055 0.4202676150502109
4 1 2 3 -74.0921 0.4202676150502109
4 1 9 0 -81.35 1.5204824599919968
4 1 6 4 -78.4922 0.4142809311761813
4 1 8 4 -81.873 0.4142809311761813
4 2 6 6 -80.6248 2.341681953932289
4 2 5 0 -71.65 0.4142809311761813
4 2 8 7 -84.125 0.6606851953374354
4 2 9 9 -86.55 2.02253412315468
4 2 4 8 -83.0296 0.6606851953374354
4 2 9 4 -82.88 1.5204824599919968
4 2 1 0 -74.49 1.1200432714506303
4 2 8 0 -80.2 0.31961585322723524
4 2 4 6 -79.0216 1.8306104706098087
4 2 9 1 -81.36 0.7535492018748609
4 2 0 1 -76.54 1.5204824599919968
4 2 3 3 -64.9002 1.8306104706098087
4 2 6 7 -82.314 1.8626419592629413
4 2 7 7 -83.1726 0.4142809311761813
4 2 4 7 -81.2603 1.4346625681183898
4 2 3 6 -79.094 0.4202676150502109
4 2 2 3 -70.7761 0.4202676150502109
4 2 9 0 -81.49 1.5204824599919968
4 2 6 4 -76.5545 0.4142809311761813
4 2 8 4 -81.0209 0.4142809311761813
4 3 6 6 -78.8918 2.341681953932289
4 3 5 0 -75.32 0.4142809311761813
4 3 8 7 -83.1506 0.6606851953374354
4 3 9 9 -85.56 2.02253412315468
4 3 4 8 -81.4443 0.6606851953374354
4 3 9 4 -81.39 1.5204824599919968
4 3 1 0 -77.38 1.1200432714506303
4 3 8 0 -80.61 0.31961585322723524
4 3 4 6 -76.358 1.8306104706098087
4 3 9 1 -81.5 0.7535492018748609
4 3 0 1 -79.07 1.5204824599919968
4 3 3 3 -60.251900000000006 1.8306104706098087
4 3 6 7 -80.8087 1.8626419592629413
4 3 7 7 -81.956 0.4142809311761813
4 3 4 7 -79.2739 1.4346625681183898
4 3 3 6 -76.4846 0.4202676150502109
4 3 2 3 -68.0814 0.4202676150502109
4 3 9 0 -81.73 1.5204824599919968
4 3 6 4 -74.7252 0.4142809311761813
4 3 8 4 -80.3473 0.4142809311761813
4 4 6 6 -76.9963 2.341681953932289
4 4 5 0 -78.07 0.4142809311761813
4 4 8 7 -82.1853 0.6606851953374354
4 4 9 9 -84.56 2.02253412315468
4 4 4 8 -79.5077 0.6606851953374354
4 4 9 4 -81.33 1.5204824599919968
4 4 1 0 -79.58 1.1200432714506303
4 4 8 0 -82.05 0.31961585322723524
4 4 4 6 -72.5406 1.8306104706098087
4 4 9 1 -83.08 0.7535492018748609
4 4 0 1 -79.1 1.5204824599919968
4 4 3 3 -61.622 1.8306104706098087
4 4 6 7 -79.1081 1.8626419592629413
4 4 7 7 -80.6827 0.4142809311761813
4 4 4 7 -76.6903 1.4346625681183898
4 4 3 6 -72.8092 0.4202676150502109
4 4 2 3 -68.6606 0.4202676150502109
4 4 9 0 -83.08 1.5204824599919968
4 4 6 4 -73.5708 0.4142809311761813
4 4 8 4 -79.9913 0.4142809311761813
4 5 6 6 -75.0984 2.341681953932289
4 5 5 0 -78.77 0.4142809311761813
4 5 8 7 -81.2885 0.6606851953374354
4 5 9 9 -84.24 2.02253412315468
4 5 4 8 -76.9943 0.6606851953374354
4 5 9 4 -81.38 1.5204824599919968
4 5 1 0 -81.54 1.1200432714506303
4 5 8 0 -83.53 0.31961585322723524
4 5 4 6 -66.0584 1.8306104706098087
4 5 9 1 -83.1 0.7535492018748609
4 5 0 1 -81.38 1.5204824599919968
4 5 3 3 -66.7029 1.8306104706098087
4 5 6 7 -77.2157 1.8626419592629413
4 5 7 7 -79.4009 0.4142809311761813
4 5 4 7 -73.059 1.4346625681183898
4 5 3 6 -66.6712 0.4202676150502109
4 5 2 3 -71.8816 0.4202676150502109
4 5 9 0 -83.4 1.5204824599919968
4 5 6 4 -73.6378 0.4142809311761813
4 5 8 4 -80.0142 0.4142809311761813
4 6 6 6 -73.7253 2.341681953932289
4 6 5 0 -81.99 0.4142809311761813
4 6 8 7 -80.5393 0.6606851953374354
4 6 9 9 -83.05 2.02253412315468
4 6 4 8 -73.5358 0.6606851953374354
4 6 9 4 -81.55 1.5204824599919968
4 6 1 0 -81.89 1.1200432714506303
4 6 8 0 -83.93 0.31961585322723524
4 6 4 6 -60.862399999999994 1.8306104706098087
4 6 9 1 -84.58 0.7535492018748609
4 6 0 1 -82.75 1.5204824599919968
4 6 3 3 -72.8118 1.8306104706098087
4 6 6 7 -75.2805 1.8626419592629413
4 6 7 7 -78.2668 0.4142809311761813
4 6 4 7 -66.7851 1.4346625681183898
4 6 3 6 -61.688900000000004 0.4202676150502109
4 6 2 3 -75.0236 0.4202676150502109
4 6 9 0 -84.58 1.5204824599919968
4 6 6 4 -74.894 0.4142809311761813
4 6 8 4 -80.4048 0.4142809311761813
4 7 6 6 -73.4933 2.341681953932289
4 7 5 0 -83.44 0.4142809311761813
4 7 8 7 -80.0693 0.6606851953374354
4 7 9 9 -82.79 2.02253412315468
4 7 4 8 -67.523 0.6606851953374354
4 7 9 4 -82.88 1.5204824599919968
4 7 1 0 -83.33 1.1200432714506303
4 7 8 0 -84.92 0.31961585322723524
4 7 4 6 -59.940200000000004 1.8306104706098087
4 7 9 1 -84.61 0.7535492018748609
4 7 0 1 -82.9 1.5204824599919968
4 7 3 3 -76.4881 1.8306104706098087
4 7 6 7 -73.8287 1.8626419592629413
4 7 7 7 -77.485 0.4142809311761813
4 7 4 7 -61.3818 1.4346625681183898
4 7 3 6 -60.502399999999994 0.4202676150502109
4 7 2 3 -77.6308 0.4202676150502109
4 7 9 0 -85.69 1.5204824599919968
4 7 6 4 -76.7481 0.4142809311761813
4 7 8 4 -81.0907 0.4142809311761813
4 8 6 6 -74.5409 2.341681953932289
4 8 5 0 -84.66 0.4142809311761813
4 8 8 7 -79.9584 0.6606851953374354
4 8 9 9 -81.48 2.02253412315468
4 8 4 8 -62.0423 0.6606851953374354
4 8 9 4 -82.99 1.5204824599919968
4 8 1 0 -84.6 1.1200432714506303
4 8 8 0 -85.98 0.31961585322723524
4 8 4 6 -64.2842 1.8306104706098087
4 8 9 1 -85.69 0.7535492018748609
4 8 0 1 -84.14 1.5204824599919968
4 8 3 3 -79.0968 1.8306104706098087
4 8 6 7 -73.4545 1.8626419592629413
4 8 7 7 -77.2916 0.4142809311761813
4 8 4 7 -59.6006 1.4346625681183898
4 8 3 6 -64.7539 0.4202676150502109
4 8 2 3 -79.7902 0.4202676150502109
4 8 9 0 -85.98 1.5204824599919968
4 8 6 4 -78.6909 0.4142809311761813
4 8 8 4 -81.9656 0.4142809311761813
4 9 6 6 -76.315 2.341681953932289
4 9 5 0 -85.74 0.4142809311761813
4 9 8 7 -80.2422 0.6606851953374354
4 9 9 9 -81.35 2.02253412315468
4 9 4 8 -59.616200000000006 0.6606851953374354
4 9 9 4 -84.48 1.5204824599919968
4 9 1 0 -85.66 1.1200432714506303
4 9 8 0 -86.96 0.31961585322723524
4 9 4 6 -70.6131 1.8306104706098087
4 9 9 1 -86.73 0.7535492018748609
4 9 0 1 -85.53 1.5204824599919968
4 9 3 3 -81.1084 1.8306104706098087
4 9 6 7 -74.3775 1.8626419592629413
4 9 7 7 -77.7649 0.4142809311761813
4 9 4 7 -63.5891 1.4346625681183898
4 9 3 6 -71.0151 0.4202676150502109
4 9 2 3 -81.5507 0.4202676150502109
4 9 9 0 -86.87 1.5204824599919968
4 9 6 4 -80.4349 0.4142809311761813
4 9 8 4 -82.9278 0.4142809311761813
5 0 6 6 -83.022 2.341681953932289
5 0 5 0 -64.62 0.4142809311761813
5 0 8 7 -85.3885 0.6606851953374354
5 0 9 9 -86.98 2.02253412315468
5 0 4 8 -85.5424 0.6606851953374354
5 0 9 4 -82.2 1.5204824599919968
5 0 1 0 -78.42 1.1200432714506303
5 0 8 0 -78.42 0.31961585322723524
5 0 4 6 -82.7215 1.8306104706098087
5 0 9 1 -80.11 0.7535492018748609
5 0 0 1 -80.12 1.5204824599919968
5 0 3 3 -76.6612 1.8306104706098087
5 0 6 7 -84.4621 1.8626419592629413
5 0 7 7 -84.8611 0.4142809311761813
5 0 4 7 -84.2504 1.4346625681183898
5 0 3 6 -83.0222 0.4202676150502109
5 0 2 3 -78.4502 0.4202676150502109
5 0 9 0 -80.0 1.5204824599919968
5 0 6 4 -79.2395 0.4142809311761813
5 0 8 4 -81.6647 0.4142809311761813
5 1 6 6 -81.4981 2.341681953932289
5 1 5 0 -64.85 0.4142809311761813
5 1 8 7 -84.371 0.6606851953374354
5 1 9 9 -86.25 2.02253412315468
5 1 4 8 -84.3816 0.6606851953374354
5 1 9 4 -82.02 1.5204824599919968
5 1 1 0 -78.44 1.1200432714506303
5 1 8 0 -78.45 0.31961585322723524
5 1 4 6 -81.0749 1.8306104706098087
5 1 9 1 -79.99 0.7535492018748609
5 1 0 1 -79.99 1.5204824599919968
5 1 3 3 -73.7417 1.8306104706098087
5 1 6 7 -83.178 1.8626419592629413
5 1 7 7 -83.6966 0.4142809311761813
5 1 4 7 -82.8938 1.4346625681183898
5 1 3 6 -81.5019 0.4202676150502109
5 1 2 3 -76.6629 0.4202676150502109
5 1 9 0 -80.02 1.5204824599919968
5 1 6 4 -76.933 0.4142809311761813
5 1 8 4 -80.425 0.4142809311761813
5 2 6 6 -79.6947 2.341681953932289
5 2 5 0 -66.5 0.4142809311761813
5 2 8 7 -83.2625 0.6606851953374354
5 2 9 9 -86.0 2.02253412315468
5 2 4 8 -83.0465 0.6606851953374354
5 2 9 4 -80.3 1.5204824599919968
5 2 1 0 -78.67 1.1200432714506303
5 2 8 0 -78.68 0.31961585322723524
5 2 4 6 -79.0545 1.8306104706098087
5 2 9 1 -80.03 0.7535492018748609
5 2 0 1 -80.03 1.5204824599919968
5 2 3 3 -70.2061 1.8306104706098087
5 2 6 7 -81.6868 1.8626419592629413
5 2 7 7 -82.3898 0.4142809311761813
5 2 4 7 -81.2767 1.4346625681183898
5 2 3 6 -79.694 0.4202676150502109
5 2 2 3 -74.9424 0.4202676150502109
5 2 9 0 -80.2 1.5204824599919968
5 2 6 4 -74.0997 0.4142809311761813
5 2 8 4 -79.2176 0.4142809311761813
5 3 6 6 -77.4894 2.341681953932289
5 3 5 0 -72.71 0.4142809311761813
5 3 8 7 -82.0832 0.6606851953374354
5 3 9 9 -84.91 2.02253412315468
5 3 4 8 -81.4575 0.6606851953374354
5 3 9 4 -80.07 1.5204824599919968
5 3 1 0 -79.07 1.1200432714506303
5 3 8 0 -79.08 0.31961585322723524
5 3 4 6 -76.4098 1.8306104706098087
5 3 9 1 -80.22 0.7535492018748609
5 3 0 1 -80.21 1.5204824599919968
5 3 3 3 -66.9949 1.8306104706098087
5 3 6 7 -79.9178 1.8626419592629413
5 3 7 7 -80.9106 0.4142809311761813
5 3 4 7 -79.3051 1.4346625681183898
5 3 3 6 -77.4865 0.4202676150502109
5 3 2 3 -73.9527 0.4202676150502109
5 3 9 0 -80.5 1.5204824599919968
5 3 6 4 -70.5184 0.4142809311761813
5 3 8 4 -78.2362 0.4142809311761813
5 4 6 6 -74.7803 2.341681953932289
5 4 5 0 -76.3 0.4142809311761813
5 4 8 7 -80.8348 0.6606851953374354
5 4 9 9 -83.76 2.02253412315468
5 4 4 8 -79.5339 0.6606851953374354
5 4 9 4 -79.99 1.5204824599919968
5 4 1 0 -80.9 1.1200432714506303
5 4 8 0 -80.91 0.31961585322723524
5 4 4 6 -72.704 1.8306104706098087
5 4 9 1 -80.53 0.7535492018748609
5 4 0 1 -80.52 1.5204824599919968
5 4 3 3 -67.6833 1.8306104706098087
5 4 6 7 -77.7522 1.8626419592629413
5 4 7 7 -79.2604 0.4142809311761813
5 4 4 7 -76.739 1.4346625681183898
5 4 3 6 -74.7422 0.4202676150502109
5 4 2 3 -74.1478 0.4202676150502109
5 4 9 0 -82.16 1.5204824599919968
5 4 6 4 -67.2362 0.4142809311761813
5 4 8 4 -77.6585 0.4142809311761813
5 5 6 6 -71.4134 2.341681953932289
5 5 5 0 -78.84 0.4142809311761813
5 5 8 7 -79.593 0.6606851953374354
5 5 9 9 -82.44 2.02253412315468
5 5 4 8 -77.04 0.6606851953374354
5 5 9 4 -80.06 1.5204824599919968
5 5 1 0 -81.35 1.1200432714506303
5 5 8 0 -81.44 0.31961585322723524
5 5 4 6 -66.3466 1.8306104706098087
5 5 9 1 -82.16 0.7535492018748609
5 5 0 1 -82.02 1.5204824599919968
5 5 3 3 -71.3972 1.8306104706098087
5 5 6 7 -75.1086 1.8626419592629413
5 5 7 7 -77.4555 0.4142809311761813
5 5 4 7 -73.2277 1.4346625681183898
5 5 3 6 -70.8465 0.4202676150502109
5 5 2 3 -75.4371 0.4202676150502109
5 5 9 0 -82.44 1.5204824599919968
5 5 6 4 -67.3265 0.4142809311761813
5 5 8 4 -77.6756 0.4142809311761813
5 6 6 6 -67.8197 2.341681953932289
5 6 5 0 -80.79 0.4142809311761813
5 6 8 7 -78.5213 0.6606851953374354
5 6 9 9 -82.02 2.02253412315468
5 6 4 8 -73.6996 0.6606851953374354
5 6 9 4 -80.27 1.5204824599919968
5 6 1 0 -82.87 1.1200432714506303
5 6 8 0 -83.03 0.31961585322723524
5 6 4 6 -61.3523 1.8306104706098087
5 6 9 1 -82.48 0.7535492018748609
5 6 0 1 -83.62 1.5204824599919968
5 6 3 3 -74.7684 1.8306104706098087
5 6 6 7 -71.8415 1.8626419592629413
5 6 7 7 -75.6245 0.4142809311761813
5 6 4 7 -67.0509 1.4346625681183898
5 6 3 6 -67.9027 0.4202676150502109
5 6 2 3 -77.2315 0.4202676150502109
5 6 9 0 -83.76 1.5204824599919968
5 6 6 4 -70.9006 0.4142809311761813
5 6 8 4 -78.306 0.4142809311761813
5 7 6 6 -67.0223 2.341681953932289
5 7 5 0 -82.39 0.4142809311761813
5 7 8 7 -77.7809 0.6606851953374354
5 7 9 9 -80.49 2.02253412315468
5 7 4 8 -67.6729 0.6606851953374354
5 7 9 4 -80.61 1.5204824599919968
5 7 1 0 -84.3 1.1200432714506303
5 7 8 0 -84.16 0.31961585322723524
5 7 4 6 -60.32599999999999 1.8306104706098087
5 7 9 1 -83.79 0.7535492018748609
5 7 0 1 -83.79 1.5204824599919968
5 7 3 3 -77.4818 1.8306104706098087
5 7 6 7 -68.0924 1.8626419592629413
5 7 7 7 -74.2509 0.4142809311761813
5 7 4 7 -61.76819999999999 1.4346625681183898
5 7 3 6 -66.9174 0.4202676150502109
5 7 2 3 -79.0653 0.4202676150502109
5 7 9 0 -85.0 1.5204824599919968
5 7 6 4 -74.4454 0.4142809311761813
5 7 8 4 -79.3304 0.4142809311761813
5 8 6 6 -70.0374 2.341681953932289
5 8 5 0 -83.73 0.4142809311761813
5 8 8 7 -77.6088 0.6606851953374354
5 8 9 9 -80.18 2.02253412315468
5 8 4 8 -62.5745 0.6606851953374354
5 8 9 4 -82.16 1.5204824599919968
5 8 1 0 -85.45 1.1200432714506303
5 8 8 0 -85.28 0.31961585322723524
5 8 4 6 -64.3954 1.8306104706098087
5 8 9 1 -85.0 0.7535492018748609
5 8 0 1 -84.93 1.5204824599919968
5 8 3 3 -79.7064 1.8306104706098087
5 8 6 7 -66.8802 1.8626419592629413
5 8 7 7 -73.8954 0.4142809311761813
5 8 4 7 -60.3189 1.4346625681183898
5 8 3 6 -70.0504 0.4202676150502109
5 8 2 3 -80.7291 0.4202676150502109
5 8 9 0 -86.09 1.5204824599919968
5 8 6 4 -77.1955 0.4142809311761813
5 8 8 4 -80.5415 0.4142809311761813
5 9 6 6 -73.75 2.341681953932289
5 9 5 0 -84.9 0.4142809311761813
5 9 8 7 -78.0479 0.6606851953374354
5 9 9 9 -80.02 2.02253412315468
5 9 4 8 -60.136700000000005 0.6606851953374354
5 9 9 4 -82.19 1.5204824599919968
5 9 1 0 -86.26 1.1200432714506303
5 9 8 0 -86.31 0.31961585322723524
5 9 4 6 -70.8008 1.8306104706098087
5 9 9 1 -86.09 0.7535492018748609
5 9 0 1 -86.04 1.5204824599919968
5 9 3 3 -81.5081 1.8306104706098087
5 9 6 7 -69.5265 1.8626419592629413
5 9 7 7 -74.7416 0.4142809311761813
5 9 4 7 -63.786100000000005 1.4346625681183898
5 9 3 6 -73.8849 0.4202676150502109
5 9 2 3 -82.2273 0.4202676150502109
5 9 9 0 -86.31 1.5204824599919968
5 9 6 4 -79.4715 0.4142809311761813
5 9 8 4 -81.7986 0.4142809311761813
6 0 6 6 -82.745 2.341681953932289
6 0 5 0 -64.63 0.4142809311761813
6 0 8 7 -84.9031 0.6606851953374354
6 0 9 9 -87.25 2.02253412315468
6 0 4 8 -85.6916 0.6606851953374354
6 0 9 4 -81.03 1.5204824599919968
6 0 1 0 -80.0 1.1200432714506303
6 0 8 0 -74.02 0.31961585322723524
6 0 4 6 -82.9792 1.8306104706098087
6 0 9 1 -76.72 0.7535492018748609
6 0 0 1 -81.42 1.5204824599919968
6 0 3 3 -78.3612 1.8306104706098087
6 0 6 7 -84.2649 1.8626419592629413
6 0 7 7 -84.4932 0.4142809311761813
6 0 4 7 -84.4306 1.4346625681183898
6 0 3 6 -83.4952 0.4202676150502109
6 0 2 3 -80.1099 0.4202676150502109
6 0 9 0 -76.49 1.5204824599919968
6 0 6 4 -78.5735 0.4142809311761813
6 0 8 4 -80.5085 0.4142809311761813
6 1 6 6 -81.0994 2.341681953932289
6 1 5 0 -64.74 0.4142809311761813
6 1 8 7 -83.7633 0.6606851953374354
6 1 9 9 -86.34 2.02253412315468
6 1 4 8 -84.5657 0.6606851953374354
6 1 9 4 -81.03 1.5204824599919968
6 1 1 0 -80.02 1.1200432714506303
6 1 8 0 -74.06 0.31961585322723524
6 1 4 6 -81.4416 1.8306104706098087
6 1 9 1 -76.48 0.7535492018748609
6 1 0 1 -81.33 1.5204824599919968
6 1 3 3 -76.2988 1.8306104706098087
6 1 6 7 -82.9108 1.8626419592629413
6 1 7 7 -83.2175 0.4142809311761813
6 1 4 7 -83.1373 1.4346625681183898
6 1 3 6 -82.1535 0.4202676150502109
6 1 2 3 -78.8704 0.4202676150502109
6 1 9 0 -76.53 1.5204824599919968
6 1 6 4 -75.7981 0.4142809311761813
6 1 8 4 -78.8536 0.4142809311761813
6 2 6 6 -79.0898 2.341681953932289
6 2 5 0 -66.76 0.4142809311761813
6 2 8 7 -82.4683 0.6606851953374354
6 2 9 9 -85.3 2.02253412315468
6 2 4 8 -83.2912 0.6606851953374354
6 2 9 4 -78.83 1.5204824599919968
6 2 1 0 -80.19 1.1200432714506303
6 2 8 0 -74.78 0.31961585322723524
6 2 4 6 -79.6118 1.8306104706098087
6 2 9 1 -76.55 0.7535492018748609
6 2 0 1 -81.36 1.5204824599919968
6 2 3 3 -74.5594 1.8306104706098087
6 2 6 7 -81.2997 1.8626419592629413
6 2 7 7 -81.7434 0.4142809311761813
6 2 4 7 -81.628 1.4346625681183898
6 2 3 6 -80.6199 0.4202676150502109
6 2 2 3 -77.8666 0.4202676150502109
6 2 9 0 -76.85 1.5204824599919968
6 2 6 4 -71.7228 0.4142809311761813
6 2 8 4 -77.085 0.4142809311761813
6 3 6 6 -76.4797 2.341681953932289
6 3 5 0 -72.82 0.4142809311761813
6 3 8 7 -81.0292 0.6606851953374354
6 3 9 9 -84.18 2.02253412315468
6 3 4 8 -81.8077 0.6606851953374354
6 3 9 4 -78.81 1.5204824599919968
6 3 1 0 -81.72 1.1200432714506303
6 3 8 0 -77.4 0.31961585322723524
6 3 4 6 -77.3479 1.8306104706098087
6 3 9 1 -79.08 0.7535492018748609
6 3 0 1 -81.5 1.5204824599919968
6 3 3 3 -73.5148 1.8306104706098087
6 3 6 7 -79.3374 1.8626419592629413
6 3 7 7 -80.0112 0.4142809311761813
6 3 4 7 -79.8398 1.4346625681183898
6 3 3 6 -78.9123 0.4202676150502109
6 3 2 3 -77.3276 0.4202676150502109
6 3 9 0 -79.08 1.5204824599919968
6 3 6 4 -65.3461 0.4142809311761813
6 3 8 4 -75.4383 0.4142809311761813
6 4 6 6 -72.8192 2.341681953932289
6 4 5 0 -76.36 0.4142809311761813
6 4 8 7 -79.4171 0.6606851953374354
6 4 9 9 -82.9 2.02253412315468
6 4 4 8 -80.0469 0.6606851953374354
6 4 9 4 -76.47 1.5204824599919968
6 4 1 0 -82.04 1.1200432714506303
6 4 8 0 -79.71 0.31961585322723524
6 4 4 6 -74.6991 1.8306104706098087
6 4 9 1 -79.11 0.7535492018748609
6 4 0 1 -83.07 1.5204824599919968
6 4 3 3 -73.7271 1.8306104706098087
6 4 6 7 -76.8028 1.8626419592629413
6 4 7 7 -77.9012 0.4142809311761813
6 4 4 7 -77.6404 1.4346625681183898
6 4 3 6 -77.0123 0.4202676150502109
6 4 2 3 -77.4394 0.4202676150502109
6 4 9 0 -79.71 1.5204824599919968
6 4 6 4 -60.731899999999996 0.4142809311761813
6 4 8 4 -74.4141 0.4142809311761813
6 5 6 6 -66.6881 2.341681953932289
6 5 5 0 -78.87 0.4142809311761813
6 5 8 7 -77.6773 0.6606851953374354
6 5 9 9 -81.37 2.02253412315468
6 5 4 8 -77.8972 0.6606851953374354
6 5 9 4 -76.59 1.5204824599919968
6 5 1 0 -83.39 1.1200432714506303
6 5 8 0 -80.19 0.31961585322723524
6 5 4 6 -70.9828 1.8306104706098087
6 5 9 1 -81.16 0.7535492018748609
6 5 0 1 -83.09 1.5204824599919968
6 5 3 3 -75.0803 1.8306104706098087
6 5 6 7 -73.312 1.8626419592629413
6 5 7 7 -75.3371 0.4142809311761813
6 5 4 7 -74.9835 1.4346625681183898
6 5 3 6 -75.1173 0.4202676150502109
6 5 2 3 -78.1537 0.4202676150502109
6 5 9 0 -81.38 1.5204824599919968
6 5 6 4 -61.22410000000001 0.4142809311761813
6 5 8 4 -74.4512 0.4142809311761813
6 6 6 6 -61.4782 2.341681953932289
6 6 5 0 -80.82 0.4142809311761813
6 6 8 7 -75.946 0.6606851953374354
6 6 9 9 -80.9 2.02253412315468
6 6 4 8 -75.3589 0.6606851953374354
6 6 9 4 -78.78 1.5204824599919968
6 6 1 0 -83.76 1.1200432714506303
6 6 8 0 -81.96 0.31961585322723524
6 6 4 6 -66.8707 1.8306104706098087
6 6 9 1 -81.42 0.7535492018748609
6 6 0 1 -84.57 1.5204824599919968
6 6 3 3 -76.9866 1.8306104706098087
6 6 6 7 -67.4228 1.8626419592629413
6 6 7 7 -72.3348 0.4142809311761813
6 6 4 7 -71.0747 1.4346625681183898
6 6 3 6 -73.7349 0.4202676150502109
6 6 2 3 -79.2572 0.4202676150502109
6 6 9 0 -82.87 1.5204824599919968
6 6 6 4 -66.006 0.4142809311761813
6 6 8 4 -75.5812 0.4142809311761813
6 7 6 6 -60.599900000000005 2.341681953932289
6 7 5 0 -82.4 0.4142809311761813
6 7 8 7 -74.6332 0.6606851953374354
6 7 9 9 -79.08 2.02253412315468
6 7 4 8 -71.4982 0.6606851953374354
6 7 9 4 -79.22 1.5204824599919968
6 7 1 0 -84.92 1.1200432714506303
6 7 8 0 -83.41 0.31961585322723524
6 7 4 6 -66.0183 1.8306104706098087
6 7 9 1 -82.91 0.7535492018748609
6 7 0 1 -84.6 1.5204824599919968
6 7 3 3 -78.8939 1.8306104706098087
6 7 6 7 -62.0343 1.8626419592629413
6 7 7 7 -68.9506 0.4142809311761813
6 7 4 7 -67.1244 1.4346625681183898
6 7 3 6 -73.5094 0.4202676150502109
6 7 2 3 -80.5368 0.4202676150502109
6 7 9 0 -84.2 1.5204824599919968
6 7 6 4 -72.2873 0.4142809311761813
6 7 8 4 -77.2678 0.4142809311761813
6 8 6 6 -64.8868 2.341681953932289
6 8 5 0 -83.75 0.4142809311761813
6 8 8 7 -74.3188 0.6606851953374354
6 8 9 9 -78.68 2.02253412315468
6 8 4 8 -67.2396 0.6606851953374354
6 8 9 4 -81.04 1.5204824599919968
6 8 1 0 -85.92 1.1200432714506303
6 8 8 0 -84.64 0.31961585322723524
6 8 4 6 -69.3027 1.8306104706098087
6 8 9 1 -84.2 0.7535492018748609
6 8 0 1 -85.61 1.5204824599919968
6 8 3 3 -80.6334 1.8306104706098087
6 8 6 7 -60.24079999999999 1.8626419592629413
6 8 7 7 -67.862 0.4142809311761813
6 8 4 7 -65.8839 1.4346625681183898
6 8 3 6 -74.5472 0.4202676150502109
6 8 2 3 -81.8113 0.4202676150502109
6 8 9 0 -85.37 1.5204824599919968
6 8 6 4 -76.1522 0.4142809311761813
6 8 8 4 -79.0209 0.4142809311761813
6 9 6 6 -71.1041 2.341681953932289
6 9 5 0 -84.91 0.4142809311761813
6 9 8 7 -75.127 0.6606851953374354
6 9 9 9 -76.53 2.02253412315468
6 9 4 8 -65.8544 0.6606851953374354
6 9 9 4 -81.16 1.5204824599919968
6 9 1 0 -86.87 1.1200432714506303
6 9 8 0 -85.72 0.31961585322723524
6 9 4 6 -73.492 1.8306104706098087
6 9 9 1 -85.37 0.7535492018748609
6 9 0 1 -86.67 1.5204824599919968
6 9 3 3 -82.1554 1.8306104706098087
6 9 6 7 -64.0009 1.8626419592629413
6 9 7 7 -70.3466 0.4142809311761813
6 9 4 7 -68.8325 1.4346625681183898
6 9 3 6 -76.3427 0.4202676150502109
6 9 2 3 -83.0392 0.4202676150502109
6 9 9 0 -86.39 1.5204824599919968
6 9 6 4 -78.8399 0.4142809311761813
6 9 8 4 -80.6756 0.4142809311761813
7 0 6 6 -82.6956 2.341681953932289
7 0 5 0 -64.61 0.4142809311761813
7 0 8 7 -84.5246 0.6606851953374354
7 0 9 9 -86.58 2.02253412315468
7 0 4 8 -85.945 0.6606851953374354
7 0 9 4 -79.89 1.5204824599919968
7 0 1 0 -81.33 1.1200432714506303
7 0 8 0 -70.53 0.31961585322723524
7 0 4 6 -83.4332 1.8306104706098087
7 0 9 1 -74.37 0.7535492018748609
7 0 0 1 -83.57 1.5204824599919968
7 0 3 3 -79.9363 1.8306104706098087
7 0 6 7 -84.2303 1.8626419592629413
7 0 7 7 -84.2796 0.4142809311761813
7 0 4 7 -84.7663 1.4346625681183898
7 0 3 6 -84.1094 0.4202676150502109
7 0 2 3 -81.6145 0.4202676150502109
7 0 9 0 -74.01 1.5204824599919968
7 0 6 4 -78.4631 0.4142809311761813
7 0 8 4 -79.4409 0.4142809311761813
7 1 6 6 -81.0406 2.341681953932289
7 1 5 0 -64.75 0.4142809311761813
7 1 8 7 -83.2616 0.6606851953374354
7 1 9 9 -85.6 2.02253412315468
7 1 4 8 -84.8922 0.6606851953374354
7 1 9 4 -77.72 1.5204824599919968
7 1 1 0 -81.35 1.1200432714506303
7 1 8 0 -70.61 0.31961585322723524
7 1 4 6 -82.0638 1.8306104706098087
7 1 9 1 -74.0 0.7535492018748609
7 1 0 1 -83.51 1.5204824599919968
7 1 3 3 -78.6414 1.8306104706098087
7 1 6 7 -82.8662 1.8626419592629413
7 1 7 7 -82.9258 0.4142809311761813
7 1 4 7 -83.5773 1.4346625681183898
7 1 3 6 -82.9527 0.4202676150502109
7 1 2 3 -80.7463 0.4202676150502109
7 1 9 0 -74.06 1.5204824599919968
7 1 6 4 -75.6197 0.4142809311761813
7 1 8 4 -77.2667 0.4142809311761813
7 2 6 6 -78.9939 2.341681953932289
7 2 5 0 -71.39 0.4142809311761813
7 2 8 7 -81.8039 0.6606851953374354
7 2 9 9 -84.5 2.02253412315468
7 2 4 8 -83.7141 0.6606851953374354
7 2 9 4 -77.4 1.5204824599919968
7 2 1 0 -82.61 1.1200432714506303
7 2 8 0 -71.41 0.31961585322723524
7 2 4 6 -80.5143 1.8306104706098087
7 2 9 1 -74.09 0.7535492018748609
7 2 0 1 -83.53 1.5204824599919968
7 2 3 3 -77.5827 1.8306104706098087
7 2 6 7 -81.243 1.8626419592629413
7 2 7 7 -81.3274 0.4142809311761813
7 2 4 7 -82.2247 1.4346625681183898
7 2 3 6 -81.6971 0.4202676150502109
7 2 2 3 -80.0861 0.4202676150502109
7 2 9 0 -74.54 1.5204824599919968
7 2 6 4 -71.1562 0.4142809311761813
7 2 8 4 -74.7245 0.4142809311761813
7 3 6 6 -76.321 2.341681953932289
7 3 5 0 -72.58 0.4142809311761813
7 3 8 7 -80.0914 0.6606851953374354
7 3 9 9 -83.22 2.02253412315468
7 3 4 8 -82.377 0.6606851953374354
7 3 9 4 -74.25 1.5204824599919968
7 3 1 0 -82.8 1.1200432714506303
7 3 8 0 -75.32 0.31961585322723524
7 3 4 6 -78.7551 1.8306104706098087
7 3 9 1 -74.6 0.7535492018748609
7 3 0 1 -83.62 1.5204824599919968
7 3 3 3 -77.0164 1.8306104706098087
7 3 6 7 -79.2476 1.8626419592629413
7 3 7 7 -79.3869 0.4142809311761813
7 3 4 7 -80.6969 1.4346625681183898
7 3 3 6 -80.3727 0.4202676150502109
7 3 2 3 -79.7499 0.4202676150502109
7 3 9 0 -77.54 1.5204824599919968
7 3 6 4 -64.6741 0.4142809311761813
7 3 8 4 -71.7338 0.4142809311761813
7 4 6 6 -72.4796 2.341681953932289
7 4 5 0 -78.22 0.4142809311761813
7 4 8 7 -78.0347 0.6606851953374354
7 4 9 9 -81.7 2.02253412315468
7 4 4 8 -80.857 0.6606851953374354
7 4 9 4 -73.97 1.5204824599919968
7 4 1 0 -83.06 1.1200432714506303
7 4 8 0 -78.18 0.31961585322723524
7 4 4 6 -76.7811 1.8306104706098087
7 4 9 1 -77.54 0.7535492018748609
7 4 0 1 -83.78 1.5204824599919968
7 4 3 3 -77.1311 1.8306104706098087
7 4 6 7 -76.6476 1.8626419592629413
7 4 7 7 -76.8801 0.4142809311761813
7 4 4 7 -78.9614 1.4346625681183898
7 4 3 6 -79.05 0.4202676150502109
7 4 2 3 -79.8156 0.4202676150502109
7 4 9 0 -78.18 1.5204824599919968
7 4 6 4 -60.02589999999999 0.4142809311761813
7 4 8 4 -69.0833 0.4142809311761813
7 5 6 6 -65.9021 2.341681953932289
7 5 5 0 -80.37 0.4142809311761813
7 5 8 7 -75.5592 0.6606851953374354
7 5 9 9 -80.29 2.02253412315468
7 5 4 8 -79.1686 0.6606851953374354
7 5 9 4 -74.15 1.5204824599919968
7 5 1 0 -84.26 1.1200432714506303
7 5 8 0 -80.35 0.31961585322723524
7 5 4 6 -74.7732 1.8306104706098087
7 5 9 1 -79.94 0.7535492018748609
7 5 0 1 -85.02 1.5204824599919968
7 5 3 3 -77.8829 1.8306104706098087
7 5 6 7 -73.0091 1.8626419592629413
7 5 7 7 -73.514 0.4142809311761813
7 5 4 7 -77.0647 1.4346625681183898
7 5 3 6 -77.8915 0.4202676150502109
7 5 2 3 -80.2678 0.4202676150502109
7 5 9 0 -80.19 1.5204824599919968
7 5 6 4 -60.5951 0.4142809311761813
7 5 8 4 -69.2404 0.4142809311761813
7 6 6 6 -60.714 2.341681953932289
7 6 5 0 -82.08 0.4142809311761813
7 6 8 7 -72.7239 0.6606851953374354
7 6 9 9 -77.85 2.02253412315468
7 6 4 8 -77.259 0.6606851953374354
7 6 9 4 -74.74 1.5204824599919968
7 6 1 0 -85.45 1.1200432714506303
7 6 8 0 -82.07 0.31961585322723524
7 6 4 6 -73.2899 1.8306104706098087
7 6 9 1 -81.78 0.7535492018748609
7 6 0 1 -85.07 1.5204824599919968
7 6 3 3 -79.0485 1.8306104706098087
7 6 6 7 -66.6068 1.8626419592629413
7 6 7 7 -67.8069 0.4142809311761813
7 6 4 7 -75.0074 1.4346625681183898
7 6 3 6 -77.1249 0.4202676150502109
7 6 2 3 -81.0141 0.4202676150502109
7 6 9 0 -81.9 1.5204824599919968
7 6 6 4 -65.2122 0.4142809311761813
7 6 8 4 -71.9893 0.4142809311761813
7 7 6 6 -59.7274 2.341681953932289
7 7 5 0 -83.5 0.4142809311761813
7 7 8 7 -69.7861 0.6606851953374354
7 7 9 9 -77.4 2.02253412315468
7 7 4 8 -75.1576 0.6606851953374354
7 7 9 4 -77.58 1.5204824599919968
7 7 1 0 -85.62 1.1200432714506303
7 7 8 0 -83.49 0.31961585322723524
7 7 4 6 -73.0963 1.8306104706098087
7 7 9 1 -83.27 0.7535492018748609
7 7 0 1 -86.22 1.5204824599919968
7 7 3 3 -80.3618 1.8306104706098087
7 7 6 7 -61.174899999999994 1.8626419592629413
7 7 7 7 -62.380300000000005 0.4142809311761813
7 7 4 7 -73.375 1.4346625681183898
7 7 3 6 -77.0116 0.4202676150502109
7 7 2 3 -81.9315 0.4202676150502109
7 7 9 0 -83.34 1.5204824599919968
7 7 6 4 -71.8337 0.4142809311761813
7 7 8 4 -74.9667 0.4142809311761813
7 8 6 6 -64.116 2.341681953932289
7 8 5 0 -84.72 0.4142809311761813
7 8 8 7 -68.8044 0.6606851953374354
7 8 9 9 -74.58 2.02253412315468
7 8 4 8 -73.5617 0.6606851953374354
7 8 9 4 -79.94 1.5204824599919968
7 8 1 0 -86.55 1.1200432714506303
7 8 8 0 -84.71 0.31961585322723524
7 8 4 6 -74.1825 1.8306104706098087
7 8 9 1 -83.27 0.7535492018748609
7 8 0 1 -86.31 1.5204824599919968
7 8 3 3 -81.6881 1.8306104706098087
7 8 6 7 -59.4333 1.8626419592629413
7 8 7 7 -60.9577 0.4142809311761813
7 8 4 7 -73.0336 1.4346625681183898
7 8 3 6 -77.5865 0.4202676150502109
7 8 2 3 -82.9587 0.4202676150502109
7 8 9 0 -84.57 1.5204824599919968
7 8 6 4 -75.9876 0.4142809311761813
7 8 8 4 -77.5043 0.4142809311761813
7 9 6 6 -70.4489 2.341681953932289
7 9 5 0 -85.78 0.4142809311761813
7 9 8 7 -71.0247 0.6606851953374354
7 9 9 9 -74.07 2.02253412315468
7 9 4 8 -72.9863 0.6606851953374354
7 9 9 4 -79.94 1.5204824599919968
7 9 1 0 -87.49 1.1200432714506303
7 9 8 0 -85.77 0.31961585322723524
7 9 4 6 -76.0503 1.8306104706098087
7 9 9 1 -84.54 0.7535492018748609
7 9 0 1 -86.55 1.5204824599919968
7 9 3 3 -82.9441 1.8306104706098087
7 9 6 7 -63.426100000000005 1.8626419592629413
7 9 7 7 -64.4278 0.4142809311761813
7 9 4 7 -74.0139 1.4346625681183898
7 9 3 6 -78.6339 0.4202676150502109
7 9 2 3 -83.901 0.4202676150502109
7 9 9 0 -85.66 1.5204824599919968
7 9 6 4 -78.7491 0.4142809311761813
7 9 8 4 -79.6612 0.4142809311761813
8 0 6 6 -82.9054 2.341681953932289
8 0 5 0 -74.0 0.4142809311761813
8 0 8 7 -84.2918 0.6606851953374354
8 0 9 9 -86.74 2.02253412315468
8 0 4 8 -86.3003 0.6606851953374354
8 0 9 4 -78.32 1.5204824599919968
8 0 1 0 -83.51 1.1200432714506303
8 0 8 0 -64.6 0.31961585322723524
8 0 4 6 -84.0193 1.8306104706098087
8 0 9 1 -71.1 0.7535492018748609
8 0 0 1 -84.47 1.5204824599919968
8 0 3 3 -81.4567 1.8306104706098087
8 0 6 7 -84.3781 1.8626419592629413
8 0 7 7 -84.2302 0.4142809311761813
8 0 4 7 -85.2204 1.4346625681183898
8 0 3 6 -84.9154 0.4202676150502109
8 0 2 3 -82.9659 0.4202676150502109
8 0 9 0 -64.6 1.5204824599919968
8 0 6 4 -78.9721 0.4142809311761813
8 0 8 4 -78.6737 0.4142809311761813
8 1 6 6 -81.3346 2.341681953932289
8 1 5 0 -74.05 0.4142809311761813
8 1 8 7 -82.9456 0.6606851953374354
8 1 9 9 -85.8 2.02253412315468
8 1 4 8 -85.3321 0.6606851953374354
8 1 9 4 -78.32 1.5204824599919968
8 1 1 0 -83.53 1.1200432714506303
8 1 8 0 -64.76 0.31961585322723524
8 1 4 6 -82.8515 1.8306104706098087
8 1 9 1 -64.57 0.7535492018748609
8 1 0 1 -84.43 1.5204824599919968
8 1 3 3 -80.5538 1.8306104706098087
8 1 6 7 -83.065 1.8626419592629413
8 1 7 7 -82.8605 0.4142809311761813
8 1 4 7 -84.1564 1.4346625681183898
8 1 3 6 -83.8214 0.4202676150502109
8 1 2 3 -82.3373 0.4202676150502109
8 1 9 0 -64.76 1.5204824599919968
8 1 6 4 -76.4765 0.4142809311761813
8 1 8 4 -75.9886 0.4142809311761813
8 2 6 6 -79.4516 2.341681953932289
8 2 5 0 -74.86 0.4142809311761813
8 2 8 7 -81.3603 0.6606851953374354
8 2 9 9 -84.74 2.02253412315468
8 2 4 8 -84.2784 0.6606851953374354
8 2 9 4 -75.36 1.5204824599919968
8 2 1 0 -83.61 1.1200432714506303
8 2 8 0 -66.3 0.31961585322723524
8 2 4 6 -81.5753 1.8306104706098087
8 2 9 1 -71.4 0.7535492018748609
8 2 0 1 -84.44 1.5204824599919968
8 2 3 3 -79.8639 1.8306104706098087
8 2 6 7 -81.5239 1.8626419592629413
8 2 7 7 -81.2327 0.4142809311761813
8 2 4 7 -82.9962 1.4346625681183898
8 2 3 6 -82.8023 0.4202676150502109
8 2 2 3 -81.8702 0.4202676150502109
8 2 9 0 -71.4 1.5204824599919968
8 2 6 4 -73.2271 0.4142809311761813
8 2 8 4 -72.1685 0.4142809311761813
8 3 6 6 -77.0916 2.341681953932289
8 3 5 0 -75.31 0.4142809311761813
8 3 8 7 -79.4264 0.6606851953374354
8 3 9 9 -83.54 2.02253412315468
8 3 4 8 -83.1227 0.6606851953374354
8 3 9 4 -70.94 1.5204824599919968
8 3 1 0 -83.77 1.1200432714506303
8 3 8 0 -72.8 0.31961585322723524
8 3 4 6 -80.2153 1.8306104706098087
8 3 9 1 -71.48 0.7535492018748609
8 3 0 1 -84.52 1.5204824599919968
8 3 3 3 -79.5125 1.8306104706098087
8 3 6 7 -79.6831 1.8626419592629413
8 3 7 7 -79.2321 0.4142809311761813
8 3 4 7 -81.7275 1.4346625681183898
8 3 3 6 -81.7906 0.4202676150502109
8 3 2 3 -81.6493 0.4202676150502109
8 3 9 0 -75.56 1.5204824599919968
8 3 6 4 -68.8879 0.4142809311761813
8 3 8 4 -66.125 0.4142809311761813
8 4 6 6 -74.0805 2.341681953932289
8 4 5 0 -77.99 0.4142809311761813
8 4 8 7 -76.9577 0.6606851953374354
8 4 9 9 -80.44 2.02253412315468
8 4 4 8 -81.864 0.6606851953374354
8 4 9 4 -70.88 1.5204824599919968
8 4 1 0 -83.99 1.1200432714506303
8 4 8 0 -76.35 0.31961585322723524
8 4 4 6 -78.8427 1.8306104706098087
8 4 9 1 -75.56 0.7535492018748609
8 4 0 1 -84.65 1.5204824599919968
8 4 3 3 -79.5782 1.8306104706098087
8 4 6 7 -77.3861 1.8626419592629413
8 4 7 7 -76.6311 0.4142809311761813
8 4 4 7 -80.3675 1.4346625681183898
8 4 3 6 -80.8388 0.4202676150502109
8 4 2 3 -81.6912 0.4202676150502109
8 4 9 0 -78.38 1.5204824599919968
8 4 6 4 -64.4599 0.4142809311761813
8 4 8 4 -62.4327 0.4142809311761813
8 5 6 6 -69.5102 2.341681953932289
8 5 5 0 -80.18 0.4142809311761813
8 5 8 7 -73.6444 0.6606851953374354
8 5 9 9 -80.44 2.02253412315468
8 5 4 8 -80.5225 0.6606851953374354
8 5 9 4 -65.1 1.5204824599919968
8 5 1 0 -85.06 1.1200432714506303
8 5 8 0 -78.87 0.31961585322723524
8 5 4 6 -77.616 1.8306104706098087
8 5 9 1 -78.38 0.7535492018748609
8 5 0 1 -85.61 1.5204824599919968
8 5 3 3 -80.0545 1.8306104706098087
8 5 6 7 -74.5638 1.8626419592629413
8 5 7 7 -72.9148 0.4142809311761813
8 5 4 7 -78.997 1.4346625681183898
8 5 3 6 -80.0641 0.4202676150502109
8 5 2 3 -82.0014 0.4202676150502109
8 5 9 0 -78.38 1.5204824599919968
8 5 6 4 -64.6999 0.4142809311761813
8 5 8 4 -62.7218 0.4142809311761813
8 6 6 6 -65.0167 2.341681953932289
8 6 5 0 -81.98 0.4142809311761813
8 6 8 7 -68.2576 0.6606851953374354
8 6 9 9 -78.32 2.02253412315468
8 6 4 8 -79.1364 0.6606851953374354
8 6 9 4 -71.72 1.5204824599919968
8 6 1 0 -86.02 1.1200432714506303
8 6 8 0 -80.81 0.31961585322723524
8 6 4 6 -76.8078 1.8306104706098087
8 6 9 1 -80.48 0.7535492018748609
8 6 0 1 -85.81 1.5204824599919968
8 6 3 3 -80.8347 1.8306104706098087
8 6 6 7 -70.1286 1.8626419592629413
8 6 7 7 -66.4694 0.4142809311761813
8 6 4 7 -77.7407 1.4346625681183898
8 6 3 6 -79.5789 0.4202676150502109
8 6 2 3 -82.5278 0.4202676150502109
8 6 9 0 -80.48 1.5204824599919968
8 6 6 4 -68.9838 0.4142809311761813
8 6 8 4 -66.7985 0.4142809311761813
8 7 6 6 -64.2176 2.341681953932289
8 7 5 0 -83.42 0.4142809311761813
8 7 8 7 -62.9815 0.6606851953374354
8 7 9 9 -75.46 2.02253412315468
8 7 4 8 -77.8693 0.6606851953374354
8 7 9 4 -75.57 1.5204824599919968
8 7 1 0 -86.29 1.1200432714506303
8 7 8 0 -82.4 0.31961585322723524
8 7 4 6 -76.6767 1.8306104706098087
8 7 9 1 -82.16 0.7535492018748609
8 7 0 1 -86.91 1.5204824599919968
8 7 3 3 -81.7747 1.8306104706098087
8 7 6 7 -65.3996 1.8626419592629413
8 7 7 7 -61.24679999999999 0.4142809311761813
8 7 4 7 -76.8698 1.4346625681183898
8 7 3 6 -79.5074 0.4202676150502109
8 7 2 3 -83.2098 0.4202676150502109
8 7 9 0 -82.16 1.5204824599919968
8 7 6 4 -73.6908 0.4142809311761813
8 7 8 4 -72.6585 0.4142809311761813
8 8 6 6 -67.8469 2.341681953932289
8 8 5 0 -84.65 0.4142809311761813
8 8 8 7 -62.1726 0.6606851953374354
8 8 9 9 -71.5 2.02253412315468
8 8 4 8 -76.9494 0.6606851953374354
8 8 9 4 -78.38 1.5204824599919968
8 8 1 0 -87.1 1.1200432714506303
8 8 8 0 -83.74 0.31961585322723524
8 8 4 6 -77.2856 1.8306104706098087
8 8 9 1 -83.56 0.7535492018748609
8 8 0 1 -86.92 1.5204824599919968
8 8 3 3 -82.7933 1.8306104706098087
8 8 6 7 -64.076 1.8626419592629413
8 8 7 7 -60.089 0.4142809311761813
8 8 4 7 -76.6529 1.4346625681183898
8 8 3 6 -79.8621 0.4202676150502109
8 8 2 3 -83.9766 0.4202676150502109
8 8 9 0 -84.76 1.5204824599919968
8 8 6 4 -76.7891 0.4142809311761813
8 8 8 4 -76.324 0.4142809311761813
8 9 6 6 -72.8313 2.341681953932289
8 9 5 0 -85.73 0.4142809311761813
8 9 8 7 -64.9172 0.6606851953374354
8 9 9 9 -64.88 2.02253412315468
8 9 4 8 -76.6475 0.6606851953374354
8 9 9 4 -80.48 1.5204824599919968
8 9 1 0 -87.39 1.1200432714506303
8 9 8 0 -84.91 0.31961585322723524
8 9 4 6 -78.4014 1.8306104706098087
8 9 9 1 -84.76 0.7535492018748609
8 9 0 1 -87.73 1.5204824599919968
8 9 3 3 -83.8125 1.8306104706098087
8 9 6 7 -67.31 1.8626419592629413
8 9 7 7 -63.2551 0.4142809311761813
8 9 4 7 -77.1856 1.4346625681183898
8 9 3 6 -80.5482 0.4202676150502109
8 9 2 3 -84.7784 0.4202676150502109
8 9 9 0 -85.81 1.5204824599919968
8 9 6 4 -79.2147 0.4142809311761813
8 9 8 4 -78.9364 0.4142809311761813
9 0 6 6 -83.3202 2.341681953932289
9 0 5 0 -76.49 0.4142809311761813
9 0 8 7 -84.2234 0.6606851953374354
9 0 9 9 -85.91 2.02253412315468
9 0 4 8 -86.7174 0.6606851953374354
9 0 9 4 -78.78 1.5204824599919968
9 0 1 0 -84.43 1.1200432714506303
9 0 8 0 -64.66 0.31961585322723524
9 0 4 6 -84.7153 1.8306104706098087
9 0 9 1 -65.83 0.7535492018748609
9 0 0 1 -85.29 1.5204824599919968
9 0 3 3 -82.8333 1.8306104706098087
9 0 6 7 -84.6716 1.8626419592629413
9 0 7 7 -84.354 0.4142809311761813
9 0 4 7 -85.7505 1.4346625681183898
9 0 3 6 -85.5145 0.4202676150502109
9 0 2 3 -84.1944 0.4202676150502109
9 0 9 0 -65.83 1.5204824599919968
9 0 6 4 -79.9213 0.4142809311761813
9 0 8 4 -78.43 0.4142809311761813
9 1 6 6 -81.9136 2.341681953932289
9 1 5 0 -76.52 0.4142809311761813
9 1 8 7 -82.8493 0.6606851953374354
9 1 9 9 -84.88 2.02253412315468
9 1 4 8 -85.8626 0.6606851953374354
9 1 9 4 -76.22 1.5204824599919968
9 1 1 0 -84.44 1.1200432714506303
9 1 8 0 -64.75 0.31961585322723524
9 1 4 6 -83.7182 1.8306104706098087
9 1 9 1 -65.78 0.7535492018748609
9 1 0 1 -85.25 1.5204824599919968
9 1 3 3 -82.1733 1.8306104706098087
9 1 6 7 -83.4691 1.8626419592629413
9 1 7 7 -83.0311 0.4142809311761813
9 1 4 7 -84.8216 1.4346625681183898
9 1 3 6 -84.6951 0.4202676150502109
9 1 2 3 -83.7148 0.4202676150502109
9 1 9 0 -65.78 1.5204824599919968
9 1 6 4 -77.9562 0.4142809311761813
9 1 8 4 -75.5571 0.4142809311761813
9 2 6 6 -80.3033 2.341681953932289
9 2 5 0 -76.84 0.4142809311761813
9 2 8 7 -81.2243 0.6606851953374354
9 2 9 9 -83.71 2.02253412315468
9 2 4 8 -84.9214 0.6606851953374354
9 2 9 4 -72.55 1.5204824599919968
9 2 1 0 -84.51 1.1200432714506303
9 2 8 0 -66.84 0.31961585322723524
9 2 4 6 -82.675 1.8306104706098087
9 2 9 1 -66.18 0.7535492018748609
9 2 0 1 -85.27 1.5204824599919968
9 2 3 3 -81.6896 1.8306104706098087
9 2 6 7 -82.0816 1.8626419592629413
9 2 7 7 -81.4808 0.4142809311761813
9 2 4 7 -83.8286 1.4346625681183898
9 2 3 6 -83.8659 0.4202676150502109
9 2 2 3 -83.3729 0.4202676150502109
9 2 9 0 -66.27 1.5204824599919968
9 2 6 4 -75.7985 0.4142809311761813
9 2 8 4 -70.9621 0.4142809311761813
9 3 6 6 -78.4375 2.341681953932289
9 3 5 0 -79.07 0.4142809311761813
9 3 8 7 -79.2186 0.6606851953374354
9 3 9 9 -82.36 2.02253412315468
9 3 4 8 -83.9388 0.6606851953374354
9 3 9 4 -65.81 1.5204824599919968
9 3 1 0 -85.44 1.1200432714506303
9 3 8 0 -72.87 0.31961585322723524
9 3 4 6 -81.6405 1.8306104706098087
9 3 9 1 -66.43 0.7535492018748609
9 3 0 1 -86.17 1.5204824599919968
9 3 3 3 -81.4579 1.8306104706098087
9 3 6 7 -80.4767 1.8626419592629413
9 3 7 7 -79.6195 0.4142809311761813
9 3 4 7 -82.8012 1.4346625681183898
9 3 3 6 -83.0839 0.4202676150502109
9 3 2 3 -83.2041 0.4202676150502109
9 3 9 0 -72.59 1.5204824599919968
9 3 6 4 -73.6327 0.4142809311761813
9 3 8 4 -64.7544 0.4142809311761813
9 4 6 6 -76.2701 2.341681953932289
9 4 5 0 -79.49 0.4142809311761813
9 4 8 7 -76.6009 0.6606851953374354
9 4 9 9 -80.75 2.02253412315468
9 4 4 8 -82.9153 0.6606851953374354
9 4 9 4 -65.83 1.5204824599919968
9 4 1 0 -85.59 1.1200432714506303
9 4 8 0 -76.39 0.31961585322723524
9 4 4 6 -80.6552 1.8306104706098087
9 4 9 1 -72.68 0.7535492018748609
9 4 0 1 -86.18 1.5204824599919968
9 4 3 3 -81.5029 1.8306104706098087
9 4 6 7 -78.6466 1.8626419592629413
9 4 7 7 -77.2513 0.4142809311761813
9 4 4 7 -81.756 1.4346625681183898
9 4 3 6 -82.3816 0.4202676150502109
9 4 2 3 -83.2363 0.4202676150502109
9 4 9 0 -76.24 1.5204824599919968
9 4 6 4 -72.1089 0.4142809311761813
9 4 8 4 -60.835800000000006 0.4142809311761813
9 5 6 6 -74.0697 2.341681953932289
9 5 5 0 -81.38 0.4142809311761813
9 5 8 7 -72.8796 0.6606851953374354
9 5 9 9 -78.78 2.02253412315468
9 5 4 8 -81.8655 0.6606851953374354
9 5 9 4 -66.18 1.5204824599919968
9 5 1 0 -85.79 1.1200432714506303
9 5 8 0 -78.89 0.31961585322723524
9 5 4 6 -79.8487 1.8306104706098087
9 5 9 1 -76.23 0.7535492018748609
9 5 0 1 -86.31 1.5204824599919968
9 5 3 3 -81.8245 1.8306104706098087
9 5 6 7 -76.5185 1.8626419592629413
9 5 7 7 -74.3265 0.4142809311761813
9 5 4 7 -80.7557 1.4346625681183898
9 5 3 6 -81.8269 0.4202676150502109
9 5 2 3 -83.4613 0.4202676150502109
9 5 9 0 -78.79 1.5204824599919968
9 5 6 4 -72.1899 0.4142809311761813
9 5 8 4 -61.22239999999999 0.4142809311761813
9 6 6 6 -72.2299 2.341681953932289
9 6 5 0 -83.05 0.4142809311761813
9 6 8 7 -66.455 0.6606851953374354
9 6 9 9 -76.22 2.02253412315468
9 6 4 8 -80.8607 0.6606851953374354
9 6 9 4 -66.2 1.5204824599919968
9 6 1 0 -86.68 1.1200432714506303
9 6 8 0 -80.83 0.31961585322723524
9 6 4 6 -79.3351 1.8306104706098087
9 6 9 1 -78.79 0.7535492018748609
9 6 0 1 -87.25 1.5204824599919968
9 6 3 3 -82.371 1.8306104706098087
9 6 6 7 -74.3073 1.8626419592629413
9 6 7 7 -69.7014 0.4142809311761813
9 6 4 7 -79.9233 1.4346625681183898
9 6 3 6 -81.5062 0.4202676150502109
9 6 2 3 -83.8547 0.4202676150502109
9 6 9 0 -80.76 1.5204824599919968
9 6 6 4 -73.8513 0.4142809311761813
9 6 8 4 -65.2261 0.4142809311761813
9 7 6 6 -72.0117 2.341681953932289
9 7 5 0 -84.1 0.4142809311761813
9 7 8 7 -62.586 0.6606851953374354
9 7 9 9 -72.56 2.02253412315468
9 7 4 8 -80.0077 0.6606851953374354
9 7 9 4 -72.59 1.5204824599919968
9 7 1 0 -86.91 1.1200432714506303
9 7 8 0 -82.41 0.31961585322723524
9 7 4 6 -79.2606 1.8306104706098087
9 7 9 1 -80.76 0.7535492018748609
9 7 0 1 -87.3 1.5204824599919968
9 7 3 3 -83.0741 1.8306104706098087
9 7 6 7 -72.3827 1.8626419592629413
9 7 7 7 -64.7324 0.4142809311761813
9 7 4 7 -79.3739 1.4346625681183898
9 7 3 6 -81.4551 0.4202676150502109
9 7 2 3 -84.3753 0.4202676150502109
9 7 9 0 -82.36 1.5204824599919968
9 7 6 4 -75.9944 0.4142809311761813
9 7 8 4 -71.6855 0.4142809311761813
9 8 6 6 -73.4739 2.341681953932289
9 8 5 0 -85.28 0.4142809311761813
9 8 8 7 -60.7825 0.6606851953374354
9 8 9 9 -66.13 2.02253412315468
9 8 4 8 -79.426 0.6606851953374354
9 8 9 4 -76.24 1.5204824599919968
9 8 1 0 -87.72 1.1200432714506303
9 8 8 0 -83.75 0.31961585322723524
9 8 4 6 -79.6337 1.8306104706098087
9 8 9 1 -83.72 0.7535492018748609
9 8 0 1 -88.2 1.5204824599919968
9 8 3 3 -83.8651 1.8306104706098087
9 8 6 7 -71.9554 1.8626419592629413
9 8 7 7 -63.3669 0.4142809311761813
9 8 4 7 -79.2521 1.4346625681183898
9 8 3 6 -81.6848 0.4202676150502109
9 8 2 3 -84.9809 0.4202676150502109
9 8 9 0 -83.72 1.5204824599919968
9 8 6 4 -78.1832 0.4142809311761813
9 8 8 4 -75.9345 0.4142809311761813
9 9 6 6 -75.4889 2.341681953932289
9 9 5 0 -86.32 0.4142809311761813
9 9 8 7 -63.648300000000006 0.6606851953374354
9 9 9 9 -66.22 2.02253412315468
9 9 4 8 -79.2425 0.6606851953374354
9 9 9 4 -78.79 1.5204824599919968
9 9 1 0 -88.46 1.1200432714506303
9 9 8 0 -84.91 0.31961585322723524
9 9 4 6 -80.3561 1.8306104706098087
9 9 9 1 -84.88 0.7535492018748609
9 9 0 1 -88.26 1.5204824599919968
9 9 3 3 -84.6916 1.8306104706098087
9 9 6 7 -73.2496 1.8626419592629413
9 9 7 7 -66.6353 0.4142809311761813
9 9 4 7 -79.5694 1.4346625681183898
9 9 3 6 -82.169 0.4202676150502109
9 9 2 3 -85.6288 0.4202676150502109
9 9 9 0 -84.88 1.5204824599919968
9 9 6 4 -80.0926 0.4142809311761813
9 9 8 4 -78.7127 0.4142809311761813
