18 26 1.8626419592629415 0.388882393442197
33 40 1.8306104706098094 0.388882393442197
40 38 1.854337754620402 0.388882393442197
17 9 2.3416819539322895 0.388882393442197
46 1 0.5181550542899772 0.388882393442197
27 25 1.43466256811839 0.388882393442197
33 31 0.5181550542899772 0.388882393442197
6 28 2.574836982024013 0.388882393442197
24 34 0.4518638216531901 0.388882393442197
20 15 2.3416819539322895 0.388882393442197
8 21 0.5181550542899772 0.388882393442197
45 8 1.12004327145063 0.388882393442197
38 20 2.574836982024013 0.388882393442197
39 41 0.4142809311761804 0.388882393442197
6 17 1.12004327145063 0.388882393442197
30 49 1.43466256811839 0.388882393442197
18 35 1.854337754620402 0.388882393442197
35 1 2.0225341231546783 0.388882393442197
23 18 2.3416819539322895 0.388882393442197
23 1 0.42026761505021043 0.388882393442197
27 32 1.12004327145063 0.388882393442197
49 11 1.12004327145063 0.388882393442197
44 2 1.12004327145063 0.388882393442197
6 13 0.6606851953374362 0.388882393442197
25 36 1.12004327145063 0.388882393442197
23 41 2.574836982024013 0.388882393442197
47 34 0.4518638216531901 0.388882393442197
31 44 0.4142809311761804 0.388882393442197
3 18 1.12004327145063 0.388882393442197
15 42 1.5204824599919975 0.388882393442197
46 36 2.0225341231546783 0.388882393442197
14 18 1.43466256811839 0.388882393442197
45 42 0.5181550542899772 0.388882393442197
25 2 0.6606851953374362 0.388882393442197
17 32 2.0225341231546783 0.388882393442197
8 47 0.7535492018748607 0.388882393442197
15 26 2.0225341231546783 0.388882393442197
46 34 2.0225341231546783 0.388882393442197
40 4 1.43466256811839 0.388882393442197
23 24 1.0456301932360759 0.388882393442197
14 10 1.12004327145063 0.388882393442197
18 17 0.4142809311761804 0.388882393442197
44 3 0.6606851953374362 0.388882393442197
4 25 2.3416819539322895 0.388882393442197
39 5 0.31961585322723485 0.388882393442197
13 6 1.0456301932360759 0.388882393442197
21 25 2.3416819539322895 0.388882393442197
20 24 0.42026761505021043 0.388882393442197
48 12 1.5204824599919975 0.388882393442197
4 34 0.4142809311761804 0.388882393442197
13 46 1.5204824599919975 0.388882393442197
33 20 0.4518638216531901 0.388882393442197
34 10 1.0456301932360759 0.388882393442197
34 0 1.0456301932360759 0.388882393442197
46 45 0.5181550542899772 0.388882393442197
5 3 1.5204824599919975 0.388882393442197
19 48 2.574836982024013 0.388882393442197
41 17 0.4154391840750009 0.388882393442197
35 46 0.5181550542899772 0.388882393442197
37 37 2.0225341231546783 0.388882393442197
2 14 2.574836982024013 0.388882393442197
34 41 0.4142809311761804 0.388882393442197
3 3 0.31961585322723485 0.388882393442197
48 30 0.7535492018748607 0.388882393442197
20 16 0.6606851953374362 0.388882393442197
21 28 0.7535492018748607 0.388882393442197
5 8 1.8306104706098094 0.388882393442197
42 16 1.43466256811839 0.388882393442197
48 46 1.5204824599919975 0.388882393442197
23 35 2.3416819539322895 0.388882393442197
22 48 0.31961585322723485 0.388882393442197
45 15 1.5204824599919975 0.388882393442197
16 40 2.574836982024013 0.388882393442197
27 8 0.7535492018748607 0.388882393442197
47 31 0.5181550542899772 0.388882393442197
12 24 1.12004327145063 0.388882393442197
14 41 0.5181550542899772 0.388882393442197
47 40 0.4154391840750009 0.388882393442197
20 1 1.0456301932360759 0.388882393442197
32 26 2.574836982024013 0.388882393442197
47 32 0.31961585322723485 0.388882393442197
2 23 0.31961585322723485 0.388882393442197
24 1 1.5204824599919975 0.388882393442197
42 12 2.0225341231546783 0.388882393442197
22 16 1.12004327145063 0.388882393442197
42 26 0.4518638216531901 0.388882393442197
7 46 0.6606851953374362 0.388882393442197
3 11 0.6606851953374362 0.388882393442197
38 27 2.0225341231546783 0.388882393442197
8 35 2.574836982024013 0.388882393442197
22 17 1.5204824599919975 0.388882393442197
41 21 0.7535492018748607 0.388882393442197
44 7 0.7535492018748607 0.388882393442197
3 31 1.43466256811839 0.388882393442197
43 44 1.854337754620402 0.388882393442197
8 28 0.6606851953374362 0.388882393442197
38 43 1.12004327145063 0.388882393442197
34 39 2.574836982024013 0.388882393442197
31 43 1.5204824599919975 0.388882393442197
11 19 1.8626419592629415 0.388882393442197
17 5 1.5204824599919975 0.388882393442197
15 3 0.6606851953374362 0.388882393442197
46 6 0.4518638216531901 0.388882393442197
44 10 0.4142809311761804 0.388882393442197
45 13 0.4154391840750009 0.388882393442197
32 13 0.5181550542899772 0.388882393442197
4 44 0.7535492018748607 0.388882393442197
47 21 0.6606851953374362 0.388882393442197
10 27 0.4518638216531901 0.388882393442197
8 49 1.5204824599919975 0.388882393442197
22 41 0.4142809311761804 0.388882393442197
45 20 0.5181550542899772 0.388882393442197
7 30 0.7535492018748607 0.388882393442197
37 27 0.4142809311761804 0.388882393442197
43 27 0.7535492018748607 0.388882393442197
16 9 1.12004327145063 0.388882393442197
42 23 0.6606851953374362 0.388882393442197
13 19 0.6606851953374362 0.388882393442197
23 49 0.42026761505021043 0.388882393442197
2 40 1.43466256811839 0.388882393442197
4 11 1.12004327145063 0.388882393442197
25 47 2.0225341231546783 0.388882393442197
7 45 0.31961585322723485 0.388882393442197
13 26 0.6606851953374362 0.388882393442197
10 3 0.31961585322723485 0.388882393442197
15 33 1.8306104706098094 0.388882393442197
49 5 0.6606851953374362 0.388882393442197
7 31 1.854337754620402 0.388882393442197
3 12 0.4154391840750009 0.388882393442197
12 10 1.8306104706098094 0.388882393442197
46 27 1.8306104706098094 0.388882393442197
19 9 1.12004327145063 0.388882393442197
6 48 1.43466256811839 0.388882393442197
37 46 1.12004327145063 0.388882393442197
3 45 1.854337754620402 0.388882393442197
16 18 2.0225341231546783 0.388882393442197
18 46 1.854337754620402 0.388882393442197
34 6 2.3416819539322895 0.388882393442197
42 21 0.31961585322723485 0.388882393442197
44 29 0.7535492018748607 0.388882393442197
10 24 1.0456301932360759 0.388882393442197
11 46 1.8306104706098094 0.388882393442197
18 9 0.31961585322723485 0.388882393442197
25 37 0.31961585322723485 0.388882393442197
35 22 1.854337754620402 0.388882393442197
41 8 1.5204824599919975 0.388882393442197
37 3 0.31961585322723485 0.388882393442197
11 24 1.854337754620402 0.388882393442197
0 1 1.0456301932360759 0.388882393442197
9 1 1.43466256811839 0.388882393442197
