11 25 0.5181550542899774 1
5 18 1.5204824599919968 1
30 34 0.6606851953374354 1
8 15 1.8626419592629413 1
3 24 0.31961585322723524 1
20 15 0.4518638216531902 1
22 20 0.4202676150502109 1
33 16 1.045630193236076 1
35 22 0.4142809311761813 1
26 13 1.5204824599919968 1
19 22 1.8543377546204012 1
6 0 2.02253412315468 1
26 34 1.1200432714506303 1
5 7 2.574836982024013 1
39 29 0.4142809311761813 1
26 2 1.8543377546204012 1
24 33 0.7535492018748609 1
0 6 0.4154391840750011 1
22 13 0.4142809311761813 1
33 39 0.6606851953374354 1
17 23 0.6606851953374354 1
39 11 0.6606851953374354 1
14 17 0.31961585322723524 1
1 24 0.6606851953374354 1
39 0 0.4142809311761813 1
26 17 0.31961585322723524 1
31 35 1.5204824599919968 1
3 14 2.341681953932289 1
32 38 0.4518638216531902 1
32 7 0.7535492018748609 1
19 39 1.5204824599919968 1
26 28 0.5181550542899774 1
0 31 1.4346625681183898 1
38 39 1.045630193236076 1
39 21 2.574836982024013 1
35 32 0.4202676150502109 1
14 11 1.4346625681183898 1
32 15 0.4518638216531902 1
23 20 0.6606851953374354 1
19 38 2.574836982024013 1
8 14 0.7535492018748609 1
28 20 0.4202676150502109 1
27 36 1.4346625681183898 1
0 30 0.4154391840750011 1
0 8 1.4346625681183898 1
33 3 1.4346625681183898 1
8 13 1.8306104706098087 1
18 30 0.4154391840750011 1
37 36 0.7535492018748609 1
7 37 1.1200432714506303 1
