13 11 1.8306104706098087 1
21 23 0.4518638216531902 1
33 26 1.8306104706098087 1
11 2 0.5181550542899774 1
31 32 0.4154391840750011 1
8 12 0.4142809311761813 1
6 33 0.4154391840750011 1
13 5 1.8306104706098087 1
6 27 2.574836982024013 1
1 37 1.1200432714506303 1
37 9 0.7535492018748609 1
28 1 1.4346625681183898 1
35 14 0.31961585322723524 1
32 10 2.574836982024013 1
20 3 1.8306104706098087 1
19 9 0.4142809311761813 1
35 27 1.045630193236076 1
5 38 0.5181550542899774 1
6 23 2.02253412315468 1
27 35 1.8626419592629413 1
5 17 0.31961585322723524 1
2 15 0.31961585322723524 1
32 12 1.4346625681183898 1
5 29 2.574836982024013 1
20 7 2.574836982024013 1
18 39 1.4346625681183898 1
8 34 0.31961585322723524 1
16 20 2.574836982024013 1
28 19 1.4346625681183898 1
22 38 1.8626419592629413 1
39 13 0.6606851953374354 1
10 22 1.8306104706098087 1
36 22 1.4346625681183898 1
3 9 0.5181550542899774 1
14 29 1.1200432714506303 1
12 25 1.8306104706098087 1
23 36 0.31961585322723524 1
38 8 2.02253412315468 1
26 1 1.1200432714506303 1
5 25 0.5181550542899774 1
36 17 0.31961585322723524 1
19 35 1.045630193236076 1
25 9 0.4154391840750011 1
16 26 0.4142809311761813 1
19 2 2.574836982024013 1
3 29 0.4142809311761813 1
39 14 0.4518638216531902 1
20 6 2.02253412315468 1
9 39 0.4154391840750011 1
28 9 1.8626419592629413 1
35 2 0.4154391840750011 1
27 12 0.4518638216531902 1
4 20 1.4346625681183898 1
26 24 1.8543377546204012 1
35 25 1.045630193236076 1
21 0 2.341681953932289 1
4 28 1.8626419592629413 1
20 4 0.6606851953374354 1
32 26 1.8543377546204012 1
28 12 2.02253412315468 1
2 22 0.31961585322723524 1
8 17 1.8626419592629413 1
31 16 0.5181550542899774 1
12 7 1.8306104706098087 1
1 0 0.6606851953374354 1
37 38 1.8626419592629413 1
27 0 2.574836982024013 1
11 32 1.4346625681183898 1
10 5 0.4154391840750011 1
0 31 0.31961585322723524 1
25 6 1.1200432714506303 1
27 13 1.8543377546204012 1
21 36 0.31961585322723524 1
24 33 1.8306104706098087 1
22 21 0.7535492018748609 1
23 38 1.8626419592629413 1
16 0 1.1200432714506303 1
34 17 0.31961585322723524 1
12 23 0.4202676150502109 1
16 18 1.8626419592629413 1
22 5 0.6606851953374354 1
27 27 1.045630193236076 1
14 7 2.341681953932289 1
14 14 1.8306104706098087 1
23 34 0.4518638216531902 1
39 30 1.4346625681183898 1
20 17 1.8626419592629413 1
31 34 0.4518638216531902 1
18 28 1.1200432714506303 1
26 10 0.6606851953374354 1
5 7 0.7535492018748609 1
36 28 0.4142809311761813 1
7 37 1.8543377546204012 1
6 0 1.8306104706098087 1
30 27 1.045630193236076 1
6 19 0.6606851953374354 1
16 12 2.574836982024013 1
22 20 1.8306104706098087 1
24 3 1.045630193236076 1
15 30 1.4346625681183898 1
19 18 0.7535492018748609 1
6 26 0.5181550542899774 1
3 0 0.7535492018748609 1
16 16 1.1200432714506303 1
38 38 1.8543377546204012 1
13 29 2.02253412315468 1
37 30 1.5204824599919968 1
9 9 1.4346625681183898 1
35 13 0.6606851953374354 1
28 23 1.8543377546204012 1
9 4 1.045630193236076 1
4 21 1.045630193236076 1
17 5 2.341681953932289 1
28 11 0.4202676150502109 1
16 6 0.7535492018748609 1
19 11 1.8306104706098087 1
9 10 0.31961585322723524 1
16 37 0.6606851953374354 1
26 34 0.31961585322723524 1
33 18 0.6606851953374354 1
3 21 2.02253412315468 1
27 31 2.02253412315468 1
17 29 1.8543377546204012 1
1 26 0.7535492018748609 1
27 1 0.6606851953374354 1
23 19 0.4202676150502109 1
33 36 2.574836982024013 1
14 10 0.4154391840750011 1
13 2 0.4202676150502109 1
18 14 1.1200432714506303 1
30 12 0.4154391840750011 1
39 29 1.8626419592629413 1
7 29 2.574836982024013 1
7 0 2.341681953932289 1
39 17 2.341681953932289 1
8 21 0.31961585322723524 1
39 37 2.02253412315468 1
37 18 0.4518638216531902 1
17 34 1.8306104706098087 1
16 33 1.8626419592629413 1
28 17 0.31961585322723524 1
0 13 1.8306104706098087 1
22 8 0.5181550542899774 1
8 15 2.02253412315468 1
34 5 1.8626419592629413 1
13 21 0.4142809311761813 1
20 11 1.8543377546204012 1
29 13 1.8626419592629413 1
2 27 0.4142809311761813 1
15 26 1.8543377546204012 1
7 1 0.5181550542899774 1
25 18 2.574836982024013 1
29 9 1.045630193236076 1
10 10 0.5181550542899774 1
39 4 0.4154391840750011 1
19 37 0.4142809311761813 1
25 34 1.8626419592629413 1
13 18 0.4154391840750011 1
10 25 0.4142809311761813 1
22 36 0.7535492018748609 1
8 32 0.7535492018748609 1
17 31 1.4346625681183898 1
25 11 2.574836982024013 1
19 20 1.4346625681183898 1
38 36 2.02253412315468 1
29 18 1.1200432714506303 1
25 23 0.4518638216531902 1
31 23 0.4154391840750011 1
9 27 2.341681953932289 1
13 39 0.6606851953374354 1
11 39 1.8543377546204012 1
20 26 0.5181550542899774 1
12 18 0.5181550542899774 1
4 24 1.8626419592629413 1
11 17 0.4518638216531902 1
36 37 1.8543377546204012 1
3 36 0.4518638216531902 1
12 2 0.4154391840750011 1
27 20 1.045630193236076 1
26 6 0.7535492018748609 1
28 8 0.4202676150502109 1
7 33 1.8626419592629413 1
30 10 0.5181550542899774 1
26 2 1.045630193236076 1
6 7 1.1200432714506303 1
18 19 1.5204824599919968 1
0 23 2.341681953932289 1
20 2 1.1200432714506303 1
5 32 2.02253412315468 1
14 19 2.341681953932289 1
11 31 1.045630193236076 1
20 14 2.02253412315468 1
29 1 0.6606851953374354 1
10 23 1.8543377546204012 1
18 13 0.4142809311761813 1
11 3 0.31961585322723524 1
32 18 1.5204824599919968 1
34 34 1.4346625681183898 1
22 31 0.5181550542899774 1
22 3 0.4518638216531902 1
24 20 0.6606851953374354 1
34 33 0.4142809311761813 1
28 22 1.8543377546204012 1
8 38 1.045630193236076 1
16 10 1.045630193236076 1
24 26 1.8543377546204012 1
12 10 1.8306104706098087 1
12 37 0.6606851953374354 1
1 30 1.4346625681183898 1
0 17 2.574836982024013 1
25 7 2.341681953932289 1
19 34 2.341681953932289 1
32 14 2.341681953932289 1
2 10 2.02253412315468 1
38 26 1.8543377546204012 1
2 8 0.4154391840750011 1
39 9 0.6606851953374354 1
38 12 1.8626419592629413 1
34 29 0.4154391840750011 1
28 38 1.1200432714506303 1
26 20 2.02253412315468 1
4 2 1.8626419592629413 1
19 19 0.31961585322723524 1
38 23 1.4346625681183898 1
18 33 2.341681953932289 1
15 21 0.4154391840750011 1
19 26 0.7535492018748609 1
39 0 1.4346625681183898 1
3 33 1.8306104706098087 1
31 9 2.574836982024013 1
39 5 1.8626419592629413 1
29 38 1.045630193236076 1
10 34 1.1200432714506303 1
14 28 0.4202676150502109 1
39 10 2.574836982024013 1
12 22 2.341681953932289 1
15 24 0.4154391840750011 1
35 21 0.4518638216531902 1
0 32 1.8543377546204012 1
26 36 0.4518638216531902 1
1 25 2.574836982024013 1
36 39 1.1200432714506303 1
7 28 0.4518638216531902 1
35 23 1.4346625681183898 1
12 16 2.574836982024013 1
11 24 1.4346625681183898 1
9 24 0.5181550542899774 1
11 26 1.8626419592629413 1
27 36 1.8306104706098087 1
5 13 2.574836982024013 1
29 22 2.341681953932289 1
29 37 1.5204824599919968 1
14 22 1.8543377546204012 1
4 37 0.6606851953374354 1
25 27 1.045630193236076 1
23 29 0.4142809311761813 1
35 26 1.5204824599919968 1
10 7 0.31961585322723524 1
21 38 1.5204824599919968 1
7 22 1.045630193236076 1
9 7 0.4518638216531902 1
27 2 2.341681953932289 1
7 23 0.31961585322723524 1
22 4 0.6606851953374354 1
26 8 0.4142809311761813 1
8 4 2.574836982024013 1
23 9 0.6606851953374354 1
13 7 1.8626419592629413 1
13 8 1.8306104706098087 1
21 1 0.4202676150502109 1
31 24 0.4202676150502109 1
23 23 0.6606851953374354 1
17 25 1.8626419592629413 1
1 28 1.8626419592629413 1
2 34 0.6606851953374354 1
39 39 1.045630193236076 1
32 2 0.4518638216531902 1
9 32 1.4346625681183898 1
29 14 1.045630193236076 1
12 15 1.4346625681183898 1
38 35 0.4202676150502109 1
11 35 0.4518638216531902 1
33 31 0.31961585322723524 1
27 30 1.4346625681183898 1
15 38 1.045630193236076 1
1 4 1.5204824599919968 1
31 5 0.4518638216531902 1
2 1 1.5204824599919968 1
35 30 0.5181550542899774 1
17 12 1.1200432714506303 1
34 32 2.02253412315468 1
18 31 1.8543377546204012 1
14 12 1.1200432714506303 1
3 24 1.8626419592629413 1
37 12 1.1200432714506303 1
2 4 2.341681953932289 1
10 37 1.8306104706098087 1
22 25 1.1200432714506303 1
23 27 0.4154391840750011 1
18 0 1.1200432714506303 1
12 0 1.1200432714506303 1
19 13 0.4202676150502109 1
31 27 0.7535492018748609 1
21 16 1.1200432714506303 1
18 27 1.8543377546204012 1
5 19 0.4518638216531902 1
3 2 1.4346625681183898 1
19 10 1.5204824599919968 1
39 28 0.7535492018748609 1
12 14 2.341681953932289 1
17 37 0.31961585322723524 1
25 13 2.574836982024013 1
25 29 1.4346625681183898 1
39 6 1.5204824599919968 1
19 12 0.4518638216531902 1
25 12 0.31961585322723524 1
25 15 0.4518638216531902 1
4 4 1.5204824599919968 1
12 17 1.8626419592629413 1
10 24 0.4518638216531902 1
19 15 2.341681953932289 1
33 11 0.4518638216531902 1
22 0 0.6606851953374354 1
9 36 0.4518638216531902 1
31 12 2.02253412315468 1
35 0 0.4154391840750011 1
30 7 0.4142809311761813 1
28 29 0.4142809311761813 1
2 16 0.4154391840750011 1
14 3 1.8543377546204012 1
32 22 1.8306104706098087 1
18 16 1.8543377546204012 1
24 29 0.31961585322723524 1
3 38 2.341681953932289 1
16 25 0.5181550542899774 1
15 16 1.5204824599919968 1
27 33 0.7535492018748609 1
2 18 0.4142809311761813 1
11 37 1.1200432714506303 1
34 37 1.8626419592629413 1
31 2 1.5204824599919968 1
33 27 1.8626419592629413 1
16 13 2.02253412315468 1
28 21 2.341681953932289 1
22 32 1.1200432714506303 1
30 30 1.8306104706098087 1
25 26 0.7535492018748609 1
32 24 1.5204824599919968 1
3 15 2.02253412315468 1
5 36 1.5204824599919968 1
15 10 0.6606851953374354 1
21 26 1.8306104706098087 1
4 9 0.4202676150502109 1
20 32 0.7535492018748609 1
18 37 1.8543377546204012 1
28 16 1.8543377546204012 1
14 27 0.5181550542899774 1
10 30 0.7535492018748609 1
5 21 2.02253412315468 1
27 21 0.4518638216531902 1
2 30 0.4202676150502109 1
2 33 0.4202676150502109 1
37 15 0.4202676150502109 1
4 12 0.7535492018748609 1
21 28 0.31961585322723524 1
30 22 1.8626419592629413 1
5 28 0.6606851953374354 1
10 1 0.31961585322723524 1
21 19 0.4518638216531902 1
38 37 0.4202676150502109 1
25 22 2.574836982024013 1
13 26 0.31961585322723524 1
19 25 0.4154391840750011 1
9 22 0.7535492018748609 1
14 36 0.7535492018748609 1
34 22 0.4518638216531902 1
26 15 1.1200432714506303 1
34 35 0.4202676150502109 1
14 4 1.045630193236076 1
21 24 1.4346625681183898 1
37 23 0.4202676150502109 1
37 7 0.6606851953374354 1
34 3 2.02253412315468 1
31 17 1.5204824599919968 1
13 36 1.8626419592629413 1
27 8 0.4154391840750011 1
7 35 1.8306104706098087 1
8 24 1.8543377546204012 1
17 13 0.31961585322723524 1
32 11 0.7535492018748609 1
25 31 0.4518638216531902 1
18 20 1.4346625681183898 1
26 33 1.4346625681183898 1
27 22 0.4518638216531902 1
28 6 1.1200432714506303 1
2 25 1.8306104706098087 1
1 34 2.574836982024013 1
23 26 1.1200432714506303 1
7 2 0.4154391840750011 1
11 20 1.8626419592629413 1
2 23 0.7535492018748609 1
13 4 0.4202676150502109 1
14 6 1.045630193236076 1
23 35 1.045630193236076 1
33 15 0.4518638216531902 1
34 16 0.6606851953374354 1
17 4 1.4346625681183898 1
39 27 0.4154391840750011 1
27 23 2.574836982024013 1
29 29 1.8626419592629413 1
28 4 0.31961585322723524 1
27 24 2.341681953932289 1
7 39 1.4346625681183898 1
35 9 0.4154391840750011 1
31 18 1.1200432714506303 1
13 3 1.1200432714506303 1
4 30 0.31961585322723524 1
16 14 0.4518638216531902 1
36 26 2.02253412315468 1
12 36 2.341681953932289 1
37 1 1.1200432714506303 1
36 13 2.574836982024013 1
19 39 1.8306104706098087 1
30 13 1.1200432714506303 1
1 17 1.4346625681183898 1
6 6 1.8543377546204012 1
26 35 0.31961585322723524 1
12 20 1.5204824599919968 1
15 19 2.574836982024013 1
3 28 1.8306104706098087 1
0 11 2.341681953932289 1
13 32 0.4518638216531902 1
38 9 1.8626419592629413 1
23 1 0.4518638216531902 1
0 36 1.1200432714506303 1
24 11 2.341681953932289 1
5 3 0.4202676150502109 1
26 16 0.7535492018748609 1
8 0 2.574836982024013 1
33 9 0.4202676150502109 1
36 12 2.02253412315468 1
7 26 1.8626419592629413 1
38 0 1.8543377546204012 1
9 38 2.574836982024013 1
20 1 0.4518638216531902 1
14 31 1.8306104706098087 1
29 11 2.341681953932289 1
17 1 2.341681953932289 1
4 13 0.31961585322723524 1
10 20 0.31961585322723524 1
25 37 0.7535492018748609 1
3 19 0.4142809311761813 1
25 10 1.1200432714506303 1
37 6 2.02253412315468 1
31 14 0.31961585322723524 1
35 24 1.5204824599919968 1
8 36 1.8626419592629413 1
30 9 0.7535492018748609 1
28 5 0.6606851953374354 1
34 10 1.8543377546204012 1
18 8 2.02253412315468 1
6 5 0.4202676150502109 1
15 34 0.7535492018748609 1
0 15 1.8306104706098087 1
34 26 1.5204824599919968 1
0 24 0.4202676150502109 1
27 10 0.6606851953374354 1
26 5 0.6606851953374354 1
38 4 0.4518638216531902 1
25 24 1.1200432714506303 1
12 11 2.574836982024013 1
35 22 1.5204824599919968 1
14 20 0.4142809311761813 1
39 12 1.5204824599919968 1
31 33 0.7535492018748609 1
38 11 1.5204824599919968 1
17 39 1.5204824599919968 1
25 38 1.4346625681183898 1
33 4 0.6606851953374354 1
31 6 0.31961585322723524 1
23 16 0.6606851953374354 1
34 18 1.8626419592629413 1
33 8 0.5181550542899774 1
21 17 0.4142809311761813 1
0 1 0.4142809311761813 1
23 7 0.4518638216531902 1
30 14 1.1200432714506303 1
10 13 0.4518638216531902 1
7 5 1.8306104706098087 1
9 18 0.6606851953374354 1
23 25 0.4518638216531902 1
33 14 0.4154391840750011 1
18 22 0.4154391840750011 1
14 15 1.8543377546204012 1
14 32 0.6606851953374354 1
18 30 0.4154391840750011 1
13 1 0.5181550542899774 1
24 22 0.7535492018748609 1
29 28 1.4346625681183898 1
15 6 0.5181550542899774 1
8 22 2.574836982024013 1
31 7 0.4202676150502109 1
30 36 2.574836982024013 1
31 11 1.8306104706098087 1
24 35 0.4202676150502109 1
39 22 0.4142809311761813 1
10 16 1.5204824599919968 1
11 33 0.7535492018748609 1
10 32 1.045630193236076 1
37 3 0.4202676150502109 1
0 7 0.5181550542899774 1
13 13 0.5181550542899774 1
1 22 1.045630193236076 1
11 6 0.7535492018748609 1
28 25 1.8626419592629413 1
10 14 1.4346625681183898 1
35 7 0.4142809311761813 1
6 14 0.4142809311761813 1
2 7 0.7535492018748609 1
9 21 1.4346625681183898 1
16 24 1.5204824599919968 1
5 2 0.4518638216531902 1
37 10 0.6606851953374354 1
2 29 1.1200432714506303 1
3 20 0.31961585322723524 1
33 16 1.5204824599919968 1
28 32 1.8626419592629413 1
33 3 0.6606851953374354 1
31 13 1.045630193236076 1
4 1 2.02253412315468 1
16 39 0.4518638216531902 1
18 34 2.02253412315468 1
10 38 1.1200432714506303 1
12 5 2.574836982024013 1
14 39 2.341681953932289 1
19 6 1.4346625681183898 1
23 15 0.31961585322723524 1
1 8 0.5181550542899774 1
10 33 0.31961585322723524 1
3 4 2.341681953932289 1
22 22 2.341681953932289 1
3 22 1.8626419592629413 1
26 0 0.6606851953374354 1
31 22 0.4202676150502109 1
0 5 1.045630193236076 1
20 28 1.8306104706098087 1
22 26 1.8306104706098087 1
12 33 0.4518638216531902 1
35 28 0.7535492018748609 1
17 20 0.6606851953374354 1
14 35 0.4142809311761813 1
32 13 2.02253412315468 1
23 13 1.8306104706098087 1
16 38 0.4142809311761813 1
37 22 1.045630193236076 1
37 2 0.31961585322723524 1
38 2 1.1200432714506303 1
10 3 1.8306104706098087 1
34 25 2.341681953932289 1
37 35 0.6606851953374354 1
20 18 0.4142809311761813 1
15 3 1.8626419592629413 1
1 16 1.8306104706098087 1
38 1 0.4518638216531902 1
29 21 1.5204824599919968 1
12 6 0.4154391840750011 1
25 36 0.4202676150502109 1
17 8 2.02253412315468 1
20 16 1.4346625681183898 1
3 23 0.5181550542899774 1
18 15 1.045630193236076 1
10 21 2.574836982024013 1
19 21 0.5181550542899774 1
31 15 1.045630193236076 1
26 11 0.4518638216531902 1
4 33 1.5204824599919968 1
26 39 0.4142809311761813 1
2 11 1.1200432714506303 1
25 39 1.1200432714506303 1
7 25 1.5204824599919968 1
1 12 0.4518638216531902 1
10 12 1.8543377546204012 1
13 17 0.4518638216531902 1
33 1 0.6606851953374354 1
14 9 0.4202676150502109 1
34 15 0.4154391840750011 1
19 1 2.02253412315468 1
6 1 1.5204824599919968 1
11 15 1.8626419592629413 1
20 5 0.4202676150502109 1
31 3 2.02253412315468 1
1 19 0.31961585322723524 1
31 39 0.31961585322723524 1
15 14 0.4518638216531902 1
28 37 1.1200432714506303 1
19 17 1.8543377546204012 1
24 16 0.31961585322723524 1
10 26 0.5181550542899774 1
12 8 0.5181550542899774 1
7 9 1.1200432714506303 1
6 31 1.045630193236076 1
22 6 1.045630193236076 1
20 29 1.4346625681183898 1
9 26 1.5204824599919968 1
19 4 0.4142809311761813 1
3 35 0.5181550542899774 1
14 38 2.02253412315468 1
9 13 0.7535492018748609 1
16 7 0.4154391840750011 1
14 18 2.341681953932289 1
0 28 1.8306104706098087 1
0 18 2.02253412315468 1
28 30 0.7535492018748609 1
38 14 1.8306104706098087 1
0 34 0.6606851953374354 1
0 22 1.8306104706098087 1
1 10 1.4346625681183898 1
32 7 1.045630193236076 1
30 37 1.8306104706098087 1
7 6 2.341681953932289 1
29 7 2.574836982024013 1
38 3 0.5181550542899774 1
21 15 1.5204824599919968 1
6 35 2.574836982024013 1
25 5 1.4346625681183898 1
14 8 1.8306104706098087 1
1 21 2.574836982024013 1
10 11 0.4518638216531902 1
32 17 2.02253412315468 1
18 6 2.574836982024013 1
35 37 1.4346625681183898 1
7 16 0.4154391840750011 1
26 22 0.4518638216531902 1
20 34 0.5181550542899774 1
6 36 0.5181550542899774 1
18 3 0.31961585322723524 1
18 24 1.8626419592629413 1
31 35 0.5181550542899774 1
9 29 1.8626419592629413 1
33 34 2.341681953932289 1
16 35 1.4346625681183898 1
33 35 0.4142809311761813 1
28 10 0.6606851953374354 1
10 29 1.8543377546204012 1
35 20 1.5204824599919968 1
4 26 1.045630193236076 1
30 8 1.4346625681183898 1
38 32 0.4202676150502109 1
22 1 2.02253412315468 1
30 25 1.4346625681183898 1
5 20 2.574836982024013 1
17 27 1.5204824599919968 1
6 30 0.4154391840750011 1
3 16 0.4142809311761813 1
34 31 0.6606851953374354 1
16 15 0.7535492018748609 1
28 26 0.4154391840750011 1
23 17 1.4346625681183898 1
28 20 0.4154391840750011 1
1 24 0.4518638216531902 1
5 35 0.5181550542899774 1
39 8 1.8626419592629413 1
31 37 1.8626419592629413 1
1 38 2.341681953932289 1
29 33 0.4518638216531902 1
10 28 1.8306104706098087 1
1 33 0.7535492018748609 1
29 25 0.4154391840750011 1
5 26 2.574836982024013 1
28 7 1.045630193236076 1
36 33 2.574836982024013 1
39 36 1.045630193236076 1
20 33 0.31961585322723524 1
6 11 1.5204824599919968 1
30 28 1.4346625681183898 1
1 1 1.8543377546204012 1
0 20 2.341681953932289 1
37 13 1.1200432714506303 1
12 24 2.574836982024013 1
15 2 0.7535492018748609 1
25 25 1.1200432714506303 1
25 8 0.4202676150502109 1
37 20 1.1200432714506303 1
12 34 0.4518638216531902 1
25 33 0.4202676150502109 1
3 17 1.8306104706098087 1
27 4 1.4346625681183898 1
2 9 1.1200432714506303 1
13 28 1.8306104706098087 1
37 32 2.574836982024013 1
33 39 1.8306104706098087 1
15 13 0.4518638216531902 1
28 15 1.1200432714506303 1
2 5 1.1200432714506303 1
21 14 2.02253412315468 1
31 28 1.8626419592629413 1
23 14 0.4154391840750011 1
7 21 2.574836982024013 1
9 28 0.7535492018748609 1
1 7 1.4346625681183898 1
35 3 0.4142809311761813 1
14 30 0.4142809311761813 1
36 2 0.6606851953374354 1
32 36 1.045630193236076 1
21 25 0.4518638216531902 1
10 2 0.4142809311761813 1
24 39 2.341681953932289 1
31 21 0.6606851953374354 1
13 27 1.045630193236076 1
12 3 1.8306104706098087 1
29 39 1.1200432714506303 1
1 3 1.1200432714506303 1
29 36 0.4202676150502109 1
32 5 1.8626419592629413 1
24 13 1.4346625681183898 1
21 4 0.4142809311761813 1
30 1 1.4346625681183898 1
5 12 1.4346625681183898 1
16 11 0.4202676150502109 1
32 15 0.5181550542899774 1
15 4 0.31961585322723524 1
33 24 2.02253412315468 1
24 0 0.5181550542899774 1
14 13 2.02253412315468 1
24 32 0.5181550542899774 1
14 33 1.4346625681183898 1
15 37 1.045630193236076 1
19 14 0.31961585322723524 1
12 19 1.5204824599919968 1
1 35 1.5204824599919968 1
30 15 1.1200432714506303 1
12 29 0.7535492018748609 1
5 4 0.4202676150502109 1
9 14 0.7535492018748609 1
21 2 0.31961585322723524 1
32 25 1.8626419592629413 1
31 0 1.8626419592629413 1
38 34 0.4154391840750011 1
12 35 0.5181550542899774 1
38 29 0.4518638216531902 1
39 20 1.045630193236076 1
28 2 0.4518638216531902 1
8 19 0.4202676150502109 1
19 3 2.02253412315468 1
4 7 0.4154391840750011 1
29 15 1.4346625681183898 1
11 25 1.4346625681183898 1
13 20 0.6606851953374354 1
7 3 0.4518638216531902 1
14 25 1.4346625681183898 1
31 4 0.4154391840750011 1
33 32 0.6606851953374354 1
26 9 0.4142809311761813 1
27 28 0.4202676150502109 1
12 21 0.5181550542899774 1
39 38 2.02253412315468 1
37 34 1.1200432714506303 1
3 30 0.4154391840750011 1
26 30 1.8626419592629413 1
24 15 1.045630193236076 1
6 24 0.31961585322723524 1
20 38 1.1200432714506303 1
36 14 0.31961585322723524 1
14 11 1.8306104706098087 1
35 32 1.5204824599919968 1
36 32 1.1200432714506303 1
3 27 0.31961585322723524 1
11 38 0.5181550542899774 1
2 14 0.31961585322723524 1
2 37 1.1200432714506303 1
34 24 1.8543377546204012 1
31 36 0.7535492018748609 1
35 5 1.8306104706098087 1
39 15 0.6606851953374354 1
2 28 1.1200432714506303 1
29 20 2.574836982024013 1
25 2 0.4154391840750011 1
13 16 0.4518638216531902 1
24 31 0.4142809311761813 1
20 37 1.8626419592629413 1
29 12 0.5181550542899774 1
7 4 0.5181550542899774 1
32 33 2.574836982024013 1
17 11 1.8626419592629413 1
8 5 0.4142809311761813 1
34 19 1.1200432714506303 1
27 34 0.31961585322723524 1
0 25 1.8626419592629413 1
10 17 2.02253412315468 1
35 35 2.341681953932289 1
23 22 1.4346625681183898 1
15 32 1.1200432714506303 1
36 9 2.341681953932289 1
21 33 0.6606851953374354 1
28 28 0.4202676150502109 1
36 36 0.4518638216531902 1
9 20 0.4142809311761813 1
35 38 0.5181550542899774 1
10 15 0.4142809311761813 1
8 8 2.02253412315468 1
