0.460851942788,0.002877522205381552
0.921703885576,0.007220620873324216
1.310586279018,0.03957066162915376
1.771438221806,0.08224288176576505
2.232290164594,0.1285566725375959
2.654909908154,0.20882007707020625
3.043792301596,0.3035682262540461
3.504644244384,0.3359215149092785
3.902906062849,0.3766429504680105
4.291788456291,0.430041848819269
4.678904088233,0.44673808112411906
5.139756031020999,0.49142668393615224
5.671564233470999,0.5482844846663848
6.342517894953999,0.6096233412630729
6.7314002883959985,0.622142315100685
7.192252231183998,0.674119745289959
7.614871974743998,0.7079549099206748
8.285825636226999,0.7252292816686748
8.672941268169,0.7685114872077534
9.343894929652,0.7860468497859925
9.80474687244,0.8208118300388119
10.203008690905001,0.8433256343737963
10.625628434465002,0.8618061776654691
11.014510827907001,0.8830539273801898
11.403393221349,0.895098382715476
11.792275614791,0.9080062659446873
12.463229276274001,0.9210739747769261
12.850344908216002,0.931686070168043
13.239227301658001,0.9387479498300939
13.626342933600002,0.9468009708802152
14.158151136050002,0.9538822333026085
14.619003078838002,0.9596969813525196
15.150811281288002,0.9654007597165831
15.573431024848002,0.970264268716713
15.971692843313003,0.9746385444806253
16.432544786101,0.977350856526055
16.964352988551003,0.9797520363210813
17.351468620493,0.9821302257991675
17.749730438958,0.9839654573970504
18.1368460709,0.9857970419339241
18.535107889364998,0.9876282241594803
18.923990282806997,0.9893194257523021
19.455798485257,0.9909102912702334
19.987606687707,0.9921268437193269
20.65856034919,0.9930951706053674
21.08118009275,0.9938867067027979
21.503799836309998,0.9945713471019053
21.926419579869997,0.9951750919651082
22.313535211811995,0.9957137462915048
22.700650843753994,0.9962024804942817
23.161502786541995,0.996679316829262
23.550385179983994,0.996994252514015
23.937500811925993,0.9973081413941967
24.324616443867992,0.9976137702943111
24.72287826233299,0.9978421913104949
25.10999389427499,0.9980429864424267
25.49710952621699,0.998237011927894
25.895371344681987,0.9983905531642635
26.293633163146986,0.9985409447697304
26.680748795088984,0.9986532302911766
27.141600737876985,0.9987589418231653
27.528716369818984,0.998845788430821
28.060524572268985,0.9989273119661479
28.458786390733984,0.9990009074820209
28.881406134293982,0.9990659131556232
29.30402587785398,0.9991283329817867
29.70228769631898,0.9991876816770678
