0.388882393442,0.0027201265050456574
0.775998025384,0.005199649252499475
1.163113657326,0.0059941091346023415
1.5502292892679999,0.012700124295224813
1.9373449212099998,0.030723361576620964
2.324460553152,0.04191428487530757
2.711576185094,0.08392626045849716
3.0986918170360003,0.11625839869268395
3.4858074489780004,0.1281117936901756
3.8729230809200006,0.13925314353759427
4.260038712862,0.1608274422442314
4.647154344804,0.18044648331163193
5.034269976746,0.21178190087142956
5.4213856086879995,0.2146192244782985
5.808501240629999,0.2249918558170484
6.195616872571999,0.2722354102500465
6.5844992660139985,0.2805181771956326
6.973381659455998,0.29475755766977785
7.362264052897998,0.3081098223679238
7.751146446339997,0.32235450396811527
8.140028839781998,0.33909531918201596
8.528911233223997,0.3767074109821862
8.917793626665997,0.40158146493267016
9.306676020107997,0.42295855775851
9.704937838572997,0.4574204332928017
10.103199657037997,0.49600335239163607
10.501461475502998,0.5194722075533449
10.899723293967998,0.5338282853987364
11.322343037527999,0.5777491844116158
11.783194980315999,0.6656495030998493
12.244046923104,0.6706244135855701
12.775855125554,0.6820158888943262
13.174116944019,0.6945579307055383
13.572378762484,0.7051314872380688
13.959494394426,0.7077939108403286
14.357756212891001,0.7109636865759489
14.780375956451001,0.7430302035705659
15.167491588393002,0.7576157808354518
15.556373981835002,0.7609105294214799
15.954635800300002,0.7658275060119757
16.415487743088,0.770403679925274
16.947295945538002,0.7802084731566068
17.33441157748,0.7971270185491304
17.732673395945,0.8015263825916887
18.13093521441,0.8089476568039361
18.518050846351997,0.816880456317546
18.916312664816996,0.8225672186700879
19.314574483281994,0.838742721648086
19.712836301746993,0.8403485498548309
20.099951933688992,0.863410507232944
20.631760136138993,0.8647283393294624
21.054379879698992,0.8659021453216869
21.586188082148993,0.878292618085
21.984449900613992,0.8907649125675314
22.445301843401992,0.8946683128545911
22.84356366186699,0.9121459128057677
23.30441560465499,0.9128850336267512
23.72703534821499,0.9139118109935304
24.14965509177499,0.9275687909903334
24.547916910239987,0.9307950030437566
25.008768853027988,0.9351634287598571
25.431388596587986,0.9468746736048151
25.963196799037988,0.9548077983817241
26.350312430979987,0.954874350205082
27.021266092462987,0.9563644300037626
27.419527910927986,0.963572915631038
27.808410304369986,0.9669515402105613
28.231030047929984,0.9716091508599345
28.653649791489983,0.9722029443643538
29.04076542343198,0.9726490447812485
29.501617366219982,0.9727916134273573
29.92423710977998,0.9731022020568876
30.32249892824498,0.9731208585249842
30.720760746709978,0.9758998181694528
31.109643140151977,0.9759135466321859
31.498525533593977,0.9760633903677269
31.887407927035976,0.9766444641082304
32.274523558977975,0.976794621161535
32.67278537744298,0.9776196325403708
33.07104719590798,0.9776841794577894
33.74200085739098,0.978616590801269
34.12911648933298,0.983957447375611
34.66092469178298,0.9842364337778413
35.08354443534298,0.9843726892620828
35.50616417890298,0.9849309380865818
35.90442599736798,0.9861187131820588
36.29330839080998,0.9865448553189217
36.682190784251986,0.9874484957316343
37.08045260271699,0.9911895499851179
37.541304545504985,0.9914288898640711
37.93018693894699,0.9915701672736587
38.601140600429986,0.9915706407282688
38.98825623237199,0.9919502492320251
39.37713862581399,0.9923999540606478
39.83799056860199,0.9934511703327206
40.23625238706699,0.9938490244340132
40.63451420553199,0.9938610105458492
41.05713394909199,0.9949765770098118
41.446016342533994,0.995347183482903
41.844278160998996,0.9953477049626089
42.242539979464,0.9955661812566455
42.631422372906,0.9950856864886746
43.092274315694,0.9957541139283463
43.514894059254,0.9947819869315642
43.937513802813996,0.9946319231209226
44.335775621279,0.994681498352219
44.758395364839,0.994559207742353
45.156657183304,0.9948998509091893
45.545539576746,0.9949912810220476
45.968159320306,0.9953430840512987
46.499967522756,0.9954487376156275
46.960819465544,0.9945966119159071
47.383439209104,0.9952592942084421
47.844291151891994,0.9931138288069574
48.242552970356996,0.9925915033357369
48.70340491314499,0.9917039921741246
49.12602465670499,0.991347401104391
49.58687659949299,0.9927585839036999
49.97575899293499,0.9939819565445354
