0.387115631942,0.007846878321117872
0.809735375502,0.02750732244242577
1.198617768944,0.06041445071829771
1.596879587409,0.10992003422703153
1.985761980851,0.17266538338728904
2.374644374293,0.24094105639562774
2.7617600062350003,0.3117420832017099
3.2226119490230003,0.3931747473751013
3.6208737674880003,0.45172210244803157
4.081725710276,0.5007046687370899
4.504345453836001,0.5435159645006129
4.965197396624001,0.5832182068292482
5.352313028566001,0.6128421196930338
5.813164971354,0.6453481524081154
6.274016914142001,0.6770945072178876
6.734868856930001,0.7037565436838988
7.123751250372001,0.7239366104900995
7.522013068837001,0.7455071745262961
7.909128700779001,0.7636373410893147
8.307390519244,0.7819424885387201
8.768242462032001,0.8019146435183082
9.155358093974002,0.8201358470882681
9.544240487416001,0.836630260263467
9.931356119358002,0.8530415674080708
10.353975862918002,0.8679753583429226
10.742858256360002,0.8807596886275266
11.129973888302002,0.8930187329778826
11.528235706767003,0.9044121220575105
11.917118100209002,0.9146036902898455
12.377970042997003,0.9256274822509544
12.766852436439002,0.9346777989052526
13.189472179999003,0.9448129451407967
13.612091923559003,0.9512743246807518
13.999207555501004,0.9566390068036228
14.397469373966004,0.9613102493799923
14.795731192431004,0.9651035340150759
15.218350935991005,0.968535102145399
15.607233329433004,0.9715683304965299
16.005495147898003,0.9746366505057449
16.392610779840002,0.9771137057138093
16.781493173282,0.9795363158030369
17.242345116070002,0.9821761057802159
17.703197058858002,0.9841992400406048
18.101458877323,0.9857821820291022
18.488574509265,0.9872231424743398
19.020382711715,0.9890883913299935
19.691336373198002,0.9913370871111822
20.08021876664,0.9924730528587398
20.541070709428002,0.9934988832229887
20.92818634137,0.9941040319345431
21.315301973312,0.9946490365160273
21.702417605254,0.9951817121008519
22.234225807704,0.995756597464752
22.621341439646,0.9961222018822441
23.043961183205997,0.9965156901637662
23.575769385656,0.996926174966106
24.107577588106,0.9973270974351248
24.530197331666,0.99756781643519
24.919079725108,0.9977853032937503
25.341699468667997,0.997960875578765
25.739961287132996,0.9981060383849985
26.162581030692994,0.9982471901819405
26.623432973480995,0.9984003918485206
27.155241175930996,0.9985668290746088
27.553502994395995,0.9986662894473759
28.224456655878996,0.9988134522996996
28.895410317361996,0.998943669687218
29.427218519811998,0.9990349776241128
29.849838263371996,0.9990989235590862
