0.387115631942,0.00015729323134115085
0.84796757473,0.0029986746646976513
1.235083206672,0.014130537656983303
1.69593514946,0.020579151284825615
2.083050781402,0.039275340219078705
2.505670524962,0.03994504133817745
3.037478727412,0.06794965584117277
3.426361120854,0.10421155892454766
3.824622939319,0.1230015833436701
4.495576600802,0.14994014305672376
4.893838419267,0.16180906898190062
5.425646621717,0.1820977798882184
5.8239084401820005,0.19684927404626312
6.494862101665,0.21559371107236253
6.955714044453,0.26214325411604056
7.342829676395,0.2763038267401769
7.74109149486,0.2960463446884769
8.129973888302,0.3109914636565392
8.517089520244001,0.3501925660246423
8.904205152186002,0.35526167234161776
9.326824895746002,0.3615806447053235
9.787676838534002,0.41357589173199255
10.176559231976002,0.4408921356379101
10.565441625418002,0.4615534070384772
11.026293568206002,0.47116389767296785
11.558101770656002,0.4787076226368062
11.956363589121002,0.4873417324448005
12.488171791571002,0.49956391195042316
12.910791535131002,0.5115311278003347
13.371643477919003,0.5353820708386265
14.042597139402003,0.5630455455054932
14.574405341852003,0.5838712713574077
14.997025085412004,0.5921422395136575
15.395286903877004,0.5976043876097745
15.793548722342004,0.606895684470552
16.191810540807005,0.6292753850168166
16.723618743257006,0.6422674226865662
17.146238486817005,0.6453176240599974
17.607090429605005,0.7128378803100408
18.138898632055007,0.713362076984154
18.527781025497006,0.7242005687601945
18.916663418939006,0.7268217050177008
19.587617080422007,0.7387681020009192
19.976499473864006,0.7476729816787233
20.374761292329005,0.7568124993304273
20.797381035889003,0.7593843585910445
21.184496667831002,0.7703130408340993
21.607116411391,0.7741891878005417
22.005378229856,0.7787116432495638
22.392493861798,0.7888610057463601
22.781376255239998,0.7901366465171278
23.168491887181997,0.7927362602853606
23.591111630741995,0.7991776466731408
23.989373449206994,0.8056086067676449
24.660327110689995,0.8067702329167844
25.058588929154993,0.8086590284492463
25.447471322596993,0.8265899748357766
26.118424984079994,0.8497319199319338
26.516686802544992,0.8602547415945112
26.90380243448699,0.8664965865046461
27.29091806642899,0.8668678457867947
27.67803369837099,0.8771052558138506
28.100653441930987,0.8772252020481821
28.63246164438099,0.8796048534603269
29.030723462845987,0.880996986280201
29.701677124328988,0.8865359852368037
30.23348532677899,0.8877176456273097
30.62236772022099,0.905570702856891
31.044987463780988,0.9060276024492132
31.432103095722987,0.912670119144583
31.854722839282985,0.9217513087064859
32.24360523272499,0.9226846012171442
32.66622497628499,0.9239065475693516
33.19803317873499,0.9267317234362028
33.868986840217985,0.9268083068677431
34.26724865868299,0.9321963129093003
34.66551047714799,0.9352543961954543
35.05439287058999,0.9417436646326256
35.72534653207299,0.9466630763622201
36.18619847486099,0.9565641122955301
36.647050417648984,0.9573712899520156
37.10790236043698,0.962388060356707
37.496784753878984,0.9628288456096326
38.028592956328986,0.9670158845028127
38.48944489911698,0.9714946062180643
38.878327292558986,0.9716441067846108
39.27658911102399,0.9733485048278906
39.947542772506985,0.9733663729228192
40.37016251606698,0.9763889273369413
40.901970718516985,0.976591014445713
41.57292437999998,0.9766606203138987
41.99554412355998,0.9766751787145228
42.45639606634798,0.9766772874759619
42.917248009135974,0.9771067904406567
43.58820167061897,0.9773146012155869
44.25915533210197,0.9774690946475032
44.79096353455197,0.9803316688695547
45.18922535301697,0.9807522695675162
45.576340984958975,0.9811766901625317
46.03719292774697,0.9812069773350666
46.426075321188975,0.9784731114189436
46.84869506474897,0.9788673036492221
47.23757745819098,0.978543094365259
47.63583927665598,0.978579335415886
48.16764747910598,0.9806675347797948
48.59026722266598,0.9814188514651851
49.01288696622598,0.9803432577609468
49.40000259816798,0.9803429269395065
49.86085454095598,0.9808034525820207
