2.422859631594464 0.0 0.7272727272727273
2.1294531232812264 0.0 0.058823529411764705
3.146345606580761 0.35294117647058826 0.11764705882352941
1.5137965576444674 0.15 0.05
1.948183633435895 0.0 0.4166666666666667
1.690938988721695 0.2 0.06666666666666667
3.8576189222381427 0.07142857142857142 0.5
1.5643915862287792 0.0 0.16666666666666666
1.9069689176588949 0.14285714285714285 0.07142857142857142
1.3878252345884092 0.0 0.07142857142857142
1.6382954287907565 0.0 0.07692307692307693
1.915061896951001 0.0 0.7692307692307693
2.2499559830966422 0.0 0.75
2.2412889502731854 0.0 0.36363636363636365
1.99651857944237 0.0 0.46153846153846156
2.083349120011004 0.21052631578947367 0.10526315789473684
2.812041082060576 0.21428571428571427 0.07142857142857142
2.902194217058042 0.058823529411764705 0.17647058823529413
2.517752324906486 0.3888888888888889 0.16666666666666666
1.9626812689585507 0.5 0.2857142857142857

